0.000000000000000000e+00
1.252609603340292255e-01
2.505219206680584509e-01
3.757828810020876764e-01
5.010438413361169019e-01
6.263048016701461274e-01
7.515657620041753528e-01
8.768267223382045783e-01
1.002087682672233804e+00
1.127348643006262918e+00
1.252609603340292255e+00
1.377870563674321591e+00
1.503131524008350706e+00
1.628392484342379820e+00
1.753653444676409157e+00
1.878914405010438493e+00
2.004175365344467608e+00
2.129436325678496722e+00
2.254697286012525836e+00
2.379958246346555395e+00
2.505219206680584509e+00
2.630480167014613624e+00
2.755741127348643182e+00
2.881002087682672297e+00
3.006263048016701411e+00
3.131524008350730526e+00
3.256784968684759640e+00
3.382045929018789199e+00
3.507306889352818313e+00
3.632567849686847428e+00
3.757828810020876986e+00
3.883089770354906101e+00
4.008350730688935215e+00
4.133611691022964330e+00
4.258872651356993444e+00
4.384133611691022558e+00
4.509394572025051673e+00
4.634655532359081676e+00
4.759916492693110790e+00
4.885177453027139904e+00
5.010438413361169019e+00
5.135699373695198133e+00
5.260960334029227248e+00
5.386221294363256362e+00
5.511482254697286365e+00
5.636743215031315479e+00
5.762004175365344594e+00
5.887265135699373708e+00
6.012526096033402823e+00
6.137787056367431937e+00
6.263048016701461052e+00
6.388308977035490166e+00
6.513569937369519280e+00
6.638830897703549283e+00
6.764091858037578398e+00
6.889352818371607512e+00
7.014613778705636626e+00
7.139874739039665741e+00
7.265135699373694855e+00
7.390396659707723970e+00
7.515657620041753972e+00
7.640918580375783087e+00
7.766179540709812201e+00
7.891440501043841316e+00
8.016701461377870430e+00
8.141962421711900433e+00
8.267223382045928659e+00
8.392484342379958662e+00
8.517745302713986888e+00
8.643006263048016891e+00
8.768267223382045117e+00
8.893528183716075119e+00
9.018789144050103346e+00
9.144050104384133348e+00
9.269311064718163351e+00
9.394572025052191577e+00
9.519832985386221580e+00
9.645093945720249806e+00
9.770354906054279809e+00
9.895615866388308035e+00
1.002087682672233804e+01
1.014613778705636804e+01
1.027139874739039627e+01
1.039665970772442627e+01
1.052192066805845450e+01
1.064718162839248450e+01
1.077244258872651272e+01
1.089770354906054273e+01
1.102296450939457273e+01
1.114822546972860096e+01
1.127348643006263096e+01
1.139874739039665918e+01
1.152400835073068919e+01
1.164926931106471741e+01
1.177453027139874742e+01
1.189979123173277564e+01
1.202505219206680565e+01
1.215031315240083565e+01
1.227557411273486387e+01
1.240083507306889388e+01
1.252609603340292210e+01
1.265135699373695211e+01
1.277661795407098033e+01
1.290187891440501033e+01
1.302713987473903856e+01
1.315240083507306856e+01
1.327766179540709857e+01
1.340292275574112679e+01
1.352818371607515680e+01
1.365344467640918502e+01
1.377870563674321502e+01
1.390396659707724325e+01
1.402922755741127325e+01
1.415448851774530326e+01
1.427974947807933148e+01
1.440501043841336148e+01
1.453027139874738971e+01
1.465553235908141971e+01
1.478079331941544794e+01
1.490605427974947794e+01
1.503131524008350794e+01
1.515657620041753617e+01
1.528183716075156617e+01
1.540709812108559440e+01
1.553235908141962440e+01
1.565762004175365263e+01
1.578288100208768263e+01
1.590814196242171086e+01
1.603340292275574086e+01
1.615866388308976909e+01
1.628392484342380087e+01
1.640918580375782909e+01
1.653444676409185732e+01
1.665970772442588554e+01
1.678496868475991732e+01
1.691022964509394555e+01
1.703549060542797378e+01
1.716075156576200555e+01
1.728601252609603378e+01
1.741127348643006201e+01
1.753653444676409023e+01
1.766179540709812201e+01
1.778705636743215024e+01
1.791231732776617847e+01
1.803757828810020669e+01
1.816283924843423847e+01
1.828810020876826670e+01
1.841336116910229492e+01
1.853862212943632670e+01
1.866388308977035493e+01
1.878914405010438315e+01
1.891440501043841138e+01
1.903966597077244316e+01
1.916492693110647139e+01
1.929018789144049961e+01
1.941544885177453139e+01
1.954070981210855962e+01
1.966597077244258784e+01
1.979123173277661607e+01
1.991649269311064785e+01
2.004175365344467608e+01
2.016701461377870430e+01
2.029227557411273608e+01
2.041753653444676431e+01
2.054279749478079253e+01
2.066805845511482076e+01
2.079331941544885254e+01
2.091858037578288076e+01
2.104384133611690899e+01
2.116910229645094077e+01
2.129436325678496900e+01
2.141962421711899722e+01
2.154488517745302545e+01
2.167014613778705723e+01
2.179540709812108545e+01
2.192066805845511368e+01
2.204592901878914546e+01
2.217118997912317369e+01
2.229645093945720191e+01
2.242171189979123014e+01
2.254697286012526192e+01
2.267223382045929014e+01
2.279749478079331837e+01
2.292275574112734660e+01
2.304801670146137837e+01
2.317327766179540660e+01
2.329853862212943483e+01
2.342379958246346661e+01
2.354906054279749483e+01
2.367432150313152306e+01
2.379958246346555129e+01
2.392484342379958306e+01
2.405010438413361129e+01
2.417536534446763952e+01
2.430062630480167130e+01
2.442588726513569952e+01
2.455114822546972775e+01
2.467640918580375597e+01
2.480167014613778775e+01
2.492693110647181598e+01
2.505219206680584421e+01
2.517745302713987599e+01
2.530271398747390421e+01
2.542797494780793244e+01
2.555323590814196066e+01
2.567849686847599244e+01
2.580375782881002067e+01
2.592901878914404890e+01
2.605427974947807712e+01
2.617954070981210890e+01
2.630480167014613713e+01
2.643006263048016535e+01
2.655532359081419713e+01
2.668058455114822536e+01
2.680584551148225358e+01
2.693110647181628181e+01
2.705636743215031359e+01
2.718162839248434182e+01
2.730688935281837004e+01
2.743215031315240182e+01
2.755741127348643005e+01
2.768267223382045827e+01
2.780793319415448650e+01
2.793319415448851828e+01
2.805845511482254651e+01
2.818371607515657473e+01
2.830897703549060651e+01
2.843423799582463474e+01
2.855949895615866296e+01
2.868475991649269119e+01
2.881002087682672297e+01
2.893528183716075119e+01
2.906054279749477942e+01
2.918580375782881120e+01
2.931106471816283943e+01
2.943632567849686765e+01
2.956158663883089588e+01
2.968684759916492766e+01
2.981210855949895588e+01
2.993736951983298411e+01
3.006263048016701589e+01
3.018789144050104412e+01
3.031315240083507234e+01
3.043841336116910057e+01
3.056367432150313235e+01
3.068893528183716057e+01
3.081419624217118880e+01
3.093945720250521703e+01
3.106471816283924881e+01
3.118997912317327703e+01
3.131524008350730526e+01
3.144050104384133704e+01
3.156576200417536526e+01
3.169102296450939349e+01
3.181628392484342172e+01
3.194154488517745349e+01
3.206680584551148172e+01
3.219206680584551350e+01
3.231732776617953817e+01
3.244258872651356995e+01
3.256784968684760173e+01
3.269311064718162640e+01
3.281837160751565818e+01
3.294363256784968286e+01
3.306889352818371464e+01
3.319415448851774642e+01
3.331941544885177109e+01
3.344467640918580287e+01
3.356993736951983465e+01
3.369519832985385932e+01
3.382045929018789110e+01
3.394572025052192288e+01
3.407098121085594755e+01
3.419624217118997933e+01
3.432150313152401111e+01
3.444676409185803578e+01
3.457202505219206756e+01
3.469728601252609224e+01
3.482254697286012401e+01
3.494780793319415579e+01
3.507306889352818047e+01
3.519832985386221225e+01
3.532359081419624403e+01
3.544885177453026870e+01
3.557411273486430048e+01
3.569937369519833226e+01
3.582463465553235693e+01
3.594989561586638871e+01
3.607515657620041338e+01
3.620041753653444516e+01
3.632567849686847694e+01
3.645093945720250161e+01
3.657620041753653339e+01
3.670146137787056517e+01
3.682672233820458985e+01
3.695198329853862163e+01
3.707724425887265340e+01
3.720250521920667808e+01
3.732776617954070986e+01
3.745302713987474164e+01
3.757828810020876631e+01
3.770354906054279809e+01
3.782881002087682276e+01
3.795407098121085454e+01
3.807933194154488632e+01
3.820459290187891099e+01
3.832985386221294277e+01
3.845511482254697455e+01
3.858037578288099922e+01
3.870563674321503100e+01
3.883089770354906278e+01
3.895615866388308746e+01
3.908141962421711924e+01
3.920668058455115101e+01
3.933194154488517569e+01
3.945720250521920747e+01
3.958246346555323214e+01
3.970772442588726392e+01
3.983298538622129570e+01
3.995824634655532037e+01
4.008350730688935215e+01
4.020876826722338393e+01
4.033402922755740860e+01
4.045929018789144038e+01
4.058455114822547216e+01
4.070981210855949683e+01
4.083507306889352861e+01
4.096033402922755329e+01
4.108559498956158507e+01
4.121085594989561685e+01
4.133611691022964152e+01
4.146137787056367330e+01
4.158663883089770508e+01
4.171189979123172975e+01
4.183716075156576153e+01
4.196242171189979331e+01
4.208768267223381798e+01
4.221294363256784976e+01
4.233820459290188154e+01
4.246346555323590621e+01
4.258872651356993799e+01
4.271398747390396267e+01
4.283924843423799445e+01
4.296450939457202622e+01
4.308977035490605090e+01
4.321503131524008268e+01
4.334029227557411446e+01
4.346555323590813913e+01
4.359081419624217091e+01
4.371607515657620269e+01
4.384133611691022736e+01
4.396659707724425914e+01
4.409185803757829092e+01
4.421711899791231559e+01
4.434237995824634737e+01
4.446764091858037204e+01
4.459290187891440382e+01
4.471816283924843560e+01
4.484342379958246028e+01
4.496868475991649206e+01
4.509394572025052383e+01
4.521920668058454851e+01
4.534446764091858029e+01
4.546972860125261207e+01
4.559498956158663674e+01
4.572025052192066852e+01
4.584551148225469319e+01
4.597077244258872497e+01
4.609603340292275675e+01
4.622129436325678142e+01
4.634655532359081320e+01
4.647181628392484498e+01
4.659707724425886965e+01
4.672233820459290143e+01
4.684759916492693321e+01
4.697286012526095789e+01
4.709812108559498967e+01
4.722338204592902144e+01
4.734864300626304612e+01
4.747390396659707790e+01
4.759916492693110257e+01
4.772442588726513435e+01
4.784968684759916613e+01
4.797494780793319080e+01
4.810020876826722258e+01
4.822546972860125436e+01
4.835073068893527903e+01
4.847599164926931081e+01
4.860125260960334259e+01
4.872651356993736727e+01
4.885177453027139904e+01
4.897703549060542372e+01
4.910229645093945550e+01
4.922755741127348728e+01
4.935281837160751195e+01
4.947807933194154373e+01
4.960334029227557551e+01
4.972860125260960018e+01
4.985386221294363196e+01
4.997912317327766374e+01
5.010438413361168841e+01
5.022964509394572019e+01
5.035490605427975197e+01
5.048016701461377664e+01
5.060542797494780842e+01
5.073068893528183310e+01
5.085594989561586488e+01
5.098121085594989665e+01
5.110647181628392133e+01
5.123173277661795311e+01
5.135699373695198489e+01
5.148225469728600956e+01
5.160751565762004134e+01
5.173277661795407312e+01
5.185803757828809779e+01
5.198329853862212957e+01
5.210855949895615424e+01
5.223382045929018602e+01
5.235908141962421780e+01
5.248434237995824247e+01
5.260960334029227425e+01
5.273486430062630603e+01
5.286012526096033071e+01
5.298538622129436249e+01
5.311064718162839426e+01
5.323590814196241894e+01
5.336116910229645072e+01
5.348643006263048250e+01
5.361169102296450717e+01
5.373695198329853895e+01
5.386221294363256362e+01
5.398747390396659540e+01
5.411273486430062718e+01
5.423799582463465185e+01
5.436325678496868363e+01
5.448851774530271541e+01
5.461377870563674009e+01
5.473903966597077186e+01
5.486430062630480364e+01
5.498956158663882832e+01
5.511482254697286010e+01
5.524008350730689187e+01
5.536534446764091655e+01
5.549060542797494833e+01
5.561586638830897300e+01
5.574112734864300478e+01
5.586638830897703656e+01
5.599164926931106123e+01
5.611691022964509301e+01
5.624217118997912479e+01
5.636743215031314946e+01
5.649269311064718124e+01
5.661795407098121302e+01
5.674321503131523770e+01
5.686847599164926947e+01
5.699373695198329415e+01
5.711899791231732593e+01
5.724425887265135771e+01
5.736951983298538238e+01
5.749478079331941416e+01
5.762004175365344594e+01
5.774530271398747061e+01
5.787056367432150239e+01
5.799582463465553417e+01
5.812108559498955884e+01
5.824634655532359062e+01
5.837160751565762240e+01
5.849686847599164707e+01
5.862212943632567885e+01
5.874739039665970353e+01
5.887265135699373531e+01
5.899791231732776708e+01
5.912317327766179176e+01
5.924843423799582354e+01
5.937369519832985532e+01
5.949895615866387999e+01
5.962421711899791177e+01
5.974947807933194355e+01
5.987473903966596822e+01
6.000000000000000000e+01
