0.000000000000000000e+00
1.247851114953671707e-06
1.372636226449038877e-05
1.385114737598575594e-04
1.386362588713529239e-03
1.386487373825024717e-02
1.138648737382502579e-01
2.138648737382502496e-01
3.138648737382502274e-01
4.138648737382502052e-01
5.138648737382501830e-01
6.138648737382501608e-01
7.138648737382501386e-01
8.138648737382501164e-01
9.138648737382500942e-01
1.013864873738250072e+00
1.113864873738250161e+00
1.213864873738250250e+00
1.313864873738250338e+00
1.413864873738250427e+00
1.513864873738250516e+00
1.613864873738250605e+00
1.713864873738250694e+00
1.813864873738250783e+00
1.913864873738250871e+00
2.013864873738250960e+00
2.113864873738251049e+00
2.213864873738251138e+00
2.313864873738251227e+00
2.413864873738251315e+00
2.513864873738251404e+00
2.613864873738251493e+00
2.713864873738251582e+00
2.813864873738251671e+00
2.913864873738251760e+00
3.013864873738251848e+00
3.113864873738251937e+00
3.213864873738252026e+00
3.313864873738252115e+00
3.413864873738252204e+00
3.513864873738252292e+00
3.613864873738252381e+00
3.713864873738252470e+00
3.813864873738252559e+00
3.913864873738252648e+00
4.013864873738252292e+00
4.113864873738251937e+00
4.213864873738251582e+00
4.313864873738251227e+00
4.413864873738250871e+00
4.513864873738250516e+00
4.613864873738250161e+00
4.713864873738249806e+00
4.813864873738249450e+00
4.913864873738249095e+00
5.013864873738248740e+00
5.113864873738248384e+00
5.213864873738248029e+00
5.313864873738247674e+00
5.413864873738247319e+00
5.513864873738246963e+00
5.613864873738246608e+00
5.713864873738246253e+00
5.813864873738245898e+00
5.913864873738245542e+00
6.013864873738245187e+00
6.113864873738244832e+00
6.213864873738244476e+00
6.313864873738244121e+00
6.413864873738243766e+00
6.513864873738243411e+00
6.613864873738243055e+00
6.713864873738242700e+00
6.813864873738242345e+00
6.913864873738241990e+00
7.013864873738241634e+00
7.113864873738241279e+00
7.213864873738240924e+00
7.313864873738240568e+00
7.413864873738240213e+00
7.513864873738239858e+00
7.613864873738239503e+00
7.713864873738239147e+00
7.813864873738238792e+00
7.913864873738238437e+00
8.013864873738238970e+00
8.113864873738238614e+00
8.213864873738238259e+00
8.313864873738237904e+00
8.413864873738237549e+00
8.513864873738237193e+00
8.613864873738236838e+00
8.713864873738236483e+00
8.813864873738236128e+00
8.913864873738235772e+00
9.013864873738235417e+00
9.113864873738235062e+00
9.213864873738234706e+00
9.313864873738234351e+00
9.413864873738233996e+00
9.513864873738233641e+00
9.613864873738233285e+00
9.713864873738232930e+00
9.813864873738232575e+00
9.913864873738232220e+00
1.001386487373823186e+01
1.011386487373823151e+01
1.021386487373823115e+01
1.031386487373823080e+01
1.041386487373823044e+01
1.051386487373823009e+01
1.061386487373822973e+01
1.071386487373822938e+01
1.081386487373822902e+01
1.091386487373822867e+01
1.101386487373822831e+01
1.111386487373822796e+01
1.121386487373822760e+01
1.131386487373822725e+01
1.141386487373822689e+01
1.151386487373822654e+01
1.161386487373822618e+01
1.171386487373822582e+01
1.181386487373822547e+01
1.191386487373822511e+01
1.201386487373822476e+01
1.211386487373822440e+01
1.221386487373822405e+01
1.231386487373822369e+01
1.241386487373822334e+01
1.251386487373822298e+01
1.261386487373822263e+01
1.271386487373822227e+01
1.281386487373822192e+01
1.291386487373822156e+01
1.301386487373822121e+01
1.311386487373822085e+01
1.321386487373822050e+01
1.331386487373822014e+01
1.341386487373821979e+01
1.351386487373821943e+01
1.361386487373821907e+01
1.371386487373821872e+01
1.381386487373821836e+01
1.391386487373821801e+01
1.401386487373821765e+01
1.411386487373821730e+01
1.421386487373821694e+01
1.431386487373821659e+01
1.441386487373821623e+01
1.451386487373821588e+01
1.461386487373821552e+01
1.471386487373821517e+01
1.481386487373821481e+01
1.491386487373821446e+01
1.501386487373821410e+01
1.511386487373821375e+01
1.521386487373821339e+01
1.531386487373821303e+01
1.541386487373821268e+01
1.551386487373821232e+01
1.561386487373821197e+01
1.571386487373821161e+01
1.581386487373821126e+01
1.591386487373821090e+01
1.601386487373821055e+01
1.611386487373821197e+01
1.621386487373821339e+01
1.631386487373821481e+01
1.641386487373821623e+01
1.651386487373821765e+01
1.661386487373821907e+01
1.671386487373822050e+01
1.681386487373822192e+01
1.691386487373822334e+01
1.701386487373822476e+01
1.711386487373822618e+01
1.721386487373822760e+01
1.731386487373822902e+01
1.741386487373823044e+01
1.751386487373823186e+01
1.761386487373823329e+01
1.771386487373823471e+01
1.781386487373823613e+01
1.791386487373823755e+01
1.801386487373823897e+01
1.811386487373824039e+01
1.821386487373824181e+01
1.831386487373824323e+01
1.841386487373824465e+01
1.851386487373824608e+01
1.861386487373824750e+01
1.871386487373824892e+01
1.881386487373825034e+01
1.891386487373825176e+01
1.901386487373825318e+01
1.911386487373825460e+01
1.921386487373825602e+01
1.931386487373825744e+01
1.941386487373825886e+01
1.951386487373826029e+01
1.961386487373826171e+01
1.971386487373826313e+01
1.981386487373826455e+01
1.991386487373826597e+01
2.001386487373826739e+01
2.011386487373826881e+01
2.021386487373827023e+01
2.031386487373827165e+01
2.041386487373827308e+01
2.051386487373827450e+01
2.061386487373827592e+01
2.071386487373827734e+01
2.081386487373827876e+01
2.091386487373828018e+01
2.101386487373828160e+01
2.111386487373828302e+01
2.121386487373828444e+01
2.131386487373828587e+01
2.141386487373828729e+01
2.151386487373828871e+01
2.161386487373829013e+01
2.171386487373829155e+01
2.181386487373829297e+01
2.191386487373829439e+01
2.201386487373829581e+01
2.211386487373829723e+01
2.221386487373829866e+01
2.231386487373830008e+01
2.241386487373830150e+01
2.251386487373830292e+01
2.261386487373830434e+01
2.271386487373830576e+01
2.281386487373830718e+01
2.291386487373830860e+01
2.301386487373831002e+01
2.311386487373831145e+01
2.321386487373831287e+01
2.331386487373831429e+01
2.341386487373831571e+01
2.351386487373831713e+01
2.361386487373831855e+01
2.371386487373831997e+01
2.381386487373832139e+01
2.391386487373832281e+01
2.401386487373832423e+01
2.411386487373832566e+01
2.421386487373832708e+01
2.431386487373832850e+01
2.441386487373832992e+01
2.451386487373833134e+01
2.461386487373833276e+01
2.471386487373833418e+01
2.481386487373833560e+01
2.491386487373833702e+01
2.501386487373833845e+01
2.511386487373833987e+01
2.521386487373834129e+01
2.531386487373834271e+01
2.541386487373834413e+01
2.551386487373834555e+01
2.561386487373834697e+01
2.571386487373834839e+01
2.581386487373834981e+01
2.591386487373835124e+01
2.601386487373835266e+01
2.611386487373835408e+01
2.621386487373835550e+01
2.631386487373835692e+01
2.641386487373835834e+01
2.651386487373835976e+01
2.661386487373836118e+01
2.671386487373836260e+01
2.681386487373836403e+01
2.691386487373836545e+01
2.701386487373836687e+01
2.711386487373836829e+01
2.721386487373836971e+01
2.731386487373837113e+01
2.741386487373837255e+01
2.751386487373837397e+01
2.761386487373837539e+01
2.771386487373837682e+01
2.781386487373837824e+01
2.791386487373837966e+01
2.801386487373838108e+01
2.811386487373838250e+01
2.821386487373838392e+01
2.831386487373838534e+01
2.841386487373838676e+01
2.851386487373838818e+01
2.861386487373838960e+01
2.871386487373839103e+01
2.881386487373839245e+01
2.891386487373839387e+01
2.901386487373839529e+01
2.911386487373839671e+01
2.921386487373839813e+01
2.931386487373839955e+01
2.941386487373840097e+01
2.951386487373840239e+01
2.961386487373840382e+01
2.971386487373840524e+01
2.981386487373840666e+01
2.991386487373840808e+01
3.001386487373840950e+01
3.011386487373841092e+01
3.021386487373841234e+01
3.031386487373841376e+01
3.041386487373841518e+01
3.051386487373841661e+01
3.061386487373841803e+01
3.071386487373841945e+01
3.081386487373842087e+01
3.091386487373842229e+01
3.101386487373842371e+01
3.111386487373842513e+01
3.121386487373842655e+01
3.131386487373842797e+01
3.141386487373842940e+01
3.151386487373843082e+01
3.161386487373843224e+01
3.171386487373843366e+01
3.181386487373843508e+01
3.191386487373843650e+01
3.201386487373843437e+01
3.211386487373843579e+01
3.221386487373843721e+01
3.231386487373843863e+01
3.241386487373844005e+01
3.251386487373844147e+01
3.261386487373844290e+01
3.271386487373844432e+01
3.281386487373844574e+01
3.291386487373844716e+01
3.301386487373844858e+01
3.311386487373845000e+01
3.321386487373845142e+01
3.331386487373845284e+01
3.341386487373845426e+01
3.351386487373845569e+01
3.361386487373845711e+01
3.371386487373845853e+01
3.381386487373845995e+01
3.391386487373846137e+01
3.401386487373846279e+01
3.411386487373846421e+01
3.421386487373846563e+01
3.431386487373846705e+01
3.441386487373846848e+01
3.451386487373846990e+01
3.461386487373847132e+01
3.471386487373847274e+01
3.481386487373847416e+01
3.491386487373847558e+01
3.501386487373847700e+01
3.511386487373847842e+01
3.521386487373847984e+01
3.531386487373848126e+01
3.541386487373848269e+01
3.551386487373848411e+01
3.561386487373848553e+01
3.571386487373848695e+01
3.581386487373848837e+01
3.591386487373848979e+01
3.601386487373849121e+01
3.611386487373849263e+01
3.621386487373849405e+01
3.631386487373849548e+01
3.641386487373849690e+01
3.651386487373849832e+01
3.661386487373849974e+01
3.671386487373850116e+01
3.681386487373850258e+01
3.691386487373850400e+01
3.701386487373850542e+01
3.711386487373850684e+01
3.721386487373850827e+01
3.731386487373850969e+01
3.741386487373851111e+01
3.751386487373851253e+01
3.761386487373851395e+01
3.771386487373851537e+01
3.781386487373851679e+01
3.791386487373851821e+01
3.801386487373851963e+01
3.811386487373852106e+01
3.821386487373852248e+01
3.831386487373852390e+01
3.841386487373852532e+01
3.851386487373852674e+01
3.861386487373852816e+01
3.871386487373852958e+01
3.881386487373853100e+01
3.891386487373853242e+01
3.901386487373853384e+01
3.911386487373853527e+01
3.921386487373853669e+01
3.931386487373853811e+01
3.941386487373853953e+01
3.951386487373854095e+01
3.961386487373854237e+01
3.971386487373854379e+01
3.981386487373854521e+01
3.991386487373854663e+01
4.001386487373854806e+01
4.011386487373854948e+01
4.021386487373855090e+01
4.031386487373855232e+01
4.041386487373855374e+01
4.051386487373855516e+01
4.061386487373855658e+01
4.071386487373855800e+01
4.081386487373855942e+01
4.091386487373856085e+01
4.101386487373856227e+01
4.111386487373856369e+01
4.121386487373856511e+01
4.131386487373856653e+01
4.141386487373856795e+01
4.151386487373856937e+01
4.161386487373857079e+01
4.171386487373857221e+01
4.181386487373857364e+01
4.191386487373857506e+01
4.201386487373857648e+01
4.211386487373857790e+01
4.221386487373857932e+01
4.231386487373858074e+01
4.241386487373858216e+01
4.251386487373858358e+01
4.261386487373858500e+01
4.271386487373858643e+01
4.281386487373858785e+01
4.291386487373858927e+01
4.301386487373859069e+01
4.311386487373859211e+01
4.321386487373859353e+01
4.331386487373859495e+01
4.341386487373859637e+01
4.351386487373859779e+01
4.361386487373859921e+01
4.371386487373860064e+01
4.381386487373860206e+01
4.391386487373860348e+01
4.401386487373860490e+01
4.411386487373860632e+01
4.421386487373860774e+01
4.431386487373860916e+01
4.441386487373861058e+01
4.451386487373861200e+01
4.461386487373861343e+01
4.471386487373861485e+01
4.481386487373861627e+01
4.491386487373861769e+01
4.501386487373861911e+01
4.511386487373862053e+01
4.521386487373862195e+01
4.531386487373862337e+01
4.541386487373862479e+01
4.551386487373862622e+01
4.561386487373862764e+01
4.571386487373862906e+01
4.581386487373863048e+01
4.591386487373863190e+01
4.601386487373863332e+01
4.611386487373863474e+01
4.621386487373863616e+01
4.631386487373863758e+01
4.641386487373863901e+01
4.651386487373864043e+01
4.661386487373864185e+01
4.671386487373864327e+01
4.681386487373864469e+01
4.691386487373864611e+01
4.701386487373864753e+01
4.711386487373864895e+01
4.721386487373865037e+01
4.731386487373865180e+01
4.741386487373865322e+01
4.751386487373865464e+01
4.761386487373865606e+01
4.771386487373865748e+01
4.781386487373865890e+01
4.791386487373866032e+01
4.801386487373866174e+01
4.811386487373866316e+01
4.821386487373866458e+01
4.831386487373866601e+01
4.841386487373866743e+01
4.851386487373866885e+01
4.861386487373867027e+01
4.871386487373867169e+01
4.881386487373867311e+01
4.891386487373867453e+01
4.901386487373867595e+01
4.911386487373867737e+01
4.921386487373867880e+01
4.931386487373868022e+01
4.941386487373868164e+01
4.951386487373868306e+01
4.961386487373868448e+01
4.971386487373868590e+01
4.981386487373868732e+01
4.991386487373868874e+01
5.001386487373869016e+01
5.011386487373869159e+01
5.021386487373869301e+01
5.031386487373869443e+01
5.041386487373869585e+01
5.051386487373869727e+01
5.061386487373869869e+01
5.071386487373870011e+01
5.081386487373870153e+01
5.091386487373870295e+01
5.101386487373870438e+01
5.111386487373870580e+01
5.121386487373870722e+01
5.131386487373870864e+01
5.141386487373871006e+01
5.151386487373871148e+01
5.161386487373871290e+01
5.171386487373871432e+01
5.181386487373871574e+01
5.191386487373871716e+01
5.201386487373871859e+01
5.211386487373872001e+01
5.221386487373872143e+01
5.231386487373872285e+01
5.241386487373872427e+01
5.251386487373872569e+01
5.261386487373872711e+01
5.271386487373872853e+01
5.281386487373872995e+01
5.291386487373873138e+01
5.301386487373873280e+01
5.311386487373873422e+01
5.321386487373873564e+01
5.331386487373873706e+01
5.341386487373873848e+01
5.351386487373873990e+01
5.361386487373874132e+01
5.371386487373874274e+01
5.381386487373874417e+01
5.391386487373874559e+01
5.401386487373874701e+01
5.411386487373874843e+01
5.421386487373874985e+01
5.431386487373875127e+01
5.441386487373875269e+01
5.451386487373875411e+01
5.461386487373875553e+01
5.471386487373875696e+01
5.481386487373875838e+01
5.491386487373875980e+01
5.501386487373876122e+01
5.511386487373876264e+01
5.521386487373876406e+01
5.531386487373876548e+01
5.541386487373876690e+01
5.551386487373876832e+01
5.561386487373876975e+01
5.571386487373877117e+01
5.581386487373877259e+01
5.591386487373877401e+01
5.601386487373877543e+01
5.611386487373877685e+01
5.621386487373877827e+01
5.631386487373877969e+01
5.641386487373878111e+01
5.651386487373878253e+01
5.661386487373878396e+01
5.671386487373878538e+01
5.681386487373878680e+01
5.691386487373878822e+01
5.701386487373878964e+01
5.711386487373879106e+01
5.721386487373879248e+01
5.731386487373879390e+01
5.741386487373879532e+01
5.751386487373879675e+01
5.761386487373879817e+01
5.771386487373879959e+01
5.781386487373880101e+01
5.791386487373880243e+01
5.801386487373880385e+01
5.811386487373880527e+01
5.821386487373880669e+01
5.831386487373880811e+01
5.841386487373880954e+01
5.851386487373881096e+01
5.861386487373881238e+01
5.871386487373881380e+01
5.881386487373881522e+01
5.891386487373881664e+01
5.901386487373881806e+01
5.911386487373881948e+01
5.921386487373882090e+01
5.931386487373882233e+01
5.941386487373882375e+01
5.951386487373882517e+01
5.961386487373882659e+01
5.971386487373882801e+01
5.981386487373882943e+01
5.991386487373883085e+01
6.001386487373883227e+01
6.011386487373883369e+01
6.021386487373883512e+01
6.031386487373883654e+01
6.041386487373883796e+01
6.051386487373883938e+01
6.061386487373884080e+01
6.071386487373884222e+01
6.081386487373884364e+01
6.091386487373884506e+01
6.101386487373884648e+01
6.111386487373884790e+01
6.121386487373884933e+01
6.131386487373885075e+01
6.141386487373885217e+01
6.151386487373885359e+01
6.161386487373885501e+01
6.171386487373885643e+01
6.181386487373885785e+01
6.191386487373885927e+01
6.201386487373886069e+01
6.211386487373886212e+01
6.221386487373886354e+01
6.231386487373886496e+01
6.241386487373886638e+01
6.251386487373886780e+01
6.261386487373886922e+01
6.271386487373887064e+01
6.281386487373887206e+01
6.291386487373887348e+01
6.301386487373887491e+01
6.311386487373887633e+01
6.321386487373887775e+01
6.331386487373887917e+01
6.341386487373888059e+01
6.351386487373888201e+01
6.361386487373888343e+01
6.371386487373888485e+01
6.381386487373888627e+01
6.391386487373888770e+01
6.401386487373888201e+01
6.411386487373887633e+01
6.421386487373887064e+01
6.431386487373886496e+01
6.441386487373885927e+01
6.451386487373885359e+01
6.461386487373884790e+01
6.471386487373884222e+01
6.481386487373883654e+01
6.491386487373883085e+01
6.501386487373882517e+01
6.511386487373881948e+01
6.521386487373881380e+01
6.531386487373880811e+01
6.541386487373880243e+01
6.551386487373879675e+01
6.561386487373879106e+01
6.571386487373878538e+01
6.581386487373877969e+01
6.591386487373877401e+01
6.601386487373876832e+01
6.611386487373876264e+01
6.621386487373875696e+01
6.631386487373875127e+01
6.641386487373874559e+01
6.651386487373873990e+01
6.661386487373873422e+01
6.671386487373872853e+01
6.681386487373872285e+01
6.691386487373871716e+01
6.701386487373871148e+01
6.711386487373870580e+01
6.721386487373870011e+01
6.731386487373869443e+01
6.741386487373868874e+01
6.751386487373868306e+01
6.761386487373867737e+01
6.771386487373867169e+01
6.781386487373866601e+01
6.791386487373866032e+01
6.801386487373865464e+01
6.811386487373864895e+01
6.821386487373864327e+01
6.831386487373863758e+01
6.841386487373863190e+01
6.851386487373862622e+01
6.861386487373862053e+01
6.871386487373861485e+01
6.881386487373860916e+01
6.891386487373860348e+01
6.901386487373859779e+01
6.911386487373859211e+01
6.921386487373858643e+01
6.931386487373858074e+01
6.941386487373857506e+01
6.951386487373856937e+01
6.961386487373856369e+01
6.971386487373855800e+01
6.981386487373855232e+01
6.991386487373854663e+01
7.001386487373854095e+01
7.011386487373853527e+01
7.021386487373852958e+01
7.031386487373852390e+01
7.041386487373851821e+01
7.051386487373851253e+01
7.061386487373850684e+01
7.071386487373850116e+01
7.081386487373849548e+01
7.091386487373848979e+01
7.101386487373848411e+01
7.111386487373847842e+01
7.121386487373847274e+01
7.131386487373846705e+01
7.141386487373846137e+01
7.151386487373845569e+01
7.161386487373845000e+01
7.171386487373844432e+01
7.181386487373843863e+01
7.191386487373843295e+01
7.201386487373842726e+01
7.211386487373842158e+01
7.221386487373841589e+01
7.231386487373841021e+01
7.241386487373840453e+01
7.251386487373839884e+01
7.261386487373839316e+01
7.271386487373838747e+01
7.281386487373838179e+01
7.291386487373837610e+01
7.301386487373837042e+01
7.311386487373836474e+01
7.321386487373835905e+01
7.331386487373835337e+01
7.341386487373834768e+01
7.351386487373834200e+01
7.361386487373833631e+01
7.371386487373833063e+01
7.381386487373832495e+01
7.391386487373831926e+01
7.401386487373831358e+01
7.411386487373830789e+01
7.421386487373830221e+01
7.431386487373829652e+01
7.441386487373829084e+01
7.451386487373828516e+01
7.461386487373827947e+01
7.471386487373827379e+01
7.481386487373826810e+01
7.491386487373826242e+01
7.501386487373825673e+01
7.511386487373825105e+01
7.521386487373824536e+01
7.531386487373823968e+01
7.541386487373823400e+01
7.551386487373822831e+01
7.561386487373822263e+01
7.571386487373821694e+01
7.581386487373821126e+01
7.591386487373820557e+01
7.601386487373819989e+01
7.611386487373819421e+01
7.621386487373818852e+01
7.631386487373818284e+01
7.641386487373817715e+01
7.651386487373817147e+01
7.661386487373816578e+01
7.671386487373816010e+01
7.681386487373815442e+01
7.691386487373814873e+01
7.701386487373814305e+01
7.711386487373813736e+01
7.721386487373813168e+01
7.731386487373812599e+01
7.741386487373812031e+01
7.751386487373811462e+01
7.761386487373810894e+01
7.771386487373810326e+01
7.781386487373809757e+01
7.791386487373809189e+01
7.801386487373808620e+01
7.811386487373808052e+01
7.821386487373807483e+01
7.831386487373806915e+01
7.841386487373806347e+01
7.851386487373805778e+01
7.861386487373805210e+01
7.871386487373804641e+01
7.881386487373804073e+01
7.891386487373803504e+01
7.901386487373802936e+01
7.911386487373802368e+01
7.921386487373801799e+01
7.931386487373801231e+01
7.941386487373800662e+01
7.951386487373800094e+01
7.961386487373799525e+01
7.971386487373798957e+01
7.981386487373798388e+01
7.991386487373797820e+01
8.001386487373797252e+01
8.011386487373796683e+01
8.021386487373796115e+01
8.031386487373795546e+01
8.041386487373794978e+01
8.051386487373794409e+01
8.061386487373793841e+01
8.071386487373793273e+01
8.081386487373792704e+01
8.091386487373792136e+01
8.101386487373791567e+01
8.111386487373790999e+01
8.121386487373790430e+01
8.131386487373789862e+01
8.141386487373789294e+01
8.151386487373788725e+01
8.161386487373788157e+01
8.171386487373787588e+01
8.181386487373787020e+01
8.191386487373786451e+01
8.201386487373785883e+01
8.211386487373785315e+01
8.221386487373784746e+01
8.231386487373784178e+01
8.241386487373783609e+01
8.251386487373783041e+01
8.261386487373782472e+01
8.271386487373781904e+01
8.281386487373781335e+01
8.291386487373780767e+01
8.301386487373780199e+01
8.311386487373779630e+01
8.321386487373779062e+01
8.331386487373778493e+01
8.341386487373777925e+01
8.351386487373777356e+01
8.361386487373776788e+01
8.371386487373776220e+01
8.381386487373775651e+01
8.391386487373775083e+01
8.401386487373774514e+01
8.411386487373773946e+01
8.421386487373773377e+01
8.431386487373772809e+01
8.441386487373772241e+01
8.451386487373771672e+01
8.461386487373771104e+01
8.471386487373770535e+01
8.481386487373769967e+01
8.491386487373769398e+01
8.501386487373768830e+01
8.511386487373768261e+01
8.521386487373767693e+01
8.531386487373767125e+01
8.541386487373766556e+01
8.551386487373765988e+01
8.561386487373765419e+01
8.571386487373764851e+01
8.581386487373764282e+01
8.591386487373763714e+01
8.601386487373763146e+01
8.611386487373762577e+01
8.621386487373762009e+01
8.631386487373761440e+01
8.641386487373760872e+01
8.651386487373760303e+01
8.661386487373759735e+01
8.671386487373759167e+01
8.681386487373758598e+01
8.691386487373758030e+01
8.701386487373757461e+01
8.711386487373756893e+01
8.721386487373756324e+01
8.731386487373755756e+01
8.741386487373755187e+01
8.751386487373754619e+01
8.761386487373754051e+01
8.771386487373753482e+01
8.781386487373752914e+01
8.791386487373752345e+01
8.801386487373751777e+01
8.811386487373751208e+01
8.821386487373750640e+01
8.831386487373750072e+01
8.841386487373749503e+01
8.851386487373748935e+01
8.861386487373748366e+01
8.871386487373747798e+01
8.881386487373747229e+01
8.891386487373746661e+01
8.901386487373746093e+01
8.911386487373745524e+01
8.921386487373744956e+01
8.931386487373744387e+01
8.941386487373743819e+01
8.951386487373743250e+01
8.961386487373742682e+01
8.971386487373742114e+01
8.981386487373741545e+01
8.991386487373740977e+01
9.001386487373740408e+01
9.011386487373739840e+01
9.021386487373739271e+01
9.031386487373738703e+01
9.041386487373738134e+01
9.051386487373737566e+01
9.061386487373736998e+01
9.071386487373736429e+01
9.081386487373735861e+01
9.091386487373735292e+01
9.101386487373734724e+01
9.111386487373734155e+01
9.121386487373733587e+01
9.131386487373733019e+01
9.141386487373732450e+01
9.151386487373731882e+01
9.161386487373731313e+01
9.171386487373730745e+01
9.181386487373730176e+01
9.191386487373729608e+01
9.201386487373729040e+01
9.211386487373728471e+01
9.221386487373727903e+01
9.231386487373727334e+01
9.241386487373726766e+01
9.251386487373726197e+01
9.261386487373725629e+01
9.271386487373725060e+01
9.281386487373724492e+01
9.291386487373723924e+01
9.301386487373723355e+01
9.311386487373722787e+01
9.321386487373722218e+01
9.331386487373721650e+01
9.341386487373721081e+01
9.351386487373720513e+01
9.361386487373719945e+01
9.371386487373719376e+01
9.381386487373718808e+01
9.391386487373718239e+01
9.401386487373717671e+01
9.411386487373717102e+01
9.421386487373716534e+01
9.431386487373715966e+01
9.441386487373715397e+01
9.451386487373714829e+01
9.461386487373714260e+01
9.471386487373713692e+01
9.481386487373713123e+01
9.491386487373712555e+01
9.501386487373711986e+01
9.511386487373711418e+01
9.521386487373710850e+01
9.531386487373710281e+01
9.541386487373709713e+01
9.551386487373709144e+01
9.561386487373708576e+01
9.571386487373708007e+01
9.581386487373707439e+01
9.591386487373706871e+01
9.601386487373706302e+01
9.611386487373705734e+01
9.621386487373705165e+01
9.631386487373704597e+01
9.641386487373704028e+01
9.651386487373703460e+01
9.661386487373702892e+01
9.671386487373702323e+01
9.681386487373701755e+01
9.691386487373701186e+01
9.701386487373700618e+01
9.711386487373700049e+01
9.721386487373699481e+01
9.731386487373698913e+01
9.741386487373698344e+01
9.751386487373697776e+01
9.761386487373697207e+01
9.771386487373696639e+01
9.781386487373696070e+01
9.791386487373695502e+01
9.801386487373694933e+01
9.811386487373694365e+01
9.821386487373693797e+01
9.831386487373693228e+01
9.841386487373692660e+01
9.851386487373692091e+01
9.861386487373691523e+01
9.871386487373690954e+01
9.881386487373690386e+01
9.891386487373689818e+01
9.901386487373689249e+01
9.911386487373688681e+01
9.921386487373688112e+01
9.931386487373687544e+01
9.941386487373686975e+01
9.951386487373686407e+01
9.961386487373685839e+01
9.971386487373685270e+01
9.981386487373684702e+01
9.991386487373684133e+01
1.000138648737368356e+02
1.001138648737368300e+02
1.002138648737368243e+02
1.003138648737368186e+02
1.004138648737368129e+02
1.005138648737368072e+02
1.006138648737368015e+02
1.007138648737367959e+02
1.008138648737367902e+02
1.009138648737367845e+02
1.010138648737367788e+02
1.011138648737367731e+02
1.012138648737367674e+02
1.013138648737367618e+02
1.014138648737367561e+02
1.015138648737367504e+02
1.016138648737367447e+02
1.017138648737367390e+02
1.018138648737367333e+02
1.019138648737367276e+02
1.020138648737367220e+02
1.021138648737367163e+02
1.022138648737367106e+02
1.023138648737367049e+02
1.024138648737366992e+02
1.025138648737366935e+02
1.026138648737366879e+02
1.027138648737366822e+02
1.028138648737366765e+02
1.029138648737366708e+02
1.030138648737366651e+02
1.031138648737366594e+02
1.032138648737366537e+02
1.033138648737366481e+02
1.034138648737366424e+02
1.035138648737366367e+02
1.036138648737366310e+02
1.037138648737366253e+02
1.038138648737366196e+02
1.039138648737366140e+02
1.040138648737366083e+02
1.041138648737366026e+02
1.042138648737365969e+02
1.043138648737365912e+02
1.044138648737365855e+02
1.045138648737365799e+02
1.046138648737365742e+02
1.047138648737365685e+02
1.048138648737365628e+02
1.049138648737365571e+02
1.050138648737365514e+02
1.051138648737365457e+02
1.052138648737365401e+02
1.053138648737365344e+02
1.054138648737365287e+02
1.055138648737365230e+02
1.056138648737365173e+02
1.057138648737365116e+02
1.058138648737365060e+02
1.059138648737365003e+02
1.060138648737364946e+02
1.061138648737364889e+02
1.062138648737364832e+02
1.063138648737364775e+02
1.064138648737364718e+02
1.065138648737364662e+02
1.066138648737364605e+02
1.067138648737364548e+02
1.068138648737364491e+02
1.069138648737364434e+02
1.070138648737364377e+02
1.071138648737364321e+02
1.072138648737364264e+02
1.073138648737364207e+02
1.074138648737364150e+02
1.075138648737364093e+02
1.076138648737364036e+02
1.077138648737363980e+02
1.078138648737363923e+02
1.079138648737363866e+02
1.080138648737363809e+02
1.081138648737363752e+02
1.082138648737363695e+02
1.083138648737363638e+02
1.084138648737363582e+02
1.085138648737363525e+02
1.086138648737363468e+02
1.087138648737363411e+02
1.088138648737363354e+02
1.089138648737363297e+02
1.090138648737363241e+02
1.091138648737363184e+02
1.092138648737363127e+02
1.093138648737363070e+02
1.094138648737363013e+02
1.095138648737362956e+02
1.096138648737362900e+02
1.097138648737362843e+02
1.098138648737362786e+02
1.099138648737362729e+02
1.100138648737362672e+02
1.101138648737362615e+02
1.102138648737362558e+02
1.103138648737362502e+02
1.104138648737362445e+02
1.105138648737362388e+02
1.106138648737362331e+02
1.107138648737362274e+02
1.108138648737362217e+02
1.109138648737362161e+02
1.110138648737362104e+02
1.111138648737362047e+02
1.112138648737361990e+02
1.113138648737361933e+02
1.114138648737361876e+02
1.115138648737361819e+02
1.116138648737361763e+02
1.117138648737361706e+02
1.118138648737361649e+02
1.119138648737361592e+02
1.120138648737361535e+02
1.121138648737361478e+02
1.122138648737361422e+02
1.123138648737361365e+02
1.124138648737361308e+02
1.125138648737361251e+02
1.126138648737361194e+02
1.127138648737361137e+02
1.128138648737361081e+02
1.129138648737361024e+02
1.130138648737360967e+02
1.131138648737360910e+02
1.132138648737360853e+02
1.133138648737360796e+02
1.134138648737360739e+02
1.135138648737360683e+02
1.136138648737360626e+02
1.137138648737360569e+02
1.138138648737360512e+02
1.139138648737360455e+02
1.140138648737360398e+02
1.141138648737360342e+02
1.142138648737360285e+02
1.143138648737360228e+02
1.144138648737360171e+02
1.145138648737360114e+02
1.146138648737360057e+02
1.147138648737360000e+02
1.148138648737359944e+02
1.149138648737359887e+02
1.150138648737359830e+02
1.151138648737359773e+02
1.152138648737359716e+02
1.153138648737359659e+02
1.154138648737359603e+02
1.155138648737359546e+02
1.156138648737359489e+02
1.157138648737359432e+02
1.158138648737359375e+02
1.159138648737359318e+02
1.160138648737359262e+02
1.161138648737359205e+02
1.162138648737359148e+02
1.163138648737359091e+02
1.164138648737359034e+02
1.165138648737358977e+02
1.166138648737358920e+02
1.167138648737358864e+02
1.168138648737358807e+02
1.169138648737358750e+02
1.170138648737358693e+02
1.171138648737358636e+02
1.172138648737358579e+02
1.173138648737358523e+02
1.174138648737358466e+02
1.175138648737358409e+02
1.176138648737358352e+02
1.177138648737358295e+02
1.178138648737358238e+02
1.179138648737358182e+02
1.180138648737358125e+02
1.181138648737358068e+02
1.182138648737358011e+02
1.183138648737357954e+02
1.184138648737357897e+02
1.185138648737357840e+02
1.186138648737357784e+02
1.187138648737357727e+02
1.188138648737357670e+02
1.189138648737357613e+02
1.190138648737357556e+02
1.191138648737357499e+02
1.192138648737357443e+02
1.193138648737357386e+02
1.194138648737357329e+02
1.195138648737357272e+02
1.196138648737357215e+02
1.197138648737357158e+02
1.198138648737357101e+02
1.199138648737357045e+02
1.200138648737356988e+02
1.201138648737356931e+02
1.202138648737356874e+02
1.203138648737356817e+02
1.204138648737356760e+02
1.205138648737356704e+02
1.206138648737356647e+02
1.207138648737356590e+02
1.208138648737356533e+02
1.209138648737356476e+02
1.210138648737356419e+02
1.211138648737356363e+02
1.212138648737356306e+02
1.213138648737356249e+02
1.214138648737356192e+02
1.215138648737356135e+02
1.216138648737356078e+02
1.217138648737356021e+02
1.218138648737355965e+02
1.219138648737355908e+02
1.220138648737355851e+02
1.221138648737355794e+02
1.222138648737355737e+02
1.223138648737355680e+02
1.224138648737355624e+02
1.225138648737355567e+02
1.226138648737355510e+02
1.227138648737355453e+02
1.228138648737355396e+02
1.229138648737355339e+02
1.230138648737355282e+02
1.231138648737355226e+02
1.232138648737355169e+02
1.233138648737355112e+02
1.234138648737355055e+02
1.235138648737354998e+02
1.236138648737354941e+02
1.237138648737354885e+02
1.238138648737354828e+02
1.239138648737354771e+02
1.240138648737354714e+02
1.241138648737354657e+02
1.242138648737354600e+02
1.243138648737354544e+02
1.244138648737354487e+02
1.245138648737354430e+02
1.246138648737354373e+02
1.247138648737354316e+02
1.248138648737354259e+02
1.249138648737354202e+02
1.250138648737354146e+02
1.251138648737354089e+02
1.252138648737354032e+02
1.253138648737353975e+02
1.254138648737353918e+02
1.255138648737353861e+02
1.256138648737353805e+02
1.257138648737353748e+02
1.258138648737353691e+02
1.259138648737353634e+02
1.260138648737353577e+02
1.261138648737353520e+02
1.262138648737353464e+02
1.263138648737353407e+02
1.264138648737353350e+02
1.265138648737353293e+02
1.266138648737353236e+02
1.267138648737353179e+02
1.268138648737353122e+02
1.269138648737353066e+02
1.270138648737353009e+02
1.271138648737352952e+02
1.272138648737352895e+02
1.273138648737352838e+02
1.274138648737352781e+02
1.275138648737352725e+02
1.276138648737352668e+02
1.277138648737352611e+02
1.278138648737352554e+02
1.279138648737352497e+02
1.280138648737352582e+02
1.281138648737352526e+02
1.282138648737352469e+02
1.283138648737352412e+02
1.284138648737352355e+02
1.285138648737352298e+02
1.286138648737352241e+02
1.287138648737352185e+02
1.288138648737352128e+02
1.289138648737352071e+02
1.290138648737352014e+02
1.291138648737351957e+02
1.292138648737351900e+02
1.293138648737351843e+02
1.294138648737351787e+02
1.295138648737351730e+02
1.296138648737351673e+02
1.297138648737351616e+02
1.298138648737351559e+02
1.299138648737351502e+02
1.300138648737351446e+02
1.301138648737351389e+02
1.302138648737351332e+02
1.303138648737351275e+02
1.304138648737351218e+02
1.305138648737351161e+02
1.306138648737351105e+02
1.307138648737351048e+02
1.308138648737350991e+02
1.309138648737350934e+02
1.310138648737350877e+02
1.311138648737350820e+02
1.312138648737350763e+02
1.313138648737350707e+02
1.314138648737350650e+02
1.315138648737350593e+02
1.316138648737350536e+02
1.317138648737350479e+02
1.318138648737350422e+02
1.319138648737350366e+02
1.320138648737350309e+02
1.321138648737350252e+02
1.322138648737350195e+02
1.323138648737350138e+02
1.324138648737350081e+02
1.325138648737350024e+02
1.326138648737349968e+02
1.327138648737349911e+02
1.328138648737349854e+02
1.329138648737349797e+02
1.330138648737349740e+02
1.331138648737349683e+02
1.332138648737349627e+02
1.333138648737349570e+02
1.334138648737349513e+02
1.335138648737349456e+02
1.336138648737349399e+02
1.337138648737349342e+02
1.338138648737349286e+02
1.339138648737349229e+02
1.340138648737349172e+02
1.341138648737349115e+02
1.342138648737349058e+02
1.343138648737349001e+02
1.344138648737348944e+02
1.345138648737348888e+02
1.346138648737348831e+02
1.347138648737348774e+02
1.348138648737348717e+02
1.349138648737348660e+02
1.350138648737348603e+02
1.351138648737348547e+02
1.352138648737348490e+02
1.353138648737348433e+02
1.354138648737348376e+02
1.355138648737348319e+02
1.356138648737348262e+02
1.357138648737348205e+02
1.358138648737348149e+02
1.359138648737348092e+02
1.360138648737348035e+02
1.361138648737347978e+02
1.362138648737347921e+02
1.363138648737347864e+02
1.364138648737347808e+02
1.365138648737347751e+02
1.366138648737347694e+02
1.367138648737347637e+02
1.368138648737347580e+02
1.369138648737347523e+02
1.370138648737347467e+02
1.371138648737347410e+02
1.372138648737347353e+02
1.373138648737347296e+02
1.374138648737347239e+02
1.375138648737347182e+02
1.376138648737347125e+02
1.377138648737347069e+02
1.378138648737347012e+02
1.379138648737346955e+02
1.380138648737346898e+02
1.381138648737346841e+02
1.382138648737346784e+02
1.383138648737346728e+02
1.384138648737346671e+02
1.385138648737346614e+02
1.386138648737346557e+02
1.387138648737346500e+02
1.388138648737346443e+02
1.389138648737346386e+02
1.390138648737346330e+02
1.391138648737346273e+02
1.392138648737346216e+02
1.393138648737346159e+02
1.394138648737346102e+02
1.395138648737346045e+02
1.396138648737345989e+02
1.397138648737345932e+02
1.398138648737345875e+02
1.399138648737345818e+02
1.400138648737345761e+02
1.401138648737345704e+02
1.402138648737345648e+02
1.403138648737345591e+02
1.404138648737345534e+02
1.405138648737345477e+02
1.406138648737345420e+02
1.407138648737345363e+02
1.408138648737345306e+02
1.409138648737345250e+02
1.410138648737345193e+02
1.411138648737345136e+02
1.412138648737345079e+02
1.413138648737345022e+02
1.414138648737344965e+02
1.415138648737344909e+02
1.416138648737344852e+02
1.417138648737344795e+02
1.418138648737344738e+02
1.419138648737344681e+02
1.420138648737344624e+02
1.421138648737344568e+02
1.422138648737344511e+02
1.423138648737344454e+02
1.424138648737344397e+02
1.425138648737344340e+02
1.426138648737344283e+02
1.427138648737344226e+02
1.428138648737344170e+02
1.429138648737344113e+02
1.430138648737344056e+02
1.431138648737343999e+02
1.432138648737343942e+02
1.433138648737343885e+02
1.434138648737343829e+02
1.435138648737343772e+02
1.436138648737343715e+02
1.437138648737343658e+02
1.438138648737343601e+02
1.439138648737343544e+02
1.440138648737343487e+02
1.441138648737343431e+02
1.442138648737343374e+02
1.443138648737343317e+02
1.444138648737343260e+02
1.445138648737343203e+02
1.446138648737343146e+02
1.447138648737343090e+02
1.448138648737343033e+02
1.449138648737342976e+02
1.450138648737342919e+02
1.451138648737342862e+02
1.452138648737342805e+02
1.453138648737342749e+02
1.454138648737342692e+02
1.455138648737342635e+02
1.456138648737342578e+02
1.457138648737342521e+02
1.458138648737342464e+02
1.459138648737342407e+02
1.460138648737342351e+02
1.461138648737342294e+02
1.462138648737342237e+02
1.463138648737342180e+02
1.464138648737342123e+02
1.465138648737342066e+02
1.466138648737342010e+02
1.467138648737341953e+02
1.468138648737341896e+02
1.469138648737341839e+02
1.470138648737341782e+02
1.471138648737341725e+02
1.472138648737341668e+02
1.473138648737341612e+02
1.474138648737341555e+02
1.475138648737341498e+02
1.476138648737341441e+02
1.477138648737341384e+02
1.478138648737341327e+02
1.479138648737341271e+02
1.480138648737341214e+02
1.481138648737341157e+02
1.482138648737341100e+02
1.483138648737341043e+02
1.484138648737340986e+02
1.485138648737340930e+02
1.486138648737340873e+02
1.487138648737340816e+02
1.488138648737340759e+02
1.489138648737340702e+02
1.490138648737340645e+02
1.491138648737340588e+02
1.492138648737340532e+02
1.493138648737340475e+02
1.494138648737340418e+02
1.495138648737340361e+02
1.496138648737340304e+02
1.497138648737340247e+02
1.498138648737340191e+02
1.499138648737340134e+02
1.500138648737340077e+02
1.501138648737340020e+02
1.502138648737339963e+02
1.503138648737339906e+02
1.504138648737339850e+02
1.505138648737339793e+02
1.506138648737339736e+02
1.507138648737339679e+02
1.508138648737339622e+02
1.509138648737339565e+02
1.510138648737339508e+02
1.511138648737339452e+02
1.512138648737339395e+02
1.513138648737339338e+02
1.514138648737339281e+02
1.515138648737339224e+02
1.516138648737339167e+02
1.517138648737339111e+02
1.518138648737339054e+02
1.519138648737338997e+02
1.520138648737338940e+02
1.521138648737338883e+02
1.522138648737338826e+02
1.523138648737338769e+02
1.524138648737338713e+02
1.525138648737338656e+02
1.526138648737338599e+02
1.527138648737338542e+02
1.528138648737338485e+02
1.529138648737338428e+02
1.530138648737338372e+02
1.531138648737338315e+02
1.532138648737338258e+02
1.533138648737338201e+02
1.534138648737338144e+02
1.535138648737338087e+02
1.536138648737338031e+02
1.537138648737337974e+02
1.538138648737337917e+02
1.539138648737337860e+02
1.540138648737337803e+02
1.541138648737337746e+02
1.542138648737337689e+02
1.543138648737337633e+02
1.544138648737337576e+02
1.545138648737337519e+02
1.546138648737337462e+02
1.547138648737337405e+02
1.548138648737337348e+02
1.549138648737337292e+02
1.550138648737337235e+02
1.551138648737337178e+02
1.552138648737337121e+02
1.553138648737337064e+02
1.554138648737337007e+02
1.555138648737336950e+02
1.556138648737336894e+02
1.557138648737336837e+02
1.558138648737336780e+02
1.559138648737336723e+02
1.560138648737336666e+02
1.561138648737336609e+02
1.562138648737336553e+02
1.563138648737336496e+02
1.564138648737336439e+02
1.565138648737336382e+02
1.566138648737336325e+02
1.567138648737336268e+02
1.568138648737336212e+02
1.569138648737336155e+02
1.570138648737336098e+02
1.571138648737336041e+02
1.572138648737335984e+02
1.573138648737335927e+02
1.574138648737335870e+02
1.575138648737335814e+02
1.576138648737335757e+02
1.577138648737335700e+02
1.578138648737335643e+02
1.579138648737335586e+02
1.580138648737335529e+02
1.581138648737335473e+02
1.582138648737335416e+02
1.583138648737335359e+02
1.584138648737335302e+02
1.585138648737335245e+02
1.586138648737335188e+02
1.587138648737335132e+02
1.588138648737335075e+02
1.589138648737335018e+02
1.590138648737334961e+02
1.591138648737334904e+02
1.592138648737334847e+02
1.593138648737334790e+02
1.594138648737334734e+02
1.595138648737334677e+02
1.596138648737334620e+02
1.597138648737334563e+02
1.598138648737334506e+02
1.599138648737334449e+02
1.600138648737334393e+02
1.601138648737334336e+02
1.602138648737334279e+02
1.603138648737334222e+02
1.604138648737334165e+02
1.605138648737334108e+02
1.606138648737334051e+02
1.607138648737333995e+02
1.608138648737333938e+02
1.609138648737333881e+02
1.610138648737333824e+02
1.611138648737333767e+02
1.612138648737333710e+02
1.613138648737333654e+02
1.614138648737333597e+02
1.615138648737333540e+02
1.616138648737333483e+02
1.617138648737333426e+02
1.618138648737333369e+02
1.619138648737333313e+02
1.620138648737333256e+02
1.621138648737333199e+02
1.622138648737333142e+02
1.623138648737333085e+02
1.624138648737333028e+02
1.625138648737332971e+02
1.626138648737332915e+02
1.627138648737332858e+02
1.628138648737332801e+02
1.629138648737332744e+02
1.630138648737332687e+02
1.631138648737332630e+02
1.632138648737332574e+02
1.633138648737332517e+02
1.634138648737332460e+02
1.635138648737332403e+02
1.636138648737332346e+02
1.637138648737332289e+02
1.638138648737332232e+02
1.639138648737332176e+02
1.640138648737332119e+02
1.641138648737332062e+02
1.642138648737332005e+02
1.643138648737331948e+02
1.644138648737331891e+02
1.645138648737331835e+02
1.646138648737331778e+02
1.647138648737331721e+02
1.648138648737331664e+02
1.649138648737331607e+02
1.650138648737331550e+02
1.651138648737331494e+02
1.652138648737331437e+02
1.653138648737331380e+02
1.654138648737331323e+02
1.655138648737331266e+02
1.656138648737331209e+02
1.657138648737331152e+02
1.658138648737331096e+02
1.659138648737331039e+02
1.660138648737330982e+02
1.661138648737330925e+02
1.662138648737330868e+02
1.663138648737330811e+02
1.664138648737330755e+02
1.665138648737330698e+02
1.666138648737330641e+02
1.667138648737330584e+02
1.668138648737330527e+02
1.669138648737330470e+02
1.670138648737330413e+02
1.671138648737330357e+02
1.672138648737330300e+02
1.673138648737330243e+02
1.674138648737330186e+02
1.675138648737330129e+02
1.676138648737330072e+02
1.677138648737330016e+02
1.678138648737329959e+02
1.679138648737329902e+02
1.680138648737329845e+02
1.681138648737329788e+02
1.682138648737329731e+02
1.683138648737329675e+02
1.684138648737329618e+02
1.685138648737329561e+02
1.686138648737329504e+02
1.687138648737329447e+02
1.688138648737329390e+02
1.689138648737329333e+02
1.690138648737329277e+02
1.691138648737329220e+02
1.692138648737329163e+02
1.693138648737329106e+02
1.694138648737329049e+02
1.695138648737328992e+02
1.696138648737328936e+02
1.697138648737328879e+02
1.698138648737328822e+02
1.699138648737328765e+02
1.700138648737328708e+02
1.701138648737328651e+02
1.702138648737328595e+02
1.703138648737328538e+02
1.704138648737328481e+02
1.705138648737328424e+02
1.706138648737328367e+02
1.707138648737328310e+02
1.708138648737328253e+02
1.709138648737328197e+02
1.710138648737328140e+02
1.711138648737328083e+02
1.712138648737328026e+02
1.713138648737327969e+02
1.714138648737327912e+02
1.715138648737327856e+02
1.716138648737327799e+02
1.717138648737327742e+02
1.718138648737327685e+02
1.719138648737327628e+02
1.720138648737327571e+02
1.721138648737327514e+02
1.722138648737327458e+02
1.723138648737327401e+02
1.724138648737327344e+02
1.725138648737327287e+02
1.726138648737327230e+02
1.727138648737327173e+02
1.728138648737327117e+02
1.729138648737327060e+02
1.730138648737327003e+02
1.731138648737326946e+02
1.732138648737326889e+02
1.733138648737326832e+02
1.734138648737326776e+02
1.735138648737326719e+02
1.736138648737326662e+02
1.737138648737326605e+02
1.738138648737326548e+02
1.739138648737326491e+02
1.740138648737326434e+02
1.741138648737326378e+02
1.742138648737326321e+02
1.743138648737326264e+02
1.744138648737326207e+02
1.745138648737326150e+02
1.746138648737326093e+02
1.747138648737326037e+02
1.748138648737325980e+02
1.749138648737325923e+02
1.750138648737325866e+02
1.751138648737325809e+02
1.752138648737325752e+02
1.753138648737325695e+02
1.754138648737325639e+02
1.755138648737325582e+02
1.756138648737325525e+02
1.757138648737325468e+02
1.758138648737325411e+02
1.759138648737325354e+02
1.760138648737325298e+02
1.761138648737325241e+02
1.762138648737325184e+02
1.763138648737325127e+02
1.764138648737325070e+02
1.765138648737325013e+02
1.766138648737324957e+02
1.767138648737324900e+02
1.768138648737324843e+02
1.769138648737324786e+02
1.770138648737324729e+02
1.771138648737324672e+02
1.772138648737324615e+02
1.773138648737324559e+02
1.774138648737324502e+02
1.775138648737324445e+02
1.776138648737324388e+02
1.777138648737324331e+02
1.778138648737324274e+02
1.779138648737324218e+02
1.780138648737324161e+02
1.781138648737324104e+02
1.782138648737324047e+02
1.783138648737323990e+02
1.784138648737323933e+02
1.785138648737323877e+02
1.786138648737323820e+02
1.787138648737323763e+02
1.788138648737323706e+02
1.789138648737323649e+02
1.790138648737323592e+02
1.791138648737323535e+02
1.792138648737323479e+02
1.793138648737323422e+02
1.794138648737323365e+02
1.795138648737323308e+02
1.796138648737323251e+02
1.797138648737323194e+02
1.798138648737323138e+02
1.799138648737323081e+02
1.800138648737323024e+02
1.801138648737322967e+02
1.802138648737322910e+02
1.803138648737322853e+02
1.804138648737322796e+02
1.805138648737322740e+02
1.806138648737322683e+02
1.807138648737322626e+02
1.808138648737322569e+02
1.809138648737322512e+02
1.810138648737322455e+02
1.811138648737322399e+02
1.812138648737322342e+02
1.813138648737322285e+02
1.814138648737322228e+02
1.815138648737322171e+02
1.816138648737322114e+02
1.817138648737322058e+02
1.818138648737322001e+02
1.819138648737321944e+02
1.820138648737321887e+02
1.821138648737321830e+02
1.822138648737321773e+02
1.823138648737321716e+02
1.824138648737321660e+02
1.825138648737321603e+02
1.826138648737321546e+02
1.827138648737321489e+02
1.828138648737321432e+02
1.829138648737321375e+02
1.830138648737321319e+02
1.831138648737321262e+02
1.832138648737321205e+02
1.833138648737321148e+02
1.834138648737321091e+02
1.835138648737321034e+02
1.836138648737320977e+02
1.837138648737320921e+02
1.838138648737320864e+02
1.839138648737320807e+02
1.840138648737320750e+02
1.841138648737320693e+02
1.842138648737320636e+02
1.843138648737320580e+02
1.844138648737320523e+02
1.845138648737320466e+02
1.846138648737320409e+02
1.847138648737320352e+02
1.848138648737320295e+02
1.849138648737320239e+02
1.850138648737320182e+02
1.851138648737320125e+02
1.852138648737320068e+02
1.853138648737320011e+02
1.854138648737319954e+02
1.855138648737319897e+02
1.856138648737319841e+02
1.857138648737319784e+02
1.858138648737319727e+02
1.859138648737319670e+02
1.860138648737319613e+02
1.861138648737319556e+02
1.862138648737319500e+02
1.863138648737319443e+02
1.864138648737319386e+02
1.865138648737319329e+02
1.866138648737319272e+02
1.867138648737319215e+02
1.868138648737319158e+02
1.869138648737319102e+02
1.870138648737319045e+02
1.871138648737318988e+02
1.872138648737318931e+02
1.873138648737318874e+02
1.874138648737318817e+02
1.875138648737318761e+02
1.876138648737318704e+02
1.877138648737318647e+02
1.878138648737318590e+02
1.879138648737318533e+02
1.880138648737318476e+02
1.881138648737318420e+02
1.882138648737318363e+02
1.883138648737318306e+02
1.884138648737318249e+02
1.885138648737318192e+02
1.886138648737318135e+02
1.887138648737318078e+02
1.888138648737318022e+02
1.889138648737317965e+02
1.890138648737317908e+02
1.891138648737317851e+02
1.892138648737317794e+02
1.893138648737317737e+02
1.894138648737317681e+02
1.895138648737317624e+02
1.896138648737317567e+02
1.897138648737317510e+02
1.898138648737317453e+02
1.899138648737317396e+02
1.900138648737317340e+02
1.901138648737317283e+02
1.902138648737317226e+02
1.903138648737317169e+02
1.904138648737317112e+02
1.905138648737317055e+02
1.906138648737316998e+02
1.907138648737316942e+02
1.908138648737316885e+02
1.909138648737316828e+02
1.910138648737316771e+02
1.911138648737316714e+02
1.912138648737316657e+02
1.913138648737316601e+02
1.914138648737316544e+02
1.915138648737316487e+02
1.916138648737316430e+02
1.917138648737316373e+02
1.918138648737316316e+02
1.919138648737316259e+02
1.920138648737316203e+02
1.921138648737316146e+02
1.922138648737316089e+02
1.923138648737316032e+02
1.924138648737315975e+02
1.925138648737315918e+02
1.926138648737315862e+02
1.927138648737315805e+02
1.928138648737315748e+02
1.929138648737315691e+02
1.930138648737315634e+02
1.931138648737315577e+02
1.932138648737315521e+02
1.933138648737315464e+02
1.934138648737315407e+02
1.935138648737315350e+02
1.936138648737315293e+02
1.937138648737315236e+02
1.938138648737315179e+02
1.939138648737315123e+02
1.940138648737315066e+02
1.941138648737315009e+02
1.942138648737314952e+02
1.943138648737314895e+02
1.944138648737314838e+02
1.945138648737314782e+02
1.946138648737314725e+02
1.947138648737314668e+02
1.948138648737314611e+02
1.949138648737314554e+02
1.950138648737314497e+02
1.951138648737314440e+02
1.952138648737314384e+02
1.953138648737314327e+02
1.954138648737314270e+02
1.955138648737314213e+02
1.956138648737314156e+02
1.957138648737314099e+02
1.958138648737314043e+02
1.959138648737313986e+02
1.960138648737313929e+02
1.961138648737313872e+02
1.962138648737313815e+02
1.963138648737313758e+02
1.964138648737313702e+02
1.965138648737313645e+02
1.966138648737313588e+02
1.967138648737313531e+02
1.968138648737313474e+02
1.969138648737313417e+02
1.970138648737313360e+02
1.971138648737313304e+02
1.972138648737313247e+02
1.973138648737313190e+02
1.974138648737313133e+02
1.975138648737313076e+02
1.976138648737313019e+02
1.977138648737312963e+02
1.978138648737312906e+02
1.979138648737312849e+02
1.980138648737312792e+02
1.981138648737312735e+02
1.982138648737312678e+02
1.983138648737312622e+02
1.984138648737312565e+02
1.985138648737312508e+02
1.986138648737312451e+02
1.987138648737312394e+02
1.988138648737312337e+02
1.989138648737312280e+02
1.990138648737312224e+02
1.991138648737312167e+02
1.992138648737312110e+02
1.993138648737312053e+02
1.994138648737311996e+02
1.995138648737311939e+02
1.996138648737311883e+02
1.997138648737311826e+02
1.998138648737311769e+02
1.999138648737311712e+02
2.000000000000000000e+02
