0.000000000000000000e+00
1.000000000000000056e-01
2.000000000000000111e-01
3.000000000000000444e-01
4.000000000000000222e-01
5.000000000000000000e-01
5.999999999999999778e-01
6.999999999999999556e-01
7.999999999999999334e-01
8.999999999999999112e-01
9.999999999999998890e-01
1.099999999999999867e+00
1.199999999999999956e+00
1.300000000000000044e+00
1.400000000000000133e+00
1.500000000000000222e+00
1.600000000000000311e+00
1.700000000000000400e+00
1.800000000000000488e+00
1.900000000000000577e+00
2.000000000000000444e+00
2.100000000000000533e+00
2.200000000000000622e+00
2.300000000000000711e+00
2.400000000000000799e+00
2.500000000000000888e+00
2.600000000000000977e+00
2.700000000000001066e+00
2.800000000000001155e+00
2.900000000000001243e+00
3.000000000000001332e+00
3.100000000000001421e+00
3.200000000000001510e+00
3.300000000000001599e+00
3.400000000000001688e+00
3.500000000000001776e+00
3.600000000000001865e+00
3.700000000000001954e+00
3.800000000000002043e+00
3.900000000000002132e+00
4.000000000000001776e+00
4.100000000000001421e+00
4.200000000000001066e+00
4.300000000000000711e+00
4.400000000000000355e+00
4.500000000000000000e+00
4.599999999999999645e+00
4.699999999999999289e+00
4.799999999999998934e+00
4.899999999999998579e+00
4.999999999999998224e+00
5.099999999999997868e+00
5.199999999999997513e+00
5.299999999999997158e+00
5.399999999999996803e+00
5.499999999999996447e+00
5.599999999999996092e+00
5.699999999999995737e+00
5.799999999999995381e+00
5.899999999999995026e+00
5.999999999999994671e+00
6.099999999999994316e+00
6.199999999999993960e+00
6.231492738296041445e+00
6.278411548280251608e+00
6.283133480978047025e+00
6.285233517841723128e+00
6.287333554705399230e+00
6.308333923342160254e+00
6.408333923342159899e+00
6.508333923342159544e+00
6.608333923342159189e+00
6.708333923342158833e+00
6.808333923342158478e+00
6.908333923342158123e+00
7.008333923342157767e+00
7.108333923342157412e+00
7.208333923342157057e+00
7.308333923342156702e+00
7.408333923342156346e+00
7.508333923342155991e+00
7.608333923342155636e+00
7.708333923342155281e+00
7.808333923342154925e+00
7.908333923342154570e+00
8.008333923342155103e+00
8.108333923342154748e+00
8.208333923342154392e+00
8.308333923342154037e+00
8.408333923342153682e+00
8.508333923342153327e+00
8.608333923342152971e+00
8.708333923342152616e+00
8.808333923342152261e+00
8.908333923342151905e+00
9.008333923342151550e+00
9.108333923342151195e+00
9.208333923342150840e+00
9.308333923342150484e+00
9.408333923342150129e+00
9.508333923342149774e+00
9.608333923342149419e+00
9.708333923342149063e+00
9.808333923342148708e+00
9.908333923342148353e+00
1.000833392334214800e+01
1.010833392334214764e+01
1.020833392334214729e+01
1.030833392334214693e+01
1.040833392334214658e+01
1.050833392334214622e+01
1.060833392334214587e+01
1.070833392334214551e+01
1.080833392334214516e+01
1.090833392334214480e+01
1.100833392334214444e+01
1.110833392334214409e+01
1.120833392334214373e+01
1.130833392334214338e+01
1.140833392334214302e+01
1.150833392334214267e+01
1.160833392334214231e+01
1.170833392334214196e+01
1.180833392334214160e+01
1.190833392334214125e+01
1.200833392334214089e+01
1.210833392334214054e+01
1.220833392334214018e+01
1.230833392334213983e+01
1.240833392334213947e+01
1.250833392334213912e+01
1.260833392334213876e+01
1.270833392334213841e+01
1.280833392334213805e+01
1.290833392334213769e+01
1.300833392334213734e+01
1.310833392334213698e+01
1.320833392334213663e+01
1.330833392334213627e+01
1.340833392334213592e+01
1.350833392334213556e+01
1.360833392334213521e+01
1.370833392334213485e+01
1.380833392334213450e+01
1.390833392334213414e+01
1.400833392334213379e+01
1.410833392334213343e+01
1.420833392334213308e+01
1.430833392334213272e+01
1.440833392334213237e+01
1.450833392334213201e+01
1.460833392334213165e+01
1.470833392334213130e+01
1.480833392334213094e+01
1.490833392334213059e+01
1.500833392334213023e+01
1.510833392334212988e+01
1.520833392334212952e+01
1.530833392334212917e+01
1.540833392334212881e+01
1.550833392334212846e+01
1.560833392334212810e+01
1.570833392334212775e+01
1.580833392334212739e+01
1.590833392334212704e+01
1.600833392334212846e+01
1.610833392334212988e+01
1.620833392334213130e+01
1.630833392334213272e+01
1.640833392334213414e+01
1.650833392334213556e+01
1.660833392334213698e+01
1.670833392334213841e+01
1.680833392334213983e+01
1.690833392334214125e+01
1.700833392334214267e+01
1.710833392334214409e+01
1.720833392334214551e+01
1.730833392334214693e+01
1.740833392334214835e+01
1.750833392334214977e+01
1.760833392334215119e+01
1.770833392334215262e+01
1.780833392334215404e+01
1.790833392334215546e+01
1.800833392334215688e+01
1.810833392334215830e+01
1.820833392334215972e+01
1.830833392334216114e+01
1.840833392334216256e+01
1.850833392334216398e+01
1.860833392334216541e+01
1.870833392334216683e+01
1.880833392334216825e+01
1.890833392334216967e+01
1.900833392334217109e+01
1.910833392334217251e+01
1.920833392334217393e+01
1.930833392334217535e+01
1.940833392334217677e+01
1.950833392334217820e+01
1.960833392334217962e+01
1.970833392334218104e+01
1.980833392334218246e+01
1.990833392334218388e+01
2.000833392334218530e+01
2.010833392334218672e+01
2.020833392334218814e+01
2.030833392334218956e+01
2.040833392334219099e+01
2.050833392334219241e+01
2.060833392334219383e+01
2.070833392334219525e+01
2.080833392334219667e+01
2.090833392334219809e+01
2.100833392334219951e+01
2.110833392334220093e+01
2.120833392334220235e+01
2.130833392334220378e+01
2.140833392334220520e+01
2.150833392334220662e+01
2.160833392334220804e+01
2.170833392334220946e+01
2.180833392334221088e+01
2.190833392334221230e+01
2.200833392334221372e+01
2.210833392334221514e+01
2.220833392334221656e+01
2.230833392334221799e+01
2.240833392334221941e+01
2.250833392334222083e+01
2.260833392334222225e+01
2.270833392334222367e+01
2.280833392334222509e+01
2.290833392334222651e+01
2.300833392334222793e+01
2.310833392334222935e+01
2.320833392334223078e+01
2.330833392334223220e+01
2.340833392334223362e+01
2.350833392334223504e+01
2.360833392334223646e+01
2.370833392334223788e+01
2.380833392334223930e+01
2.390833392334224072e+01
2.400833392334224214e+01
2.410833392334224357e+01
2.420833392334224499e+01
2.430833392334224641e+01
2.440833392334224783e+01
2.450833392334224925e+01
2.460833392334225067e+01
2.470833392334225209e+01
2.480833392334225351e+01
2.490833392334225493e+01
2.500833392334225636e+01
2.510833392334225778e+01
2.520833392334225920e+01
2.530833392334226062e+01
2.540833392334226204e+01
2.550833392334226346e+01
2.560833392334226488e+01
2.570833392334226630e+01
2.580833392334226772e+01
2.590833392334226914e+01
2.600833392334227057e+01
2.610833392334227199e+01
2.620833392334227341e+01
2.630833392334227483e+01
2.640833392334227625e+01
2.650833392334227767e+01
2.660833392334227909e+01
2.670833392334228051e+01
2.680833392334228193e+01
2.690833392334228336e+01
2.700833392334228478e+01
2.710833392334228620e+01
2.720833392334228762e+01
2.730833392334228904e+01
2.740833392334229046e+01
2.750833392334229188e+01
2.760833392334229330e+01
2.770833392334229472e+01
2.780833392334229615e+01
2.790833392334229757e+01
2.800833392334229899e+01
2.810833392334230041e+01
2.820833392334230183e+01
2.830833392334230325e+01
2.840833392334230467e+01
2.850833392334230609e+01
2.860833392334230751e+01
2.870833392334230894e+01
2.880833392334231036e+01
2.890833392334231178e+01
2.900833392334231320e+01
2.910833392334231462e+01
2.920833392334231604e+01
2.930833392334231746e+01
2.940833392334231888e+01
2.950833392334232030e+01
2.960833392334232173e+01
2.970833392334232315e+01
2.980833392334232457e+01
2.990833392334232599e+01
3.000833392334232741e+01
3.010833392334232883e+01
3.020833392334233025e+01
3.030833392334233167e+01
3.040833392334233309e+01
3.050833392334233451e+01
3.060833392334233594e+01
3.070833392334233736e+01
3.080833392334233878e+01
3.090833392334234020e+01
3.100833392334234162e+01
3.110833392334234304e+01
3.120833392334234446e+01
3.130833392334234588e+01
3.140833392334234730e+01
3.150833392334234873e+01
3.160833392334235015e+01
3.170833392334235157e+01
3.180833392334235299e+01
3.190833392334235441e+01
3.200833392334235583e+01
3.210833392334235725e+01
3.220833392334235867e+01
3.230833392334236009e+01
3.240833392334236152e+01
3.250833392334236294e+01
3.260833392334236436e+01
3.270833392334236578e+01
3.280833392334236720e+01
3.290833392334236862e+01
3.300833392334237004e+01
3.310833392334237146e+01
3.320833392334237288e+01
3.330833392334237431e+01
3.340833392334237573e+01
3.350833392334237715e+01
3.360833392334237857e+01
3.370833392334237999e+01
3.380833392334238141e+01
3.390833392334238283e+01
3.400833392334238425e+01
3.410833392334238567e+01
3.420833392334238710e+01
3.430833392334238852e+01
3.440833392334238994e+01
3.450833392334239136e+01
3.460833392334239278e+01
3.470833392334239420e+01
3.480833392334239562e+01
3.490833392334239704e+01
3.500833392334239846e+01
3.510833392334239988e+01
3.520833392334240131e+01
3.530833392334240273e+01
3.540833392334240415e+01
3.550833392334240557e+01
3.560833392334240699e+01
3.570833392334240841e+01
3.580833392334240983e+01
3.590833392334241125e+01
3.600833392334241267e+01
3.610833392334241410e+01
3.620833392334241552e+01
3.630833392334241694e+01
3.640833392334241836e+01
3.650833392334241978e+01
3.660833392334242120e+01
3.670833392334242262e+01
3.680833392334242404e+01
3.690833392334242546e+01
3.700833392334242689e+01
3.710833392334242831e+01
3.720833392334242973e+01
3.730833392334243115e+01
3.740833392334243257e+01
3.750833392334243399e+01
3.760833392334243541e+01
3.770833392334243683e+01
3.780833392334243825e+01
3.790833392334243968e+01
3.800833392334244110e+01
3.810833392334244252e+01
3.820833392334244394e+01
3.830833392334244536e+01
3.840833392334244678e+01
3.850833392334244820e+01
3.860833392334244962e+01
3.870833392334245104e+01
3.880833392334245247e+01
3.890833392334245389e+01
3.900833392334245531e+01
3.910833392334245673e+01
3.920833392334245815e+01
3.930833392334245957e+01
3.940833392334246099e+01
3.950833392334246241e+01
3.960833392334246383e+01
3.970833392334246525e+01
3.980833392334246668e+01
3.990833392334246810e+01
4.000833392334246952e+01
4.010833392334247094e+01
4.020833392334247236e+01
4.030833392334247378e+01
4.040833392334247520e+01
4.050833392334247662e+01
4.060833392334247804e+01
4.070833392334247947e+01
4.080833392334248089e+01
4.090833392334248231e+01
4.100833392334248373e+01
4.110833392334248515e+01
4.120833392334248657e+01
4.130833392334248799e+01
4.140833392334248941e+01
4.150833392334249083e+01
4.160833392334249226e+01
4.170833392334249368e+01
4.180833392334249510e+01
4.190833392334249652e+01
4.200833392334249794e+01
4.210833392334249936e+01
4.220833392334250078e+01
4.230833392334250220e+01
4.240833392334250362e+01
4.250833392334250505e+01
4.260833392334250647e+01
4.270833392334250789e+01
4.280833392334250931e+01
4.290833392334251073e+01
4.300833392334251215e+01
4.310833392334251357e+01
4.320833392334251499e+01
4.330833392334251641e+01
4.340833392334251783e+01
4.350833392334251926e+01
4.360833392334252068e+01
4.370833392334252210e+01
4.380833392334252352e+01
4.390833392334252494e+01
4.400833392334252636e+01
4.410833392334252778e+01
4.420833392334252920e+01
4.430833392334253062e+01
4.440833392334253205e+01
4.450833392334253347e+01
4.460833392334253489e+01
4.470833392334253631e+01
4.480833392334253773e+01
4.490833392334253915e+01
4.500833392334254057e+01
4.510833392334254199e+01
4.520833392334254341e+01
4.530833392334254484e+01
4.540833392334254626e+01
4.550833392334254768e+01
4.560833392334254910e+01
4.570833392334255052e+01
4.580833392334255194e+01
4.590833392334255336e+01
4.600833392334255478e+01
4.610833392334255620e+01
4.620833392334255763e+01
4.630833392334255905e+01
4.640833392334256047e+01
4.650833392334256189e+01
4.660833392334256331e+01
4.670833392334256473e+01
4.680833392334256615e+01
4.690833392334256757e+01
4.700833392334256899e+01
4.710833392334257042e+01
4.720833392334257184e+01
4.730833392334257326e+01
4.740833392334257468e+01
4.750833392334257610e+01
4.760833392334257752e+01
4.770833392334257894e+01
4.780833392334258036e+01
4.790833392334258178e+01
4.800833392334258320e+01
4.810833392334258463e+01
4.820833392334258605e+01
4.830833392334258747e+01
4.840833392334258889e+01
4.850833392334259031e+01
4.860833392334259173e+01
4.870833392334259315e+01
4.880833392334259457e+01
4.890833392334259599e+01
4.900833392334259742e+01
4.910833392334259884e+01
4.920833392334260026e+01
4.930833392334260168e+01
4.940833392334260310e+01
4.950833392334260452e+01
4.960833392334260594e+01
4.970833392334260736e+01
4.980833392334260878e+01
4.990833392334261021e+01
5.000833392334261163e+01
5.010833392334261305e+01
5.020833392334261447e+01
5.030833392334261589e+01
5.040833392334261731e+01
5.050833392334261873e+01
5.060833392334262015e+01
5.070833392334262157e+01
5.080833392334262300e+01
5.090833392334262442e+01
5.100833392334262584e+01
5.110833392334262726e+01
5.120833392334262868e+01
5.130833392334263010e+01
5.140833392334263152e+01
5.150833392334263294e+01
5.160833392334263436e+01
5.170833392334263579e+01
5.180833392334263721e+01
5.190833392334263863e+01
5.200833392334264005e+01
5.210833392334264147e+01
5.220833392334264289e+01
5.230833392334264431e+01
5.240833392334264573e+01
5.250833392334264715e+01
5.260833392334264857e+01
5.270833392334265000e+01
5.280833392334265142e+01
5.290833392334265284e+01
5.300833392334265426e+01
5.310833392334265568e+01
5.320833392334265710e+01
5.330833392334265852e+01
5.340833392334265994e+01
5.350833392334266136e+01
5.360833392334266279e+01
5.370833392334266421e+01
5.380833392334266563e+01
5.390833392334266705e+01
5.400833392334266847e+01
5.410833392334266989e+01
5.420833392334267131e+01
5.430833392334267273e+01
5.440833392334267415e+01
5.450833392334267558e+01
5.460833392334267700e+01
5.470833392334267842e+01
5.480833392334267984e+01
5.490833392334268126e+01
5.500833392334268268e+01
5.510833392334268410e+01
5.520833392334268552e+01
5.530833392334268694e+01
5.540833392334268837e+01
5.550833392334268979e+01
5.560833392334269121e+01
5.570833392334269263e+01
5.580833392334269405e+01
5.590833392334269547e+01
5.600833392334269689e+01
5.610833392334269831e+01
5.620833392334269973e+01
5.630833392334270115e+01
5.640833392334270258e+01
5.650833392334270400e+01
5.660833392334270542e+01
5.670833392334270684e+01
5.680833392334270826e+01
5.690833392334270968e+01
5.700833392334271110e+01
5.710833392334271252e+01
5.720833392334271394e+01
5.730833392334271537e+01
5.740833392334271679e+01
5.750833392334271821e+01
5.760833392334271963e+01
5.770833392334272105e+01
5.780833392334272247e+01
5.790833392334272389e+01
5.800833392334272531e+01
5.810833392334272673e+01
5.820833392334272816e+01
5.830833392334272958e+01
5.840833392334273100e+01
5.850833392334273242e+01
5.860833392334273384e+01
5.870833392334273526e+01
5.880833392334273668e+01
5.890833392334273810e+01
5.900833392334273952e+01
5.910833392334274095e+01
5.920833392334274237e+01
5.930833392334274379e+01
5.940833392334274521e+01
5.950833392334274663e+01
5.960833392334274805e+01
5.970833392334274947e+01
5.980833392334275089e+01
5.990833392334275231e+01
6.000833392334275374e+01
6.010833392334275516e+01
6.020833392334275658e+01
6.030833392334275800e+01
6.040833392334275942e+01
6.050833392334276084e+01
6.060833392334276226e+01
6.070833392334276368e+01
6.080833392334276510e+01
6.090833392334276652e+01
6.100833392334276795e+01
6.110833392334276937e+01
6.120833392334277079e+01
6.130833392334277221e+01
6.140833392334277363e+01
6.150833392334277505e+01
6.160833392334277647e+01
6.170833392334277789e+01
6.180833392334277931e+01
6.190833392334278074e+01
6.200833392334278216e+01
6.210833392334278358e+01
6.220833392334278500e+01
6.230833392334278642e+01
6.240833392334278784e+01
6.250833392334278926e+01
6.260833392334279068e+01
6.270833392334279210e+01
6.280833392334279353e+01
6.290833392334279495e+01
6.300833392334279637e+01
6.310833392334279779e+01
6.320833392334279921e+01
6.330833392334280063e+01
6.340833392334280205e+01
6.350833392334280347e+01
6.360833392334280489e+01
6.370833392334280632e+01
6.380833392334280774e+01
6.390833392334280916e+01
6.400833392334280347e+01
6.410833392334279779e+01
6.420833392334279210e+01
6.430833392334278642e+01
6.440833392334278074e+01
6.450833392334277505e+01
6.460833392334276937e+01
6.470833392334276368e+01
6.480833392334275800e+01
6.490833392334275231e+01
6.500833392334274663e+01
6.510833392334274095e+01
6.520833392334273526e+01
6.530833392334272958e+01
6.540833392334272389e+01
6.550833392334271821e+01
6.560833392334271252e+01
6.570833392334270684e+01
6.580833392334270115e+01
6.590833392334269547e+01
6.600833392334268979e+01
6.610833392334268410e+01
6.620833392334267842e+01
6.630833392334267273e+01
6.640833392334266705e+01
6.650833392334266136e+01
6.660833392334265568e+01
6.670833392334265000e+01
6.680833392334264431e+01
6.690833392334263863e+01
6.700833392334263294e+01
6.710833392334262726e+01
6.720833392334262157e+01
6.730833392334261589e+01
6.740833392334261021e+01
6.750833392334260452e+01
6.760833392334259884e+01
6.770833392334259315e+01
6.780833392334258747e+01
6.790833392334258178e+01
6.800833392334257610e+01
6.810833392334257042e+01
6.820833392334256473e+01
6.830833392334255905e+01
6.840833392334255336e+01
6.850833392334254768e+01
6.860833392334254199e+01
6.870833392334253631e+01
6.880833392334253062e+01
6.890833392334252494e+01
6.900833392334251926e+01
6.910833392334251357e+01
6.920833392334250789e+01
6.930833392334250220e+01
6.940833392334249652e+01
6.950833392334249083e+01
6.960833392334248515e+01
6.970833392334247947e+01
6.980833392334247378e+01
6.990833392334246810e+01
7.000833392334246241e+01
7.010833392334245673e+01
7.020833392334245104e+01
7.030833392334244536e+01
7.040833392334243968e+01
7.050833392334243399e+01
7.060833392334242831e+01
7.070833392334242262e+01
7.080833392334241694e+01
7.090833392334241125e+01
7.100833392334240557e+01
7.110833392334239988e+01
7.120833392334239420e+01
7.130833392334238852e+01
7.140833392334238283e+01
7.150833392334237715e+01
7.160833392334237146e+01
7.170833392334236578e+01
7.180833392334236009e+01
7.190833392334235441e+01
7.200833392334234873e+01
7.210833392334234304e+01
7.220833392334233736e+01
7.230833392334233167e+01
7.240833392334232599e+01
7.250833392334232030e+01
7.260833392334231462e+01
7.270833392334230894e+01
7.280833392334230325e+01
7.290833392334229757e+01
7.300833392334229188e+01
7.310833392334228620e+01
7.320833392334228051e+01
7.330833392334227483e+01
7.340833392334226914e+01
7.350833392334226346e+01
7.360833392334225778e+01
7.370833392334225209e+01
7.380833392334224641e+01
7.390833392334224072e+01
7.400833392334223504e+01
7.410833392334222935e+01
7.420833392334222367e+01
7.430833392334221799e+01
7.440833392334221230e+01
7.450833392334220662e+01
7.460833392334220093e+01
7.470833392334219525e+01
7.480833392334218956e+01
7.490833392334218388e+01
7.500833392334217820e+01
7.510833392334217251e+01
7.520833392334216683e+01
7.530833392334216114e+01
7.540833392334215546e+01
7.550833392334214977e+01
7.560833392334214409e+01
7.570833392334213841e+01
7.580833392334213272e+01
7.590833392334212704e+01
7.600833392334212135e+01
7.610833392334211567e+01
7.620833392334210998e+01
7.630833392334210430e+01
7.640833392334209861e+01
7.650833392334209293e+01
7.660833392334208725e+01
7.670833392334208156e+01
7.680833392334207588e+01
7.690833392334207019e+01
7.700833392334206451e+01
7.710833392334205882e+01
7.720833392334205314e+01
7.730833392334204746e+01
7.740833392334204177e+01
7.750833392334203609e+01
7.760833392334203040e+01
7.770833392334202472e+01
7.780833392334201903e+01
7.790833392334201335e+01
7.800833392334200767e+01
7.810833392334200198e+01
7.820833392334199630e+01
7.830833392334199061e+01
7.840833392334198493e+01
7.850833392334197924e+01
7.860833392334197356e+01
7.870833392334196787e+01
7.880833392334196219e+01
7.890833392334195651e+01
7.900833392334195082e+01
7.910833392334194514e+01
7.920833392334193945e+01
7.930833392334193377e+01
7.940833392334192808e+01
7.950833392334192240e+01
7.960833392334191672e+01
7.970833392334191103e+01
7.980833392334190535e+01
7.990833392334189966e+01
8.000833392334189398e+01
8.010833392334188829e+01
8.020833392334188261e+01
8.030833392334187693e+01
8.040833392334187124e+01
8.050833392334186556e+01
8.060833392334185987e+01
8.070833392334185419e+01
8.080833392334184850e+01
8.090833392334184282e+01
8.100833392334183714e+01
8.110833392334183145e+01
8.120833392334182577e+01
8.130833392334182008e+01
8.140833392334181440e+01
8.150833392334180871e+01
8.160833392334180303e+01
8.170833392334179734e+01
8.180833392334179166e+01
8.190833392334178598e+01
8.200833392334178029e+01
8.210833392334177461e+01
8.220833392334176892e+01
8.230833392334176324e+01
8.240833392334175755e+01
8.250833392334175187e+01
8.260833392334174619e+01
8.270833392334174050e+01
8.280833392334173482e+01
8.290833392334172913e+01
8.300833392334172345e+01
8.310833392334171776e+01
8.320833392334171208e+01
8.330833392334170640e+01
8.340833392334170071e+01
8.350833392334169503e+01
8.360833392334168934e+01
8.370833392334168366e+01
8.380833392334167797e+01
8.390833392334167229e+01
8.400833392334166660e+01
8.410833392334166092e+01
8.420833392334165524e+01
8.430833392334164955e+01
8.440833392334164387e+01
8.450833392334163818e+01
8.460833392334163250e+01
8.470833392334162681e+01
8.480833392334162113e+01
8.490833392334161545e+01
8.500833392334160976e+01
8.510833392334160408e+01
8.520833392334159839e+01
8.530833392334159271e+01
8.540833392334158702e+01
8.550833392334158134e+01
8.560833392334157566e+01
8.570833392334156997e+01
8.580833392334156429e+01
8.590833392334155860e+01
8.600833392334155292e+01
8.610833392334154723e+01
8.620833392334154155e+01
8.630833392334153586e+01
8.640833392334153018e+01
8.650833392334152450e+01
8.660833392334151881e+01
8.670833392334151313e+01
8.680833392334150744e+01
8.690833392334150176e+01
8.700833392334149607e+01
8.710833392334149039e+01
8.720833392334148471e+01
8.730833392334147902e+01
8.740833392334147334e+01
8.750833392334146765e+01
8.760833392334146197e+01
8.770833392334145628e+01
8.780833392334145060e+01
8.790833392334144492e+01
8.800833392334143923e+01
8.810833392334143355e+01
8.820833392334142786e+01
8.830833392334142218e+01
8.840833392334141649e+01
8.850833392334141081e+01
8.860833392334140513e+01
8.870833392334139944e+01
8.880833392334139376e+01
8.890833392334138807e+01
8.900833392334138239e+01
8.910833392334137670e+01
8.920833392334137102e+01
8.930833392334136533e+01
8.940833392334135965e+01
8.950833392334135397e+01
8.960833392334134828e+01
8.970833392334134260e+01
8.980833392334133691e+01
8.990833392334133123e+01
9.000833392334132554e+01
9.010833392334131986e+01
9.020833392334131418e+01
9.030833392334130849e+01
9.040833392334130281e+01
9.050833392334129712e+01
9.060833392334129144e+01
9.070833392334128575e+01
9.080833392334128007e+01
9.090833392334127439e+01
9.100833392334126870e+01
9.110833392334126302e+01
9.120833392334125733e+01
9.130833392334125165e+01
9.140833392334124596e+01
9.150833392334124028e+01
9.160833392334123459e+01
9.170833392334122891e+01
9.180833392334122323e+01
9.190833392334121754e+01
9.200833392334121186e+01
9.210833392334120617e+01
9.220833392334120049e+01
9.230833392334119480e+01
9.240833392334118912e+01
9.250833392334118344e+01
9.260833392334117775e+01
9.270833392334117207e+01
9.280833392334116638e+01
9.290833392334116070e+01
9.300833392334115501e+01
9.310833392334114933e+01
9.320833392334114365e+01
9.330833392334113796e+01
9.340833392334113228e+01
9.350833392334112659e+01
9.360833392334112091e+01
9.370833392334111522e+01
9.380833392334110954e+01
9.390833392334110385e+01
9.400833392334109817e+01
9.410833392334109249e+01
9.420833392334108680e+01
9.430833392334108112e+01
9.440833392334107543e+01
9.450833392334106975e+01
9.460833392334106406e+01
9.470833392334105838e+01
9.480833392334105270e+01
9.490833392334104701e+01
9.500833392334104133e+01
9.510833392334103564e+01
9.520833392334102996e+01
9.530833392334102427e+01
9.540833392334101859e+01
9.550833392334101291e+01
9.560833392334100722e+01
9.570833392334100154e+01
9.580833392334099585e+01
9.590833392334099017e+01
9.600833392334098448e+01
9.610833392334097880e+01
9.620833392334097312e+01
9.630833392334096743e+01
9.640833392334096175e+01
9.650833392334095606e+01
9.660833392334095038e+01
9.670833392334094469e+01
9.680833392334093901e+01
9.690833392334093332e+01
9.700833392334092764e+01
9.710833392334092196e+01
9.720833392334091627e+01
9.730833392334091059e+01
9.740833392334090490e+01
9.750833392334089922e+01
9.760833392334089353e+01
9.770833392334088785e+01
9.780833392334088217e+01
9.790833392334087648e+01
9.800833392334087080e+01
9.810833392334086511e+01
9.820833392334085943e+01
9.830833392334085374e+01
9.840833392334084806e+01
9.850833392334084238e+01
9.860833392334083669e+01
9.870833392334083101e+01
9.880833392334082532e+01
9.890833392334081964e+01
9.900833392334081395e+01
9.910833392334080827e+01
9.920833392334080258e+01
9.930833392334079690e+01
9.940833392334079122e+01
9.950833392334078553e+01
9.960833392334077985e+01
9.970833392334077416e+01
9.980833392334076848e+01
9.990833392334076279e+01
1.000083339233407571e+02
1.001083339233407514e+02
1.002083339233407457e+02
1.003083339233407401e+02
1.004083339233407344e+02
1.005083339233407287e+02
1.006083339233407230e+02
1.007083339233407173e+02
1.008083339233407116e+02
1.009083339233407060e+02
1.010083339233407003e+02
1.011083339233406946e+02
1.012083339233406889e+02
1.013083339233406832e+02
1.014083339233406775e+02
1.015083339233406718e+02
1.016083339233406662e+02
1.017083339233406605e+02
1.018083339233406548e+02
1.019083339233406491e+02
1.020083339233406434e+02
1.021083339233406377e+02
1.022083339233406321e+02
1.023083339233406264e+02
1.024083339233406207e+02
1.025083339233406150e+02
1.026083339233406093e+02
1.027083339233406036e+02
1.028083339233405979e+02
1.029083339233405923e+02
1.030083339233405866e+02
1.031083339233405809e+02
1.032083339233405752e+02
1.033083339233405695e+02
1.034083339233405638e+02
1.035083339233405582e+02
1.036083339233405525e+02
1.037083339233405468e+02
1.038083339233405411e+02
1.039083339233405354e+02
1.040083339233405297e+02
1.041083339233405241e+02
1.042083339233405184e+02
1.043083339233405127e+02
1.044083339233405070e+02
1.045083339233405013e+02
1.046083339233404956e+02
1.047083339233404899e+02
1.048083339233404843e+02
1.049083339233404786e+02
1.050083339233404729e+02
1.051083339233404672e+02
1.052083339233404615e+02
1.053083339233404558e+02
1.054083339233404502e+02
1.055083339233404445e+02
1.056083339233404388e+02
1.057083339233404331e+02
1.058083339233404274e+02
1.059083339233404217e+02
1.060083339233404160e+02
1.061083339233404104e+02
1.062083339233404047e+02
1.063083339233403990e+02
1.064083339233403933e+02
1.065083339233403876e+02
1.066083339233403819e+02
1.067083339233403763e+02
1.068083339233403706e+02
1.069083339233403649e+02
1.070083339233403592e+02
1.071083339233403535e+02
1.072083339233403478e+02
1.073083339233403422e+02
1.074083339233403365e+02
1.075083339233403308e+02
1.076083339233403251e+02
1.077083339233403194e+02
1.078083339233403137e+02
1.079083339233403080e+02
1.080083339233403024e+02
1.081083339233402967e+02
1.082083339233402910e+02
1.083083339233402853e+02
1.084083339233402796e+02
1.085083339233402739e+02
1.086083339233402683e+02
1.087083339233402626e+02
1.088083339233402569e+02
1.089083339233402512e+02
1.090083339233402455e+02
1.091083339233402398e+02
1.092083339233402342e+02
1.093083339233402285e+02
1.094083339233402228e+02
1.095083339233402171e+02
1.096083339233402114e+02
1.097083339233402057e+02
1.098083339233402000e+02
1.099083339233401944e+02
1.100083339233401887e+02
1.101083339233401830e+02
1.102083339233401773e+02
1.103083339233401716e+02
1.104083339233401659e+02
1.105083339233401603e+02
1.106083339233401546e+02
1.107083339233401489e+02
1.108083339233401432e+02
1.109083339233401375e+02
1.110083339233401318e+02
1.111083339233401261e+02
1.112083339233401205e+02
1.113083339233401148e+02
1.114083339233401091e+02
1.115083339233401034e+02
1.116083339233400977e+02
1.117083339233400920e+02
1.118083339233400864e+02
1.119083339233400807e+02
1.120083339233400750e+02
1.121083339233400693e+02
1.122083339233400636e+02
1.123083339233400579e+02
1.124083339233400523e+02
1.125083339233400466e+02
1.126083339233400409e+02
1.127083339233400352e+02
1.128083339233400295e+02
1.129083339233400238e+02
1.130083339233400181e+02
1.131083339233400125e+02
1.132083339233400068e+02
1.133083339233400011e+02
1.134083339233399954e+02
1.135083339233399897e+02
1.136083339233399840e+02
1.137083339233399784e+02
1.138083339233399727e+02
1.139083339233399670e+02
1.140083339233399613e+02
1.141083339233399556e+02
1.142083339233399499e+02
1.143083339233399442e+02
1.144083339233399386e+02
1.145083339233399329e+02
1.146083339233399272e+02
1.147083339233399215e+02
1.148083339233399158e+02
1.149083339233399101e+02
1.150083339233399045e+02
1.151083339233398988e+02
1.152083339233398931e+02
1.153083339233398874e+02
1.154083339233398817e+02
1.155083339233398760e+02
1.156083339233398704e+02
1.157083339233398647e+02
1.158083339233398590e+02
1.159083339233398533e+02
1.160083339233398476e+02
1.161083339233398419e+02
1.162083339233398362e+02
1.163083339233398306e+02
1.164083339233398249e+02
1.165083339233398192e+02
1.166083339233398135e+02
1.167083339233398078e+02
1.168083339233398021e+02
1.169083339233397965e+02
1.170083339233397908e+02
1.171083339233397851e+02
1.172083339233397794e+02
1.173083339233397737e+02
1.174083339233397680e+02
1.175083339233397624e+02
1.176083339233397567e+02
1.177083339233397510e+02
1.178083339233397453e+02
1.179083339233397396e+02
1.180083339233397339e+02
1.181083339233397282e+02
1.182083339233397226e+02
1.183083339233397169e+02
1.184083339233397112e+02
1.185083339233397055e+02
1.186083339233396998e+02
1.187083339233396941e+02
1.188083339233396885e+02
1.189083339233396828e+02
1.190083339233396771e+02
1.191083339233396714e+02
1.192083339233396657e+02
1.193083339233396600e+02
1.194083339233396543e+02
1.195083339233396487e+02
1.196083339233396430e+02
1.197083339233396373e+02
1.198083339233396316e+02
1.199083339233396259e+02
1.200083339233396202e+02
1.201083339233396146e+02
1.202083339233396089e+02
1.203083339233396032e+02
1.204083339233395975e+02
1.205083339233395918e+02
1.206083339233395861e+02
1.207083339233395805e+02
1.208083339233395748e+02
1.209083339233395691e+02
1.210083339233395634e+02
1.211083339233395577e+02
1.212083339233395520e+02
1.213083339233395463e+02
1.214083339233395407e+02
1.215083339233395350e+02
1.216083339233395293e+02
1.217083339233395236e+02
1.218083339233395179e+02
1.219083339233395122e+02
1.220083339233395066e+02
1.221083339233395009e+02
1.222083339233394952e+02
1.223083339233394895e+02
1.224083339233394838e+02
1.225083339233394781e+02
1.226083339233394724e+02
1.227083339233394668e+02
1.228083339233394611e+02
1.229083339233394554e+02
1.230083339233394497e+02
1.231083339233394440e+02
1.232083339233394383e+02
1.233083339233394327e+02
1.234083339233394270e+02
1.235083339233394213e+02
1.236083339233394156e+02
1.237083339233394099e+02
1.238083339233394042e+02
1.239083339233393986e+02
1.240083339233393929e+02
1.241083339233393872e+02
1.242083339233393815e+02
1.243083339233393758e+02
1.244083339233393701e+02
1.245083339233393644e+02
1.246083339233393588e+02
1.247083339233393531e+02
1.248083339233393474e+02
1.249083339233393417e+02
1.250083339233393360e+02
1.251083339233393303e+02
1.252083339233393247e+02
1.253083339233393190e+02
1.254083339233393133e+02
1.255083339233393076e+02
1.256083339233393019e+02
1.257083339233392962e+02
1.258083339233392905e+02
1.259083339233392849e+02
1.260083339233392792e+02
1.261083339233392735e+02
1.262083339233392678e+02
1.263083339233392621e+02
1.264083339233392564e+02
1.265083339233392508e+02
1.266083339233392451e+02
1.267083339233392394e+02
1.268083339233392337e+02
1.269083339233392280e+02
1.270083339233392223e+02
1.271083339233392167e+02
1.272083339233392110e+02
1.273083339233392053e+02
1.274083339233391996e+02
1.275083339233391939e+02
1.276083339233391882e+02
1.277083339233391825e+02
1.278083339233391769e+02
1.279083339233391712e+02
1.280083339233391655e+02
1.281083339233391598e+02
1.282083339233391541e+02
1.283083339233391484e+02
1.284083339233391428e+02
1.285083339233391371e+02
1.286083339233391314e+02
1.287083339233391257e+02
1.288083339233391200e+02
1.289083339233391143e+02
1.290083339233391087e+02
1.291083339233391030e+02
1.292083339233390973e+02
1.293083339233390916e+02
1.294083339233390859e+02
1.295083339233390802e+02
1.296083339233390745e+02
1.297083339233390689e+02
1.298083339233390632e+02
1.299083339233390575e+02
1.300083339233390518e+02
1.301083339233390461e+02
1.302083339233390404e+02
1.303083339233390348e+02
1.304083339233390291e+02
1.305083339233390234e+02
1.306083339233390177e+02
1.307083339233390120e+02
1.308083339233390063e+02
1.309083339233390006e+02
1.310083339233389950e+02
1.311083339233389893e+02
1.312083339233389836e+02
1.313083339233389779e+02
1.314083339233389722e+02
1.315083339233389665e+02
1.316083339233389609e+02
1.317083339233389552e+02
1.318083339233389495e+02
1.319083339233389438e+02
1.320083339233389381e+02
1.321083339233389324e+02
1.322083339233389268e+02
1.323083339233389211e+02
1.324083339233389154e+02
1.325083339233389097e+02
1.326083339233389040e+02
1.327083339233388983e+02
1.328083339233388926e+02
1.329083339233388870e+02
1.330083339233388813e+02
1.331083339233388756e+02
1.332083339233388699e+02
1.333083339233388642e+02
1.334083339233388585e+02
1.335083339233388529e+02
1.336083339233388472e+02
1.337083339233388415e+02
1.338083339233388358e+02
1.339083339233388301e+02
1.340083339233388244e+02
1.341083339233388187e+02
1.342083339233388131e+02
1.343083339233388074e+02
1.344083339233388017e+02
1.345083339233387960e+02
1.346083339233387903e+02
1.347083339233387846e+02
1.348083339233387790e+02
1.349083339233387733e+02
1.350083339233387676e+02
1.351083339233387619e+02
1.352083339233387562e+02
1.353083339233387505e+02
1.354083339233387449e+02
1.355083339233387392e+02
1.356083339233387335e+02
1.357083339233387278e+02
1.358083339233387221e+02
1.359083339233387164e+02
1.360083339233387107e+02
1.361083339233387051e+02
1.362083339233386994e+02
1.363083339233386937e+02
1.364083339233386880e+02
1.365083339233386823e+02
1.366083339233386766e+02
1.367083339233386710e+02
1.368083339233386653e+02
1.369083339233386596e+02
1.370083339233386539e+02
1.371083339233386482e+02
1.372083339233386425e+02
1.373083339233386369e+02
1.374083339233386312e+02
1.375083339233386255e+02
1.376083339233386198e+02
1.377083339233386141e+02
1.378083339233386084e+02
1.379083339233386027e+02
1.380083339233385971e+02
1.381083339233385914e+02
1.382083339233385857e+02
1.383083339233385800e+02
1.384083339233385743e+02
1.385083339233385686e+02
1.386083339233385630e+02
1.387083339233385573e+02
1.388083339233385516e+02
1.389083339233385459e+02
1.390083339233385402e+02
1.391083339233385345e+02
1.392083339233385288e+02
1.393083339233385232e+02
1.394083339233385175e+02
1.395083339233385118e+02
1.396083339233385061e+02
1.397083339233385004e+02
1.398083339233384947e+02
1.399083339233384891e+02
1.400083339233384834e+02
1.401083339233384777e+02
1.402083339233384720e+02
1.403083339233384663e+02
1.404083339233384606e+02
1.405083339233384550e+02
1.406083339233384493e+02
1.407083339233384436e+02
1.408083339233384379e+02
1.409083339233384322e+02
1.410083339233384265e+02
1.411083339233384208e+02
1.412083339233384152e+02
1.413083339233384095e+02
1.414083339233384038e+02
1.415083339233383981e+02
1.416083339233383924e+02
1.417083339233383867e+02
1.418083339233383811e+02
1.419083339233383754e+02
1.420083339233383697e+02
1.421083339233383640e+02
1.422083339233383583e+02
1.423083339233383526e+02
1.424083339233383469e+02
1.425083339233383413e+02
1.426083339233383356e+02
1.427083339233383299e+02
1.428083339233383242e+02
1.429083339233383185e+02
1.430083339233383128e+02
1.431083339233383072e+02
1.432083339233383015e+02
1.433083339233382958e+02
1.434083339233382901e+02
1.435083339233382844e+02
1.436083339233382787e+02
1.437083339233382731e+02
1.438083339233382674e+02
1.439083339233382617e+02
1.440083339233382560e+02
1.441083339233382503e+02
1.442083339233382446e+02
1.443083339233382389e+02
1.444083339233382333e+02
1.445083339233382276e+02
1.446083339233382219e+02
1.447083339233382162e+02
1.448083339233382105e+02
1.449083339233382048e+02
1.450083339233381992e+02
1.451083339233381935e+02
1.452083339233381878e+02
1.453083339233381821e+02
1.454083339233381764e+02
1.455083339233381707e+02
1.456083339233381651e+02
1.457083339233381594e+02
1.458083339233381537e+02
1.459083339233381480e+02
1.460083339233381423e+02
1.461083339233381366e+02
1.462083339233381309e+02
1.463083339233381253e+02
1.464083339233381196e+02
1.465083339233381139e+02
1.466083339233381082e+02
1.467083339233381025e+02
1.468083339233380968e+02
1.469083339233380912e+02
1.470083339233380855e+02
1.471083339233380798e+02
1.472083339233380741e+02
1.473083339233380684e+02
1.474083339233380627e+02
1.475083339233380570e+02
1.476083339233380514e+02
1.477083339233380457e+02
1.478083339233380400e+02
1.479083339233380343e+02
1.480083339233380286e+02
1.481083339233380229e+02
1.482083339233380173e+02
1.483083339233380116e+02
1.484083339233380059e+02
1.485083339233380002e+02
1.486083339233379945e+02
1.487083339233379888e+02
1.488083339233379832e+02
1.489083339233379775e+02
1.490083339233379718e+02
1.491083339233379661e+02
1.492083339233379604e+02
1.493083339233379547e+02
1.494083339233379490e+02
1.495083339233379434e+02
1.496083339233379377e+02
1.497083339233379320e+02
1.498083339233379263e+02
1.499083339233379206e+02
1.500083339233379149e+02
1.501083339233379093e+02
1.502083339233379036e+02
1.503083339233378979e+02
1.504083339233378922e+02
1.505083339233378865e+02
1.506083339233378808e+02
1.507083339233378751e+02
1.508083339233378695e+02
1.509083339233378638e+02
1.510083339233378581e+02
1.511083339233378524e+02
1.512083339233378467e+02
1.513083339233378410e+02
1.514083339233378354e+02
1.515083339233378297e+02
1.516083339233378240e+02
1.517083339233378183e+02
1.518083339233378126e+02
1.519083339233378069e+02
1.520083339233378013e+02
1.521083339233377956e+02
1.522083339233377899e+02
1.523083339233377842e+02
1.524083339233377785e+02
1.525083339233377728e+02
1.526083339233377671e+02
1.527083339233377615e+02
1.528083339233377558e+02
1.529083339233377501e+02
1.530083339233377444e+02
1.531083339233377387e+02
1.532083339233377330e+02
1.533083339233377274e+02
1.534083339233377217e+02
1.535083339233377160e+02
1.536083339233377103e+02
1.537083339233377046e+02
1.538083339233376989e+02
1.539083339233376932e+02
1.540083339233376876e+02
1.541083339233376819e+02
1.542083339233376762e+02
1.543083339233376705e+02
1.544083339233376648e+02
1.545083339233376591e+02
1.546083339233376535e+02
1.547083339233376478e+02
1.548083339233376421e+02
1.549083339233376364e+02
1.550083339233376307e+02
1.551083339233376250e+02
1.552083339233376194e+02
1.553083339233376137e+02
1.554083339233376080e+02
1.555083339233376023e+02
1.556083339233375966e+02
1.557083339233375909e+02
1.558083339233375852e+02
1.559083339233375796e+02
1.560083339233375739e+02
1.561083339233375682e+02
1.562083339233375625e+02
1.563083339233375568e+02
1.564083339233375511e+02
1.565083339233375455e+02
1.566083339233375398e+02
1.567083339233375341e+02
1.568083339233375284e+02
1.569083339233375227e+02
1.570083339233375170e+02
1.571083339233375114e+02
1.572083339233375057e+02
1.573083339233375000e+02
1.574083339233374943e+02
1.575083339233374886e+02
1.576083339233374829e+02
1.577083339233374772e+02
1.578083339233374716e+02
1.579083339233374659e+02
1.580083339233374602e+02
1.581083339233374545e+02
1.582083339233374488e+02
1.583083339233374431e+02
1.584083339233374375e+02
1.585083339233374318e+02
1.586083339233374261e+02
1.587083339233374204e+02
1.588083339233374147e+02
1.589083339233374090e+02
1.590083339233374033e+02
1.591083339233373977e+02
1.592083339233373920e+02
1.593083339233373863e+02
1.594083339233373806e+02
1.595083339233373749e+02
1.596083339233373692e+02
1.597083339233373636e+02
1.598083339233373579e+02
1.599083339233373522e+02
1.600083339233373465e+02
1.601083339233373408e+02
1.602083339233373351e+02
1.603083339233373295e+02
1.604083339233373238e+02
1.605083339233373181e+02
1.606083339233373124e+02
1.607083339233373067e+02
1.608083339233373010e+02
1.609083339233372953e+02
1.610083339233372897e+02
1.611083339233372840e+02
1.612083339233372783e+02
1.613083339233372726e+02
1.614083339233372669e+02
1.615083339233372612e+02
1.616083339233372556e+02
1.617083339233372499e+02
1.618083339233372442e+02
1.619083339233372385e+02
1.620083339233372328e+02
1.621083339233372271e+02
1.622083339233372214e+02
1.623083339233372158e+02
1.624083339233372101e+02
1.625083339233372044e+02
1.626083339233371987e+02
1.627083339233371930e+02
1.628083339233371873e+02
1.629083339233371817e+02
1.630083339233371760e+02
1.631083339233371703e+02
1.632083339233371646e+02
1.633083339233371589e+02
1.634083339233371532e+02
1.635083339233371476e+02
1.636083339233371419e+02
1.637083339233371362e+02
1.638083339233371305e+02
1.639083339233371248e+02
1.640083339233371191e+02
1.641083339233371134e+02
1.642083339233371078e+02
1.643083339233371021e+02
1.644083339233370964e+02
1.645083339233370907e+02
1.646083339233370850e+02
1.647083339233370793e+02
1.648083339233370737e+02
1.649083339233370680e+02
1.650083339233370623e+02
1.651083339233370566e+02
1.652083339233370509e+02
1.653083339233370452e+02
1.654083339233370396e+02
1.655083339233370339e+02
1.656083339233370282e+02
1.657083339233370225e+02
1.658083339233370168e+02
1.659083339233370111e+02
1.660083339233370054e+02
1.661083339233369998e+02
1.662083339233369941e+02
1.663083339233369884e+02
1.664083339233369827e+02
1.665083339233369770e+02
1.666083339233369713e+02
1.667083339233369657e+02
1.668083339233369600e+02
1.669083339233369543e+02
1.670083339233369486e+02
1.671083339233369429e+02
1.672083339233369372e+02
1.673083339233369315e+02
1.674083339233369259e+02
1.675083339233369202e+02
1.676083339233369145e+02
1.677083339233369088e+02
1.678083339233369031e+02
1.679083339233368974e+02
1.680083339233368918e+02
1.681083339233368861e+02
1.682083339233368804e+02
1.683083339233368747e+02
1.684083339233368690e+02
1.685083339233368633e+02
1.686083339233368577e+02
1.687083339233368520e+02
1.688083339233368463e+02
1.689083339233368406e+02
1.690083339233368349e+02
1.691083339233368292e+02
1.692083339233368235e+02
1.693083339233368179e+02
1.694083339233368122e+02
1.695083339233368065e+02
1.696083339233368008e+02
1.697083339233367951e+02
1.698083339233367894e+02
1.699083339233367838e+02
1.700083339233367781e+02
1.701083339233367724e+02
1.702083339233367667e+02
1.703083339233367610e+02
1.704083339233367553e+02
1.705083339233367496e+02
1.706083339233367440e+02
1.707083339233367383e+02
1.708083339233367326e+02
1.709083339233367269e+02
1.710083339233367212e+02
1.711083339233367155e+02
1.712083339233367099e+02
1.713083339233367042e+02
1.714083339233366985e+02
1.715083339233366928e+02
1.716083339233366871e+02
1.717083339233366814e+02
1.718083339233366758e+02
1.719083339233366701e+02
1.720083339233366644e+02
1.721083339233366587e+02
1.722083339233366530e+02
1.723083339233366473e+02
1.724083339233366416e+02
1.725083339233366360e+02
1.726083339233366303e+02
1.727083339233366246e+02
1.728083339233366189e+02
1.729083339233366132e+02
1.730083339233366075e+02
1.731083339233366019e+02
1.732083339233365962e+02
1.733083339233365905e+02
1.734083339233365848e+02
1.735083339233365791e+02
1.736083339233365734e+02
1.737083339233365678e+02
1.738083339233365621e+02
1.739083339233365564e+02
1.740083339233365507e+02
1.741083339233365450e+02
1.742083339233365393e+02
1.743083339233365336e+02
1.744083339233365280e+02
1.745083339233365223e+02
1.746083339233365166e+02
1.747083339233365109e+02
1.748083339233365052e+02
1.749083339233364995e+02
1.750083339233364939e+02
1.751083339233364882e+02
1.752083339233364825e+02
1.753083339233364768e+02
1.754083339233364711e+02
1.755083339233364654e+02
1.756083339233364597e+02
1.757083339233364541e+02
1.758083339233364484e+02
1.759083339233364427e+02
1.760083339233364370e+02
1.761083339233364313e+02
1.762083339233364256e+02
1.763083339233364200e+02
1.764083339233364143e+02
1.765083339233364086e+02
1.766083339233364029e+02
1.767083339233363972e+02
1.768083339233363915e+02
1.769083339233363859e+02
1.770083339233363802e+02
1.771083339233363745e+02
1.772083339233363688e+02
1.773083339233363631e+02
1.774083339233363574e+02
1.775083339233363517e+02
1.776083339233363461e+02
1.777083339233363404e+02
1.778083339233363347e+02
1.779083339233363290e+02
1.780083339233363233e+02
1.781083339233363176e+02
1.782083339233363120e+02
1.783083339233363063e+02
1.784083339233363006e+02
1.785083339233362949e+02
1.786083339233362892e+02
1.787083339233362835e+02
1.788083339233362778e+02
1.789083339233362722e+02
1.790083339233362665e+02
1.791083339233362608e+02
1.792083339233362551e+02
1.793083339233362494e+02
1.794083339233362437e+02
1.795083339233362381e+02
1.796083339233362324e+02
1.797083339233362267e+02
1.798083339233362210e+02
1.799083339233362153e+02
1.800083339233362096e+02
1.801083339233362040e+02
1.802083339233361983e+02
1.803083339233361926e+02
1.804083339233361869e+02
1.805083339233361812e+02
1.806083339233361755e+02
1.807083339233361698e+02
1.808083339233361642e+02
1.809083339233361585e+02
1.810083339233361528e+02
1.811083339233361471e+02
1.812083339233361414e+02
1.813083339233361357e+02
1.814083339233361301e+02
1.815083339233361244e+02
1.816083339233361187e+02
1.817083339233361130e+02
1.818083339233361073e+02
1.819083339233361016e+02
1.820083339233360959e+02
1.821083339233360903e+02
1.822083339233360846e+02
1.823083339233360789e+02
1.824083339233360732e+02
1.825083339233360675e+02
1.826083339233360618e+02
1.827083339233360562e+02
1.828083339233360505e+02
1.829083339233360448e+02
1.830083339233360391e+02
1.831083339233360334e+02
1.832083339233360277e+02
1.833083339233360221e+02
1.834083339233360164e+02
1.835083339233360107e+02
1.836083339233360050e+02
1.837083339233359993e+02
1.838083339233359936e+02
1.839083339233359879e+02
1.840083339233359823e+02
1.841083339233359766e+02
1.842083339233359709e+02
1.843083339233359652e+02
1.844083339233359595e+02
1.845083339233359538e+02
1.846083339233359482e+02
1.847083339233359425e+02
1.848083339233359368e+02
1.849083339233359311e+02
1.850083339233359254e+02
1.851083339233359197e+02
1.852083339233359141e+02
1.853083339233359084e+02
1.854083339233359027e+02
1.855083339233358970e+02
1.856083339233358913e+02
1.857083339233358856e+02
1.858083339233358799e+02
1.859083339233358743e+02
1.860083339233358686e+02
1.861083339233358629e+02
1.862083339233358572e+02
1.863083339233358515e+02
1.864083339233358458e+02
1.865083339233358402e+02
1.866083339233358345e+02
1.867083339233358288e+02
1.868083339233358231e+02
1.869083339233358174e+02
1.870083339233358117e+02
1.871083339233358060e+02
1.872083339233358004e+02
1.873083339233357947e+02
1.874083339233357890e+02
1.875083339233357833e+02
1.876083339233357776e+02
1.877083339233357719e+02
1.878083339233357663e+02
1.879083339233357606e+02
1.880083339233357549e+02
1.881083339233357492e+02
1.882083339233357435e+02
1.883083339233357378e+02
1.884083339233357322e+02
1.885083339233357265e+02
1.886083339233357208e+02
1.887083339233357151e+02
1.888083339233357094e+02
1.889083339233357037e+02
1.890083339233356980e+02
1.891083339233356924e+02
1.892083339233356867e+02
1.893083339233356810e+02
1.894083339233356753e+02
1.895083339233356696e+02
1.896083339233356639e+02
1.897083339233356583e+02
1.898083339233356526e+02
1.899083339233356469e+02
1.900083339233356412e+02
1.901083339233356355e+02
1.902083339233356298e+02
1.903083339233356241e+02
1.904083339233356185e+02
1.905083339233356128e+02
1.906083339233356071e+02
1.907083339233356014e+02
1.908083339233355957e+02
1.909083339233355900e+02
1.910083339233355844e+02
1.911083339233355787e+02
1.912083339233355730e+02
1.913083339233355673e+02
1.914083339233355616e+02
1.915083339233355559e+02
1.916083339233355503e+02
1.917083339233355446e+02
1.918083339233355389e+02
1.919083339233355332e+02
1.920083339233355275e+02
1.921083339233355218e+02
1.922083339233355161e+02
1.923083339233355105e+02
1.924083339233355048e+02
1.925083339233354991e+02
1.926083339233354934e+02
1.927083339233354877e+02
1.928083339233354820e+02
1.929083339233354764e+02
1.930083339233354707e+02
1.931083339233354650e+02
1.932083339233354593e+02
1.933083339233354536e+02
1.934083339233354479e+02
1.935083339233354423e+02
1.936083339233354366e+02
1.937083339233354309e+02
1.938083339233354252e+02
1.939083339233354195e+02
1.940083339233354138e+02
1.941083339233354081e+02
1.942083339233354025e+02
1.943083339233353968e+02
1.944083339233353911e+02
1.945083339233353854e+02
1.946083339233353797e+02
1.947083339233353740e+02
1.948083339233353684e+02
1.949083339233353627e+02
1.950083339233353570e+02
1.951083339233353513e+02
1.952083339233353456e+02
1.953083339233353399e+02
1.954083339233353342e+02
1.955083339233353286e+02
1.956083339233353229e+02
1.957083339233353172e+02
1.958083339233353115e+02
1.959083339233353058e+02
1.960083339233353001e+02
1.961083339233352945e+02
1.962083339233352888e+02
1.963083339233352831e+02
1.964083339233352774e+02
1.965083339233352717e+02
1.966083339233352660e+02
1.967083339233352604e+02
1.968083339233352547e+02
1.969083339233352490e+02
1.970083339233352433e+02
1.971083339233352376e+02
1.972083339233352319e+02
1.973083339233352262e+02
1.974083339233352206e+02
1.975083339233352149e+02
1.976083339233352092e+02
1.977083339233352035e+02
1.978083339233351978e+02
1.979083339233351921e+02
1.980083339233351865e+02
1.981083339233351808e+02
1.982083339233351751e+02
1.983083339233351694e+02
1.984083339233351637e+02
1.985083339233351580e+02
1.986083339233351523e+02
1.987083339233351467e+02
1.988083339233351410e+02
1.989083339233351353e+02
1.990083339233351296e+02
1.991083339233351239e+02
1.992083339233351182e+02
1.993083339233351126e+02
1.994083339233351069e+02
1.995083339233351012e+02
1.996083339233350955e+02
1.997083339233350898e+02
1.998083339233350841e+02
1.999083339233350785e+02
2.000000000000000000e+02
