-1.000000000000000000e+02
-9.992419145522379154e+01
-9.982419145522379722e+01
-9.972419145522380290e+01
-9.962419145522380859e+01
-9.952419145522381427e+01
-9.942419145522381996e+01
-9.932419145522382564e+01
-9.922419145522383133e+01
-9.912419145522383701e+01
-9.902419145522384269e+01
-9.892419145522384838e+01
-9.882419145522385406e+01
-9.872419145522385975e+01
-9.862419145522386543e+01
-9.852419145522387112e+01
-9.842419145522387680e+01
-9.832419145522388249e+01
-9.822419145522388817e+01
-9.812419145522389385e+01
-9.802419145522389954e+01
-9.792419145522390522e+01
-9.782419145522391091e+01
-9.772419145522391659e+01
-9.762419145522392228e+01
-9.752419145522392796e+01
-9.742419145522393364e+01
-9.732419145522393933e+01
-9.722419145522394501e+01
-9.712419145522395070e+01
-9.702419145522395638e+01
-9.692419145522396207e+01
-9.682419145522396775e+01
-9.672419145522397343e+01
-9.662419145522397912e+01
-9.652419145522398480e+01
-9.642419145522399049e+01
-9.632419145522399617e+01
-9.622419145522400186e+01
-9.612419145522400754e+01
-9.602419145522401323e+01
-9.592419145522401891e+01
-9.582419145522402459e+01
-9.572419145522403028e+01
-9.562419145522403596e+01
-9.552419145522404165e+01
-9.542419145522404733e+01
-9.532419145522405302e+01
-9.522419145522405870e+01
-9.512419145522406438e+01
-9.502419145522407007e+01
-9.492419145522407575e+01
-9.482419145522408144e+01
-9.472419145522408712e+01
-9.462419145522409281e+01
-9.452419145522409849e+01
-9.442419145522410417e+01
-9.432419145522410986e+01
-9.422419145522411554e+01
-9.412419145522412123e+01
-9.402419145522412691e+01
-9.392419145522413260e+01
-9.382419145522413828e+01
-9.372419145522414397e+01
-9.362419145522414965e+01
-9.352419145522415533e+01
-9.342419145522416102e+01
-9.332419145522416670e+01
-9.322419145522417239e+01
-9.312419145522417807e+01
-9.302419145522418376e+01
-9.292419145522418944e+01
-9.282419145522419512e+01
-9.272419145522420081e+01
-9.262419145522420649e+01
-9.252419145522421218e+01
-9.242419145522421786e+01
-9.232419145522422355e+01
-9.222419145522422923e+01
-9.212419145522423491e+01
-9.202419145522424060e+01
-9.192419145522424628e+01
-9.182419145522425197e+01
-9.172419145522425765e+01
-9.162419145522426334e+01
-9.152419145522426902e+01
-9.142419145522427470e+01
-9.132419145522428039e+01
-9.122419145522428607e+01
-9.112419145522429176e+01
-9.102419145522429744e+01
-9.092419145522430313e+01
-9.082419145522430881e+01
-9.072419145522431450e+01
-9.062419145522432018e+01
-9.052419145522432586e+01
-9.042419145522433155e+01
-9.032419145522433723e+01
-9.022419145522434292e+01
-9.012419145522434860e+01
-9.002419145522435429e+01
-8.992419145522435997e+01
-8.982419145522436565e+01
-8.972419145522437134e+01
-8.962419145522437702e+01
-8.952419145522438271e+01
-8.942419145522438839e+01
-8.932419145522439408e+01
-8.922419145522439976e+01
-8.912419145522440544e+01
-8.902419145522441113e+01
-8.892419145522441681e+01
-8.882419145522442250e+01
-8.872419145522442818e+01
-8.862419145522443387e+01
-8.852419145522443955e+01
-8.842419145522444524e+01
-8.832419145522445092e+01
-8.822419145522445660e+01
-8.812419145522446229e+01
-8.802419145522446797e+01
-8.792419145522447366e+01
-8.782419145522447934e+01
-8.772419145522448503e+01
-8.762419145522449071e+01
-8.752419145522449639e+01
-8.742419145522450208e+01
-8.732419145522450776e+01
-8.722419145522451345e+01
-8.712419145522451913e+01
-8.702419145522452482e+01
-8.692419145522453050e+01
-8.682419145522453618e+01
-8.672419145522454187e+01
-8.662419145522454755e+01
-8.652419145522455324e+01
-8.642419145522455892e+01
-8.632419145522456461e+01
-8.622419145522457029e+01
-8.612419145522457598e+01
-8.602419145522458166e+01
-8.592419145522458734e+01
-8.582419145522459303e+01
-8.572419145522459871e+01
-8.562419145522460440e+01
-8.552419145522461008e+01
-8.542419145522461577e+01
-8.532419145522462145e+01
-8.522419145522462713e+01
-8.512419145522463282e+01
-8.502419145522463850e+01
-8.492419145522464419e+01
-8.482419145522464987e+01
-8.472419145522465556e+01
-8.462419145522466124e+01
-8.452419145522466692e+01
-8.442419145522467261e+01
-8.432419145522467829e+01
-8.422419145522468398e+01
-8.412419145522468966e+01
-8.402419145522469535e+01
-8.392419145522470103e+01
-8.382419145522470671e+01
-8.372419145522471240e+01
-8.362419145522471808e+01
-8.352419145522472377e+01
-8.342419145522472945e+01
-8.332419145522473514e+01
-8.322419145522474082e+01
-8.312419145522474651e+01
-8.302419145522475219e+01
-8.292419145522475787e+01
-8.282419145522476356e+01
-8.272419145522476924e+01
-8.262419145522477493e+01
-8.252419145522478061e+01
-8.242419145522478630e+01
-8.232419145522479198e+01
-8.222419145522479766e+01
-8.212419145522480335e+01
-8.202419145522480903e+01
-8.192419145522481472e+01
-8.182419145522482040e+01
-8.172419145522482609e+01
-8.162419145522483177e+01
-8.152419145522483745e+01
-8.142419145522484314e+01
-8.132419145522484882e+01
-8.122419145522485451e+01
-8.112419145522486019e+01
-8.102419145522486588e+01
-8.092419145522487156e+01
-8.082419145522487725e+01
-8.072419145522488293e+01
-8.062419145522488861e+01
-8.052419145522489430e+01
-8.042419145522489998e+01
-8.032419145522490567e+01
-8.022419145522491135e+01
-8.012419145522491704e+01
-8.002419145522492272e+01
-7.992419145522492840e+01
-7.982419145522493409e+01
-7.972419145522493977e+01
-7.962419145522494546e+01
-7.952419145522495114e+01
-7.942419145522495683e+01
-7.932419145522496251e+01
-7.922419145522496819e+01
-7.912419145522497388e+01
-7.902419145522497956e+01
-7.892419145522498525e+01
-7.882419145522499093e+01
-7.872419145522499662e+01
-7.862419145522500230e+01
-7.852419145522500799e+01
-7.842419145522501367e+01
-7.832419145522501935e+01
-7.822419145522502504e+01
-7.812419145522503072e+01
-7.802419145522503641e+01
-7.792419145522504209e+01
-7.782419145522504778e+01
-7.772419145522505346e+01
-7.762419145522505914e+01
-7.752419145522506483e+01
-7.742419145522507051e+01
-7.732419145522507620e+01
-7.722419145522508188e+01
-7.712419145522508757e+01
-7.702419145522509325e+01
-7.692419145522509893e+01
-7.682419145522510462e+01
-7.672419145522511030e+01
-7.662419145522511599e+01
-7.652419145522512167e+01
-7.642419145522512736e+01
-7.632419145522513304e+01
-7.622419145522513872e+01
-7.612419145522514441e+01
-7.602419145522515009e+01
-7.592419145522515578e+01
-7.582419145522516146e+01
-7.572419145522516715e+01
-7.562419145522517283e+01
-7.552419145522517852e+01
-7.542419145522518420e+01
-7.532419145522518988e+01
-7.522419145522519557e+01
-7.512419145522520125e+01
-7.502419145522520694e+01
-7.492419145522521262e+01
-7.482419145522521831e+01
-7.472419145522522399e+01
-7.462419145522522967e+01
-7.452419145522523536e+01
-7.442419145522524104e+01
-7.432419145522524673e+01
-7.422419145522525241e+01
-7.412419145522525810e+01
-7.402419145522526378e+01
-7.392419145522526946e+01
-7.382419145522527515e+01
-7.372419145522528083e+01
-7.362419145522528652e+01
-7.352419145522529220e+01
-7.342419145522529789e+01
-7.332419145522530357e+01
-7.322419145522530926e+01
-7.312419145522531494e+01
-7.302419145522532062e+01
-7.292419145522532631e+01
-7.282419145522533199e+01
-7.272419145522533768e+01
-7.262419145522534336e+01
-7.252419145522534905e+01
-7.242419145522535473e+01
-7.232419145522536041e+01
-7.222419145522536610e+01
-7.212419145522537178e+01
-7.202419145522537747e+01
-7.192419145522538315e+01
-7.182419145522538884e+01
-7.172419145522539452e+01
-7.162419145522540020e+01
-7.152419145522540589e+01
-7.142419145522541157e+01
-7.132419145522541726e+01
-7.122419145522542294e+01
-7.112419145522542863e+01
-7.102419145522543431e+01
-7.092419145522544000e+01
-7.082419145522544568e+01
-7.072419145522545136e+01
-7.062419145522545705e+01
-7.052419145522546273e+01
-7.042419145522546842e+01
-7.032419145522547410e+01
-7.022419145522547979e+01
-7.012419145522548547e+01
-7.002419145522549115e+01
-6.992419145522549684e+01
-6.982419145522550252e+01
-6.972419145522550821e+01
-6.962419145522551389e+01
-6.952419145522551958e+01
-6.942419145522552526e+01
-6.932419145522553094e+01
-6.922419145522553663e+01
-6.912419145522554231e+01
-6.902419145522554800e+01
-6.892419145522555368e+01
-6.882419145522555937e+01
-6.872419145522556505e+01
-6.862419145522557073e+01
-6.852419145522557642e+01
-6.842419145522558210e+01
-6.832419145522558779e+01
-6.822419145522559347e+01
-6.812419145522559916e+01
-6.802419145522560484e+01
-6.792419145522561053e+01
-6.782419145522561621e+01
-6.772419145522562189e+01
-6.762419145522562758e+01
-6.752419145522563326e+01
-6.742419145522563895e+01
-6.732419145522564463e+01
-6.722419145522565032e+01
-6.712419145522565600e+01
-6.702419145522566168e+01
-6.692419145522566737e+01
-6.682419145522567305e+01
-6.672419145522567874e+01
-6.662419145522568442e+01
-6.652419145522569011e+01
-6.642419145522569579e+01
-6.632419145522570147e+01
-6.622419145522570716e+01
-6.612419145522571284e+01
-6.602419145522571853e+01
-6.592419145522572421e+01
-6.582419145522572990e+01
-6.572419145522573558e+01
-6.562419145522574127e+01
-6.552419145522574695e+01
-6.542419145522575263e+01
-6.532419145522575832e+01
-6.522419145522576400e+01
-6.512419145522576969e+01
-6.502419145522577537e+01
-6.492419145522578106e+01
-6.482419145522578674e+01
-6.472419145522579242e+01
-6.462419145522579811e+01
-6.452419145522580379e+01
-6.442419145522580948e+01
-6.432419145522581516e+01
-6.422419145522582085e+01
-6.412419145522582653e+01
-6.402419145522583221e+01
-6.392419145522583079e+01
-6.382419145522582937e+01
-6.372419145522582795e+01
-6.362419145522582653e+01
-6.352419145522582511e+01
-6.342419145522582369e+01
-6.332419145522582227e+01
-6.322419145522582085e+01
-6.312419145522581942e+01
-6.302419145522581800e+01
-6.292419145522581658e+01
-6.282419145522581516e+01
-6.272419145522581374e+01
-6.262419145522581232e+01
-6.252419145522581090e+01
-6.242419145522580948e+01
-6.232419145522580806e+01
-6.222419145522580664e+01
-6.212419145522580521e+01
-6.202419145522580379e+01
-6.192419145522580237e+01
-6.182419145522580095e+01
-6.172419145522579953e+01
-6.162419145522579811e+01
-6.152419145522579669e+01
-6.142419145522579527e+01
-6.132419145522579385e+01
-6.122419145522579242e+01
-6.112419145522579100e+01
-6.102419145522578958e+01
-6.092419145522578816e+01
-6.082419145522578674e+01
-6.072419145522578532e+01
-6.062419145522578390e+01
-6.052419145522578248e+01
-6.042419145522578106e+01
-6.032419145522577963e+01
-6.022419145522577821e+01
-6.012419145522577679e+01
-6.002419145522577537e+01
-5.992419145522577395e+01
-5.982419145522577253e+01
-5.972419145522577111e+01
-5.962419145522576969e+01
-5.952419145522576827e+01
-5.942419145522576684e+01
-5.932419145522576542e+01
-5.922419145522576400e+01
-5.912419145522576258e+01
-5.902419145522576116e+01
-5.892419145522575974e+01
-5.882419145522575832e+01
-5.872419145522575690e+01
-5.862419145522575548e+01
-5.852419145522575405e+01
-5.842419145522575263e+01
-5.832419145522575121e+01
-5.822419145522574979e+01
-5.812419145522574837e+01
-5.802419145522574695e+01
-5.792419145522574553e+01
-5.782419145522574411e+01
-5.772419145522574269e+01
-5.762419145522574127e+01
-5.752419145522573984e+01
-5.742419145522573842e+01
-5.732419145522573700e+01
-5.722419145522573558e+01
-5.712419145522573416e+01
-5.702419145522573274e+01
-5.692419145522573132e+01
-5.682419145522572990e+01
-5.672419145522572848e+01
-5.662419145522572705e+01
-5.652419145522572563e+01
-5.642419145522572421e+01
-5.632419145522572279e+01
-5.622419145522572137e+01
-5.612419145522571995e+01
-5.602419145522571853e+01
-5.592419145522571711e+01
-5.582419145522571569e+01
-5.572419145522571426e+01
-5.562419145522571284e+01
-5.552419145522571142e+01
-5.542419145522571000e+01
-5.532419145522570858e+01
-5.522419145522570716e+01
-5.512419145522570574e+01
-5.502419145522570432e+01
-5.492419145522570290e+01
-5.482419145522570147e+01
-5.472419145522570005e+01
-5.462419145522569863e+01
-5.452419145522569721e+01
-5.442419145522569579e+01
-5.432419145522569437e+01
-5.422419145522569295e+01
-5.412419145522569153e+01
-5.402419145522569011e+01
-5.392419145522568869e+01
-5.382419145522568726e+01
-5.372419145522568584e+01
-5.362419145522568442e+01
-5.352419145522568300e+01
-5.342419145522568158e+01
-5.332419145522568016e+01
-5.322419145522567874e+01
-5.312419145522567732e+01
-5.302419145522567590e+01
-5.292419145522567447e+01
-5.282419145522567305e+01
-5.272419145522567163e+01
-5.262419145522567021e+01
-5.252419145522566879e+01
-5.242419145522566737e+01
-5.232419145522566595e+01
-5.222419145522566453e+01
-5.212419145522566311e+01
-5.202419145522566168e+01
-5.192419145522566026e+01
-5.182419145522565884e+01
-5.172419145522565742e+01
-5.162419145522565600e+01
-5.152419145522565458e+01
-5.142419145522565316e+01
-5.132419145522565174e+01
-5.122419145522565032e+01
-5.112419145522564889e+01
-5.102419145522564747e+01
-5.092419145522564605e+01
-5.082419145522564463e+01
-5.072419145522564321e+01
-5.062419145522564179e+01
-5.052419145522564037e+01
-5.042419145522563895e+01
-5.032419145522563753e+01
-5.022419145522563610e+01
-5.012419145522563468e+01
-5.002419145522563326e+01
-4.992419145522563184e+01
-4.982419145522563042e+01
-4.972419145522562900e+01
-4.962419145522562758e+01
-4.952419145522562616e+01
-4.942419145522562474e+01
-4.932419145522562332e+01
-4.922419145522562189e+01
-4.912419145522562047e+01
-4.902419145522561905e+01
-4.892419145522561763e+01
-4.882419145522561621e+01
-4.872419145522561479e+01
-4.862419145522561337e+01
-4.852419145522561195e+01
-4.842419145522561053e+01
-4.832419145522560910e+01
-4.822419145522560768e+01
-4.812419145522560626e+01
-4.802419145522560484e+01
-4.792419145522560342e+01
-4.782419145522560200e+01
-4.772419145522560058e+01
-4.762419145522559916e+01
-4.752419145522559774e+01
-4.742419145522559631e+01
-4.732419145522559489e+01
-4.722419145522559347e+01
-4.712419145522559205e+01
-4.702419145522559063e+01
-4.692419145522558921e+01
-4.682419145522558779e+01
-4.672419145522558637e+01
-4.662419145522558495e+01
-4.652419145522558352e+01
-4.642419145522558210e+01
-4.632419145522558068e+01
-4.622419145522557926e+01
-4.612419145522557784e+01
-4.602419145522557642e+01
-4.592419145522557500e+01
-4.582419145522557358e+01
-4.572419145522557216e+01
-4.562419145522557073e+01
-4.552419145522556931e+01
-4.542419145522556789e+01
-4.532419145522556647e+01
-4.522419145522556505e+01
-4.512419145522556363e+01
-4.502419145522556221e+01
-4.492419145522556079e+01
-4.482419145522555937e+01
-4.472419145522555795e+01
-4.462419145522555652e+01
-4.452419145522555510e+01
-4.442419145522555368e+01
-4.432419145522555226e+01
-4.422419145522555084e+01
-4.412419145522554942e+01
-4.402419145522554800e+01
-4.392419145522554658e+01
-4.382419145522554516e+01
-4.372419145522554373e+01
-4.362419145522554231e+01
-4.352419145522554089e+01
-4.342419145522553947e+01
-4.332419145522553805e+01
-4.322419145522553663e+01
-4.312419145522553521e+01
-4.302419145522553379e+01
-4.292419145522553237e+01
-4.282419145522553094e+01
-4.272419145522552952e+01
-4.262419145522552810e+01
-4.252419145522552668e+01
-4.242419145522552526e+01
-4.232419145522552384e+01
-4.222419145522552242e+01
-4.212419145522552100e+01
-4.202419145522551958e+01
-4.192419145522551815e+01
-4.182419145522551673e+01
-4.172419145522551531e+01
-4.162419145522551389e+01
-4.152419145522551247e+01
-4.142419145522551105e+01
-4.132419145522550963e+01
-4.122419145522550821e+01
-4.112419145522550679e+01
-4.102419145522550536e+01
-4.092419145522550394e+01
-4.082419145522550252e+01
-4.072419145522550110e+01
-4.062419145522549968e+01
-4.052419145522549826e+01
-4.042419145522549684e+01
-4.032419145522549542e+01
-4.022419145522549400e+01
-4.012419145522549258e+01
-4.002419145522549115e+01
-3.992419145522548973e+01
-3.982419145522548831e+01
-3.972419145522548689e+01
-3.962419145522548547e+01
-3.952419145522548405e+01
-3.942419145522548263e+01
-3.932419145522548121e+01
-3.922419145522547979e+01
-3.912419145522547836e+01
-3.902419145522547694e+01
-3.892419145522547552e+01
-3.882419145522547410e+01
-3.872419145522547268e+01
-3.862419145522547126e+01
-3.852419145522546984e+01
-3.842419145522546842e+01
-3.832419145522546700e+01
-3.822419145522546557e+01
-3.812419145522546415e+01
-3.802419145522546273e+01
-3.792419145522546131e+01
-3.782419145522545989e+01
-3.772419145522545847e+01
-3.762419145522545705e+01
-3.752419145522545563e+01
-3.742419145522545421e+01
-3.732419145522545278e+01
-3.722419145522545136e+01
-3.712419145522544994e+01
-3.702419145522544852e+01
-3.692419145522544710e+01
-3.682419145522544568e+01
-3.672419145522544426e+01
-3.662419145522544284e+01
-3.652419145522544142e+01
-3.642419145522544000e+01
-3.632419145522543857e+01
-3.622419145522543715e+01
-3.612419145522543573e+01
-3.602419145522543431e+01
-3.592419145522543289e+01
-3.582419145522543147e+01
-3.572419145522543005e+01
-3.562419145522542863e+01
-3.552419145522542721e+01
-3.542419145522542578e+01
-3.532419145522542436e+01
-3.522419145522542294e+01
-3.512419145522542152e+01
-3.502419145522542010e+01
-3.492419145522541868e+01
-3.482419145522541726e+01
-3.472419145522541584e+01
-3.462419145522541442e+01
-3.452419145522541299e+01
-3.442419145522541157e+01
-3.432419145522541015e+01
-3.422419145522540873e+01
-3.412419145522540731e+01
-3.402419145522540589e+01
-3.392419145522540447e+01
-3.382419145522540305e+01
-3.372419145522540163e+01
-3.362419145522540020e+01
-3.352419145522539878e+01
-3.342419145522539736e+01
-3.332419145522539594e+01
-3.322419145522539452e+01
-3.312419145522539310e+01
-3.302419145522539168e+01
-3.292419145522539026e+01
-3.282419145522538884e+01
-3.272419145522538741e+01
-3.262419145522538599e+01
-3.252419145522538457e+01
-3.242419145522538315e+01
-3.232419145522538173e+01
-3.222419145522538031e+01
-3.212419145522537889e+01
-3.202419145522537747e+01
-3.192419145522537605e+01
-3.182419145522537463e+01
-3.172419145522537320e+01
-3.162419145522537178e+01
-3.152419145522537036e+01
-3.142419145522536894e+01
-3.132419145522536752e+01
-3.122419145522536610e+01
-3.112419145522536468e+01
-3.102419145522536326e+01
-3.092419145522536184e+01
-3.082419145522536041e+01
-3.072419145522535899e+01
-3.062419145522535757e+01
-3.052419145522535615e+01
-3.042419145522535473e+01
-3.032419145522535331e+01
-3.022419145522535189e+01
-3.012419145522535047e+01
-3.002419145522534905e+01
-2.992419145522534762e+01
-2.982419145522534620e+01
-2.972419145522534478e+01
-2.962419145522534336e+01
-2.952419145522534194e+01
-2.942419145522534052e+01
-2.932419145522533910e+01
-2.922419145522533768e+01
-2.912419145522533626e+01
-2.902419145522533483e+01
-2.892419145522533341e+01
-2.882419145522533199e+01
-2.872419145522533057e+01
-2.862419145522532915e+01
-2.852419145522532773e+01
-2.842419145522532631e+01
-2.832419145522532489e+01
-2.822419145522532347e+01
-2.812419145522532204e+01
-2.802419145522532062e+01
-2.792419145522531920e+01
-2.782419145522531778e+01
-2.772419145522531636e+01
-2.762419145522531494e+01
-2.752419145522531352e+01
-2.742419145522531210e+01
-2.732419145522531068e+01
-2.722419145522530926e+01
-2.712419145522530783e+01
-2.702419145522530641e+01
-2.692419145522530499e+01
-2.682419145522530357e+01
-2.672419145522530215e+01
-2.662419145522530073e+01
-2.652419145522529931e+01
-2.642419145522529789e+01
-2.632419145522529647e+01
-2.622419145522529504e+01
-2.612419145522529362e+01
-2.602419145522529220e+01
-2.592419145522529078e+01
-2.582419145522528936e+01
-2.572419145522528794e+01
-2.562419145522528652e+01
-2.552419145522528510e+01
-2.542419145522528368e+01
-2.532419145522528225e+01
-2.522419145522528083e+01
-2.512419145522527941e+01
-2.502419145522527799e+01
-2.492419145522527657e+01
-2.482419145522527515e+01
-2.472419145522527373e+01
-2.462419145522527231e+01
-2.452419145522527089e+01
-2.442419145522526946e+01
-2.432419145522526804e+01
-2.422419145522526662e+01
-2.412419145522526520e+01
-2.402419145522526378e+01
-2.392419145522526236e+01
-2.382419145522526094e+01
-2.372419145522525952e+01
-2.362419145522525810e+01
-2.352419145522525668e+01
-2.342419145522525525e+01
-2.332419145522525383e+01
-2.322419145522525241e+01
-2.312419145522525099e+01
-2.302419145522524957e+01
-2.292419145522524815e+01
-2.282419145522524673e+01
-2.272419145522524531e+01
-2.262419145522524389e+01
-2.252419145522524246e+01
-2.242419145522524104e+01
-2.232419145522523962e+01
-2.222419145522523820e+01
-2.212419145522523678e+01
-2.202419145522523536e+01
-2.192419145522523394e+01
-2.182419145522523252e+01
-2.172419145522523110e+01
-2.162419145522522967e+01
-2.152419145522522825e+01
-2.142419145522522683e+01
-2.132419145522522541e+01
-2.122419145522522399e+01
-2.112419145522522257e+01
-2.102419145522522115e+01
-2.092419145522521973e+01
-2.082419145522521831e+01
-2.072419145522521688e+01
-2.062419145522521546e+01
-2.052419145522521404e+01
-2.042419145522521262e+01
-2.032419145522521120e+01
-2.022419145522520978e+01
-2.012419145522520836e+01
-2.002419145522520694e+01
-1.992419145522520552e+01
-1.982419145522520409e+01
-1.972419145522520267e+01
-1.962419145522520125e+01
-1.952419145522519983e+01
-1.942419145522519841e+01
-1.932419145522519699e+01
-1.922419145522519557e+01
-1.912419145522519415e+01
-1.902419145522519273e+01
-1.892419145522519131e+01
-1.882419145522518988e+01
-1.872419145522518846e+01
-1.862419145522518704e+01
-1.852419145522518562e+01
-1.842419145522518420e+01
-1.832419145522518278e+01
-1.822419145522518136e+01
-1.812419145522517994e+01
-1.802419145522517852e+01
-1.792419145522517709e+01
-1.782419145522517567e+01
-1.772419145522517425e+01
-1.762419145522517283e+01
-1.752419145522517141e+01
-1.742419145522516999e+01
-1.732419145522516857e+01
-1.722419145522516715e+01
-1.712419145522516573e+01
-1.702419145522516430e+01
-1.692419145522516288e+01
-1.682419145522516146e+01
-1.672419145522516004e+01
-1.662419145522515862e+01
-1.652419145522515720e+01
-1.642419145522515578e+01
-1.632419145522515436e+01
-1.622419145522515294e+01
-1.612419145522515151e+01
-1.602419145522515009e+01
-1.592419145522515045e+01
-1.582419145522515080e+01
-1.572419145522515116e+01
-1.562419145522515151e+01
-1.552419145522515187e+01
-1.542419145522515223e+01
-1.532419145522515258e+01
-1.522419145522515294e+01
-1.512419145522515329e+01
-1.502419145522515365e+01
-1.492419145522515400e+01
-1.482419145522515436e+01
-1.472419145522515471e+01
-1.462419145522515507e+01
-1.452419145522515542e+01
-1.442419145522515578e+01
-1.432419145522515613e+01
-1.422419145522515649e+01
-1.412419145522515684e+01
-1.402419145522515720e+01
-1.392419145522515755e+01
-1.382419145522515791e+01
-1.372419145522515826e+01
-1.362419145522515862e+01
-1.352419145522515898e+01
-1.342419145522515933e+01
-1.332419145522515969e+01
-1.322419145522516004e+01
-1.312419145522516040e+01
-1.302419145522516075e+01
-1.292419145522516111e+01
-1.282419145522516146e+01
-1.272419145522516182e+01
-1.262419145522516217e+01
-1.252419145522516253e+01
-1.242419145522516288e+01
-1.232419145522516324e+01
-1.222419145522516359e+01
-1.212419145522516395e+01
-1.202419145522516430e+01
-1.192419145522516466e+01
-1.182419145522516502e+01
-1.172419145522516537e+01
-1.162419145522516573e+01
-1.152419145522516608e+01
-1.142419145522516644e+01
-1.132419145522516679e+01
-1.122419145522516715e+01
-1.112419145522516750e+01
-1.102419145522516786e+01
-1.092419145522516821e+01
-1.082419145522516857e+01
-1.072419145522516892e+01
-1.062419145522516928e+01
-1.052419145522516963e+01
-1.042419145522516999e+01
-1.032419145522517034e+01
-1.022419145522517070e+01
-1.012419145522517105e+01
-1.002419145522517141e+01
-9.924191455225171765e+00
-9.824191455225172120e+00
-9.724191455225172476e+00
-9.624191455225172831e+00
-9.524191455225173186e+00
-9.424191455225173542e+00
-9.324191455225173897e+00
-9.224191455225174252e+00
-9.124191455225174607e+00
-9.024191455225174963e+00
-8.924191455225175318e+00
-8.824191455225175673e+00
-8.724191455225176028e+00
-8.624191455225176384e+00
-8.524191455225176739e+00
-8.424191455225177094e+00
-8.324191455225177450e+00
-8.224191455225177805e+00
-8.124191455225178160e+00
-8.024191455225178515e+00
-7.924191455225178871e+00
-7.824191455225179226e+00
-7.724191455225179581e+00
-7.624191455225179936e+00
-7.524191455225180292e+00
-7.424191455225180647e+00
-7.324191455225181002e+00
-7.224191455225181357e+00
-7.124191455225181713e+00
-7.024191455225182068e+00
-6.924191455225182423e+00
-6.824191455225182779e+00
-6.724191455225183134e+00
-6.624191455225183489e+00
-6.524191455225183844e+00
-6.424191455225184200e+00
-6.324191455225184555e+00
-6.224191455225184910e+00
-6.124191455225185265e+00
-6.024191455225185621e+00
-5.924191455225185976e+00
-5.824191455225186331e+00
-5.724191455225186687e+00
-5.624191455225187042e+00
-5.524191455225187397e+00
-5.424191455225187752e+00
-5.324191455225188108e+00
-5.224191455225188463e+00
-5.124191455225188818e+00
-5.024191455225189173e+00
-4.924191455225189529e+00
-4.824191455225189884e+00
-4.724191455225190239e+00
-4.624191455225190595e+00
-4.524191455225190950e+00
-4.424191455225191305e+00
-4.324191455225191660e+00
-4.224191455225192016e+00
-4.124191455225192371e+00
-4.024191455225192726e+00
-3.924191455225192637e+00
-3.824191455225192549e+00
-3.724191455225192460e+00
-3.624191455225192371e+00
-3.524191455225192282e+00
-3.424191455225192193e+00
-3.324191455225192104e+00
-3.224191455225192016e+00
-3.124191455225191927e+00
-3.024191455225191838e+00
-2.924191455225191749e+00
-2.824191455225191660e+00
-2.724191455225191572e+00
-2.624191455225191483e+00
-2.524191455225191394e+00
-2.424191455225191305e+00
-2.324191455225191216e+00
-2.224191455225191127e+00
-2.124191455225191039e+00
-2.024191455225190950e+00
-1.924191455225190861e+00
-1.824191455225190772e+00
-1.724191455225190683e+00
-1.624191455225190595e+00
-1.524191455225190506e+00
-1.424191455225190417e+00
-1.324191455225190328e+00
-1.224191455225190239e+00
-1.124191455225190150e+00
-1.024191455225190062e+00
-9.241914552251900838e-01
-8.241914552251901060e-01
-7.241914552251901283e-01
-6.241914552251901505e-01
-5.241914552251901727e-01
-4.241914552251901949e-01
-3.241914552251902171e-01
-2.241914552251902115e-01
-1.241914552251902060e-01
-2.419145522519020042e-02
7.580854477480980513e-02
1.758085447748098107e-01
2.758085447748098162e-01
3.758085447748098495e-01
4.758085447748098273e-01
5.758085447748098051e-01
6.758085447748097829e-01
7.758085447748097607e-01
8.758085447748097385e-01
9.758085447748097163e-01
1.075808544774809805e+00
1.175808544774809894e+00
1.275808544774809983e+00
1.375808544774810072e+00
1.475808544774810160e+00
1.575808544774810249e+00
1.675808544774810338e+00
1.775808544774810427e+00
1.875808544774810516e+00
1.975808544774810604e+00
2.075808544774810471e+00
2.175808544774810560e+00
2.275808544774810649e+00
2.375808544774810738e+00
2.475808544774810827e+00
2.575808544774810915e+00
2.675808544774811004e+00
2.775808544774811093e+00
2.875808544774811182e+00
2.975808544774811271e+00
3.075808544774811359e+00
3.175808544774811448e+00
3.275808544774811537e+00
3.375808544774811626e+00
3.475808544774811715e+00
3.575808544774811804e+00
3.675808544774811892e+00
3.775808544774811981e+00
3.875808544774812070e+00
3.975808544774812159e+00
4.075808544774812248e+00
4.175808544774811892e+00
4.275808544774811537e+00
4.375808544774811182e+00
4.475808544774810827e+00
4.575808544774810471e+00
4.675808544774810116e+00
4.775808544774809761e+00
4.875808544774809405e+00
4.975808544774809050e+00
5.075808544774808695e+00
5.175808544774808340e+00
5.275808544774807984e+00
5.375808544774807629e+00
5.475808544774807274e+00
5.575808544774806919e+00
5.675808544774806563e+00
5.775808544774806208e+00
5.875808544774805853e+00
5.975808544774805497e+00
6.075808544774805142e+00
6.175808544774804787e+00
6.275808544774804432e+00
6.375808544774804076e+00
6.475808544774803721e+00
6.575808544774803366e+00
6.675808544774803011e+00
6.775808544774802655e+00
6.875808544774802300e+00
6.975808544774801945e+00
7.075808544774801589e+00
7.175808544774801234e+00
7.275808544774800879e+00
7.375808544774800524e+00
7.475808544774800168e+00
7.575808544774799813e+00
7.675808544774799458e+00
7.775808544774799103e+00
7.875808544774798747e+00
7.975808544774798392e+00
8.075808544774798037e+00
8.175808544774797681e+00
8.275808544774797326e+00
8.375808544774796971e+00
8.475808544774796616e+00
8.575808544774796260e+00
8.675808544774795905e+00
8.775808544774795550e+00
8.875808544774795195e+00
8.975808544774794839e+00
9.075808544774794484e+00
9.175808544774794129e+00
9.275808544774793774e+00
9.375808544774793418e+00
9.475808544774793063e+00
9.575808544774792708e+00
9.675808544774792352e+00
9.775808544774791997e+00
9.875808544774791642e+00
9.975808544774791287e+00
1.007580854477479093e+01
1.017580854477479058e+01
1.027580854477479022e+01
1.037580854477478987e+01
1.047580854477478951e+01
1.057580854477478915e+01
1.067580854477478880e+01
1.077580854477478844e+01
1.087580854477478809e+01
1.097580854477478773e+01
1.107580854477478738e+01
1.117580854477478702e+01
1.127580854477478667e+01
1.137580854477478631e+01
1.147580854477478596e+01
1.157580854477478560e+01
1.167580854477478525e+01
1.177580854477478489e+01
1.187580854477478454e+01
1.197580854477478418e+01
1.207580854477478383e+01
1.217580854477478347e+01
1.227580854477478312e+01
1.237580854477478276e+01
1.247580854477478240e+01
1.257580854477478205e+01
1.267580854477478169e+01
1.277580854477478134e+01
1.287580854477478098e+01
1.297580854477478063e+01
1.307580854477478027e+01
1.317580854477477992e+01
1.327580854477477956e+01
1.337580854477477921e+01
1.347580854477477885e+01
1.357580854477477850e+01
1.367580854477477814e+01
1.377580854477477779e+01
1.387580854477477743e+01
1.397580854477477708e+01
1.407580854477477672e+01
1.417580854477477637e+01
1.427580854477477601e+01
1.437580854477477565e+01
1.447580854477477530e+01
1.457580854477477494e+01
1.467580854477477459e+01
1.477580854477477423e+01
1.487580854477477388e+01
1.497580854477477352e+01
1.507580854477477317e+01
1.517580854477477281e+01
1.527580854477477246e+01
1.537580854477477210e+01
1.547580854477477175e+01
1.557580854477477139e+01
1.567580854477477104e+01
1.577580854477477068e+01
1.587580854477477033e+01
1.597580854477476997e+01
1.607580854477476962e+01
1.617580854477477104e+01
1.627580854477477246e+01
1.637580854477477388e+01
1.647580854477477530e+01
1.657580854477477672e+01
1.667580854477477814e+01
1.677580854477477956e+01
1.687580854477478098e+01
1.697580854477478240e+01
1.707580854477478383e+01
1.717580854477478525e+01
1.727580854477478667e+01
1.737580854477478809e+01
1.747580854477478951e+01
1.757580854477479093e+01
1.767580854477479235e+01
1.777580854477479377e+01
1.787580854477479519e+01
1.797580854477479662e+01
1.807580854477479804e+01
1.817580854477479946e+01
1.827580854477480088e+01
1.837580854477480230e+01
1.847580854477480372e+01
1.857580854477480514e+01
1.867580854477480656e+01
1.877580854477480798e+01
1.887580854477480941e+01
1.897580854477481083e+01
1.907580854477481225e+01
1.917580854477481367e+01
1.927580854477481509e+01
1.937580854477481651e+01
1.947580854477481793e+01
1.957580854477481935e+01
1.967580854477482077e+01
1.977580854477482220e+01
1.987580854477482362e+01
1.997580854477482504e+01
2.007580854477482646e+01
2.017580854477482788e+01
2.027580854477482930e+01
2.037580854477483072e+01
2.047580854477483214e+01
2.057580854477483356e+01
2.067580854477483498e+01
2.077580854477483641e+01
2.087580854477483783e+01
2.097580854477483925e+01
2.107580854477484067e+01
2.117580854477484209e+01
2.127580854477484351e+01
2.137580854477484493e+01
2.147580854477484635e+01
2.157580854477484777e+01
2.167580854477484920e+01
2.177580854477485062e+01
2.187580854477485204e+01
2.197580854477485346e+01
2.207580854477485488e+01
2.217580854477485630e+01
2.227580854477485772e+01
2.237580854477485914e+01
2.247580854477486056e+01
2.257580854477486199e+01
2.267580854477486341e+01
2.277580854477486483e+01
2.287580854477486625e+01
2.297580854477486767e+01
2.307580854477486909e+01
2.317580854477487051e+01
2.327580854477487193e+01
2.337580854477487335e+01
2.347580854477487478e+01
2.357580854477487620e+01
2.367580854477487762e+01
2.377580854477487904e+01
2.387580854477488046e+01
2.397580854477488188e+01
2.407580854477488330e+01
2.417580854477488472e+01
2.427580854477488614e+01
2.437580854477488757e+01
2.447580854477488899e+01
2.457580854477489041e+01
2.467580854477489183e+01
2.477580854477489325e+01
2.487580854477489467e+01
2.497580854477489609e+01
2.507580854477489751e+01
2.517580854477489893e+01
2.527580854477490035e+01
2.537580854477490178e+01
2.547580854477490320e+01
2.557580854477490462e+01
2.567580854477490604e+01
2.577580854477490746e+01
2.587580854477490888e+01
2.597580854477491030e+01
2.607580854477491172e+01
2.617580854477491314e+01
2.627580854477491457e+01
2.637580854477491599e+01
2.647580854477491741e+01
2.657580854477491883e+01
2.667580854477492025e+01
2.677580854477492167e+01
2.687580854477492309e+01
2.697580854477492451e+01
2.707580854477492593e+01
2.717580854477492736e+01
2.727580854477492878e+01
2.737580854477493020e+01
2.747580854477493162e+01
2.757580854477493304e+01
2.767580854477493446e+01
2.777580854477493588e+01
2.787580854477493730e+01
2.797580854477493872e+01
2.807580854477494015e+01
2.817580854477494157e+01
2.827580854477494299e+01
2.837580854477494441e+01
2.847580854477494583e+01
2.857580854477494725e+01
2.867580854477494867e+01
2.877580854477495009e+01
2.887580854477495151e+01
2.897580854477495294e+01
2.907580854477495436e+01
2.917580854477495578e+01
2.927580854477495720e+01
2.937580854477495862e+01
2.947580854477496004e+01
2.957580854477496146e+01
2.967580854477496288e+01
2.977580854477496430e+01
2.987580854477496572e+01
2.997580854477496715e+01
3.007580854477496857e+01
3.017580854477496999e+01
3.027580854477497141e+01
3.037580854477497283e+01
3.047580854477497425e+01
3.057580854477497567e+01
3.067580854477497709e+01
3.077580854477497851e+01
3.087580854477497994e+01
3.097580854477498136e+01
3.107580854477498278e+01
3.117580854477498420e+01
3.127580854477498562e+01
3.137580854477498704e+01
3.147580854477498846e+01
3.157580854477498988e+01
3.167580854477499130e+01
3.177580854477499273e+01
3.187580854477499415e+01
3.197580854477499557e+01
3.207580854477499344e+01
3.217580854477499486e+01
3.227580854477499628e+01
3.237580854477499770e+01
3.247580854477499912e+01
3.257580854477500054e+01
3.267580854477500196e+01
3.277580854477500338e+01
3.287580854477500480e+01
3.297580854477500623e+01
3.307580854477500765e+01
3.317580854477500907e+01
3.327580854477501049e+01
3.337580854477501191e+01
3.347580854477501333e+01
3.357580854477501475e+01
3.367580854477501617e+01
3.377580854477501759e+01
3.387580854477501902e+01
3.397580854477502044e+01
3.407580854477502186e+01
3.417580854477502328e+01
3.427580854477502470e+01
3.437580854477502612e+01
3.447580854477502754e+01
3.457580854477502896e+01
3.467580854477503038e+01
3.477580854477503181e+01
3.487580854477503323e+01
3.497580854477503465e+01
3.507580854477503607e+01
3.517580854477503749e+01
3.527580854477503891e+01
3.537580854477504033e+01
3.547580854477504175e+01
3.557580854477504317e+01
3.567580854477504460e+01
3.577580854477504602e+01
3.587580854477504744e+01
3.597580854477504886e+01
3.607580854477505028e+01
3.617580854477505170e+01
3.627580854477505312e+01
3.637580854477505454e+01
3.647580854477505596e+01
3.657580854477505738e+01
3.667580854477505881e+01
3.677580854477506023e+01
3.687580854477506165e+01
3.697580854477506307e+01
3.707580854477506449e+01
3.717580854477506591e+01
3.727580854477506733e+01
3.737580854477506875e+01
3.747580854477507017e+01
3.757580854477507160e+01
3.767580854477507302e+01
3.777580854477507444e+01
3.787580854477507586e+01
3.797580854477507728e+01
3.807580854477507870e+01
3.817580854477508012e+01
3.827580854477508154e+01
3.837580854477508296e+01
3.847580854477508439e+01
3.857580854477508581e+01
3.867580854477508723e+01
3.877580854477508865e+01
3.887580854477509007e+01
3.897580854477509149e+01
3.907580854477509291e+01
3.917580854477509433e+01
3.927580854477509575e+01
3.937580854477509718e+01
3.947580854477509860e+01
3.957580854477510002e+01
3.967580854477510144e+01
3.977580854477510286e+01
3.987580854477510428e+01
3.997580854477510570e+01
4.007580854477510712e+01
4.017580854477510854e+01
4.027580854477510997e+01
4.037580854477511139e+01
4.047580854477511281e+01
4.057580854477511423e+01
4.067580854477511565e+01
4.077580854477511707e+01
4.087580854477511849e+01
4.097580854477511991e+01
4.107580854477512133e+01
4.117580854477512275e+01
4.127580854477512418e+01
4.137580854477512560e+01
4.147580854477512702e+01
4.157580854477512844e+01
4.167580854477512986e+01
4.177580854477513128e+01
4.187580854477513270e+01
4.197580854477513412e+01
4.207580854477513554e+01
4.217580854477513697e+01
4.227580854477513839e+01
4.237580854477513981e+01
4.247580854477514123e+01
4.257580854477514265e+01
4.267580854477514407e+01
4.277580854477514549e+01
4.287580854477514691e+01
4.297580854477514833e+01
4.307580854477514976e+01
4.317580854477515118e+01
4.327580854477515260e+01
4.337580854477515402e+01
4.347580854477515544e+01
4.357580854477515686e+01
4.367580854477515828e+01
4.377580854477515970e+01
4.387580854477516112e+01
4.397580854477516255e+01
4.407580854477516397e+01
4.417580854477516539e+01
4.427580854477516681e+01
4.437580854477516823e+01
4.447580854477516965e+01
4.457580854477517107e+01
4.467580854477517249e+01
4.477580854477517391e+01
4.487580854477517533e+01
4.497580854477517676e+01
4.507580854477517818e+01
4.517580854477517960e+01
4.527580854477518102e+01
4.537580854477518244e+01
4.547580854477518386e+01
4.557580854477518528e+01
4.567580854477518670e+01
4.577580854477518812e+01
4.587580854477518955e+01
4.597580854477519097e+01
4.607580854477519239e+01
4.617580854477519381e+01
4.627580854477519523e+01
4.637580854477519665e+01
4.647580854477519807e+01
4.657580854477519949e+01
4.667580854477520091e+01
4.677580854477520234e+01
4.687580854477520376e+01
4.697580854477520518e+01
4.707580854477520660e+01
4.717580854477520802e+01
4.727580854477520944e+01
4.737580854477521086e+01
4.747580854477521228e+01
4.757580854477521370e+01
4.767580854477521513e+01
4.777580854477521655e+01
4.787580854477521797e+01
4.797580854477521939e+01
4.807580854477522081e+01
4.817580854477522223e+01
4.827580854477522365e+01
4.837580854477522507e+01
4.847580854477522649e+01
4.857580854477522792e+01
4.867580854477522934e+01
4.877580854477523076e+01
4.887580854477523218e+01
4.897580854477523360e+01
4.907580854477523502e+01
4.917580854477523644e+01
4.927580854477523786e+01
4.937580854477523928e+01
4.947580854477524070e+01
4.957580854477524213e+01
4.967580854477524355e+01
4.977580854477524497e+01
4.987580854477524639e+01
4.997580854477524781e+01
5.007580854477524923e+01
5.017580854477525065e+01
5.027580854477525207e+01
5.037580854477525349e+01
5.047580854477525492e+01
5.057580854477525634e+01
5.067580854477525776e+01
5.077580854477525918e+01
5.087580854477526060e+01
5.097580854477526202e+01
5.107580854477526344e+01
5.117580854477526486e+01
5.127580854477526628e+01
5.137580854477526771e+01
5.147580854477526913e+01
5.157580854477527055e+01
5.167580854477527197e+01
5.177580854477527339e+01
5.187580854477527481e+01
5.197580854477527623e+01
5.207580854477527765e+01
5.217580854477527907e+01
5.227580854477528050e+01
5.237580854477528192e+01
5.247580854477528334e+01
5.257580854477528476e+01
5.267580854477528618e+01
5.277580854477528760e+01
5.287580854477528902e+01
5.297580854477529044e+01
5.307580854477529186e+01
5.317580854477529329e+01
5.327580854477529471e+01
5.337580854477529613e+01
5.347580854477529755e+01
5.357580854477529897e+01
5.367580854477530039e+01
5.377580854477530181e+01
5.387580854477530323e+01
5.397580854477530465e+01
5.407580854477530607e+01
5.417580854477530750e+01
5.427580854477530892e+01
5.437580854477531034e+01
5.447580854477531176e+01
5.457580854477531318e+01
5.467580854477531460e+01
5.477580854477531602e+01
5.487580854477531744e+01
5.497580854477531886e+01
5.507580854477532029e+01
5.517580854477532171e+01
5.527580854477532313e+01
5.537580854477532455e+01
5.547580854477532597e+01
5.557580854477532739e+01
5.567580854477532881e+01
5.577580854477533023e+01
5.587580854477533165e+01
5.597580854477533308e+01
5.607580854477533450e+01
5.617580854477533592e+01
5.627580854477533734e+01
5.637580854477533876e+01
5.647580854477534018e+01
5.657580854477534160e+01
5.667580854477534302e+01
5.677580854477534444e+01
5.687580854477534587e+01
5.697580854477534729e+01
5.707580854477534871e+01
5.717580854477535013e+01
5.727580854477535155e+01
5.737580854477535297e+01
5.747580854477535439e+01
5.757580854477535581e+01
5.767580854477535723e+01
5.777580854477535865e+01
5.787580854477536008e+01
5.797580854477536150e+01
5.807580854477536292e+01
5.817580854477536434e+01
5.827580854477536576e+01
5.837580854477536718e+01
5.847580854477536860e+01
5.857580854477537002e+01
5.867580854477537144e+01
5.877580854477537287e+01
5.887580854477537429e+01
5.897580854477537571e+01
5.907580854477537713e+01
5.917580854477537855e+01
5.927580854477537997e+01
5.937580854477538139e+01
5.947580854477538281e+01
5.957580854477538423e+01
5.967580854477538566e+01
5.977580854477538708e+01
5.987580854477538850e+01
5.997580854477538992e+01
6.007580854477539134e+01
6.017580854477539276e+01
6.027580854477539418e+01
6.037580854477539560e+01
6.047580854477539702e+01
6.057580854477539845e+01
6.067580854477539987e+01
6.077580854477540129e+01
6.087580854477540271e+01
6.097580854477540413e+01
6.107580854477540555e+01
6.117580854477540697e+01
6.127580854477540839e+01
6.137580854477540981e+01
6.147580854477541124e+01
6.157580854477541266e+01
6.167580854477541408e+01
6.177580854477541550e+01
6.187580854477541692e+01
6.197580854477541834e+01
6.207580854477541976e+01
6.217580854477542118e+01
6.227580854477542260e+01
6.237580854477542402e+01
6.247580854477542545e+01
6.257580854477542687e+01
6.267580854477542829e+01
6.277580854477542971e+01
6.287580854477543113e+01
6.297580854477543255e+01
6.307580854477543397e+01
6.317580854477543539e+01
6.327580854477543681e+01
6.337580854477543824e+01
6.347580854477543966e+01
6.357580854477544108e+01
6.367580854477544250e+01
6.377580854477544392e+01
6.387580854477544534e+01
6.397580854477544676e+01
6.407580854477544108e+01
6.417580854477543539e+01
6.427580854477542971e+01
6.437580854477542402e+01
6.447580854477541834e+01
6.457580854477541266e+01
6.467580854477540697e+01
6.477580854477540129e+01
6.487580854477539560e+01
6.497580854477538992e+01
6.507580854477538423e+01
6.517580854477537855e+01
6.527580854477537287e+01
6.537580854477536718e+01
6.547580854477536150e+01
6.557580854477535581e+01
6.567580854477535013e+01
6.577580854477534444e+01
6.587580854477533876e+01
6.597580854477533308e+01
6.607580854477532739e+01
6.617580854477532171e+01
6.627580854477531602e+01
6.637580854477531034e+01
6.647580854477530465e+01
6.657580854477529897e+01
6.667580854477529329e+01
6.677580854477528760e+01
6.687580854477528192e+01
6.697580854477527623e+01
6.707580854477527055e+01
6.717580854477526486e+01
6.727580854477525918e+01
6.737580854477525349e+01
6.747580854477524781e+01
6.757580854477524213e+01
6.767580854477523644e+01
6.777580854477523076e+01
6.787580854477522507e+01
6.797580854477521939e+01
6.807580854477521370e+01
6.817580854477520802e+01
6.827580854477520234e+01
6.837580854477519665e+01
6.847580854477519097e+01
6.857580854477518528e+01
6.867580854477517960e+01
6.877580854477517391e+01
6.887580854477516823e+01
6.897580854477516255e+01
6.907580854477515686e+01
6.917580854477515118e+01
6.927580854477514549e+01
6.937580854477513981e+01
6.947580854477513412e+01
6.957580854477512844e+01
6.967580854477512275e+01
6.977580854477511707e+01
6.987580854477511139e+01
6.997580854477510570e+01
7.007580854477510002e+01
7.017580854477509433e+01
7.027580854477508865e+01
7.037580854477508296e+01
7.047580854477507728e+01
7.057580854477507160e+01
7.067580854477506591e+01
7.077580854477506023e+01
7.087580854477505454e+01
7.097580854477504886e+01
7.107580854477504317e+01
7.117580854477503749e+01
7.127580854477503181e+01
7.137580854477502612e+01
7.147580854477502044e+01
7.157580854477501475e+01
7.167580854477500907e+01
7.177580854477500338e+01
7.187580854477499770e+01
7.197580854477499201e+01
7.207580854477498633e+01
7.217580854477498065e+01
7.227580854477497496e+01
7.237580854477496928e+01
7.247580854477496359e+01
7.257580854477495791e+01
7.267580854477495222e+01
7.277580854477494654e+01
7.287580854477494086e+01
7.297580854477493517e+01
7.307580854477492949e+01
7.317580854477492380e+01
7.327580854477491812e+01
7.337580854477491243e+01
7.347580854477490675e+01
7.357580854477490107e+01
7.367580854477489538e+01
7.377580854477488970e+01
7.387580854477488401e+01
7.397580854477487833e+01
7.407580854477487264e+01
7.417580854477486696e+01
7.427580854477486128e+01
7.437580854477485559e+01
7.447580854477484991e+01
7.457580854477484422e+01
7.467580854477483854e+01
7.477580854477483285e+01
7.487580854477482717e+01
7.497580854477482148e+01
7.507580854477481580e+01
7.517580854477481012e+01
7.527580854477480443e+01
7.537580854477479875e+01
7.547580854477479306e+01
7.557580854477478738e+01
7.567580854477478169e+01
7.577580854477477601e+01
7.587580854477477033e+01
7.597580854477476464e+01
7.607580854477475896e+01
7.617580854477475327e+01
7.627580854477474759e+01
7.637580854477474190e+01
7.647580854477473622e+01
7.657580854477473054e+01
7.667580854477472485e+01
7.677580854477471917e+01
7.687580854477471348e+01
7.697580854477470780e+01
7.707580854477470211e+01
7.717580854477469643e+01
7.727580854477469074e+01
7.737580854477468506e+01
7.747580854477467938e+01
7.757580854477467369e+01
7.767580854477466801e+01
7.777580854477466232e+01
7.787580854477465664e+01
7.797580854477465095e+01
7.807580854477464527e+01
7.817580854477463959e+01
7.827580854477463390e+01
7.837580854477462822e+01
7.847580854477462253e+01
7.857580854477461685e+01
7.867580854477461116e+01
7.877580854477460548e+01
7.887580854477459980e+01
7.897580854477459411e+01
7.907580854477458843e+01
7.917580854477458274e+01
7.927580854477457706e+01
7.937580854477457137e+01
7.947580854477456569e+01
7.957580854477456000e+01
7.967580854477455432e+01
7.977580854477454864e+01
7.987580854477454295e+01
7.997580854477453727e+01
8.007580854477453158e+01
8.017580854477452590e+01
8.027580854477452021e+01
8.037580854477451453e+01
8.047580854477450885e+01
8.057580854477450316e+01
8.067580854477449748e+01
8.077580854477449179e+01
8.087580854477448611e+01
8.097580854477448042e+01
8.107580854477447474e+01
8.117580854477446906e+01
8.127580854477446337e+01
8.137580854477445769e+01
8.147580854477445200e+01
8.157580854477444632e+01
8.167580854477444063e+01
8.177580854477443495e+01
8.187580854477442927e+01
8.197580854477442358e+01
8.207580854477441790e+01
8.217580854477441221e+01
8.227580854477440653e+01
8.237580854477440084e+01
8.247580854477439516e+01
8.257580854477438947e+01
8.267580854477438379e+01
8.277580854477437811e+01
8.287580854477437242e+01
8.297580854477436674e+01
8.307580854477436105e+01
8.317580854477435537e+01
8.327580854477434968e+01
8.337580854477434400e+01
8.347580854477433832e+01
8.357580854477433263e+01
8.367580854477432695e+01
8.377580854477432126e+01
8.387580854477431558e+01
8.397580854477430989e+01
8.407580854477430421e+01
8.417580854477429853e+01
8.427580854477429284e+01
8.437580854477428716e+01
8.447580854477428147e+01
8.457580854477427579e+01
8.467580854477427010e+01
8.477580854477426442e+01
8.487580854477425873e+01
8.497580854477425305e+01
8.507580854477424737e+01
8.517580854477424168e+01
8.527580854477423600e+01
8.537580854477423031e+01
8.547580854477422463e+01
8.557580854477421894e+01
8.567580854477421326e+01
8.577580854477420758e+01
8.587580854477420189e+01
8.597580854477419621e+01
8.607580854477419052e+01
8.617580854477418484e+01
8.627580854477417915e+01
8.637580854477417347e+01
8.647580854477416779e+01
8.657580854477416210e+01
8.667580854477415642e+01
8.677580854477415073e+01
8.687580854477414505e+01
8.697580854477413936e+01
8.707580854477413368e+01
8.717580854477412799e+01
8.727580854477412231e+01
8.737580854477411663e+01
8.747580854477411094e+01
8.757580854477410526e+01
8.767580854477409957e+01
8.777580854477409389e+01
8.787580854477408820e+01
8.797580854477408252e+01
8.807580854477407684e+01
8.817580854477407115e+01
8.827580854477406547e+01
8.837580854477405978e+01
8.847580854477405410e+01
8.857580854477404841e+01
8.867580854477404273e+01
8.877580854477403705e+01
8.887580854477403136e+01
8.897580854477402568e+01
8.907580854477401999e+01
8.917580854477401431e+01
8.927580854477400862e+01
8.937580854477400294e+01
8.947580854477399726e+01
8.957580854477399157e+01
8.967580854477398589e+01
8.977580854477398020e+01
8.987580854477397452e+01
8.997580854477396883e+01
9.007580854477396315e+01
9.017580854477395746e+01
9.027580854477395178e+01
9.037580854477394610e+01
9.047580854477394041e+01
9.057580854477393473e+01
9.067580854477392904e+01
9.077580854477392336e+01
9.087580854477391767e+01
9.097580854477391199e+01
9.107580854477390631e+01
9.117580854477390062e+01
9.127580854477389494e+01
9.137580854477388925e+01
9.147580854477388357e+01
9.157580854477387788e+01
9.167580854477387220e+01
9.177580854477386652e+01
9.187580854477386083e+01
9.197580854477385515e+01
9.207580854477384946e+01
9.217580854477384378e+01
9.227580854477383809e+01
9.237580854477383241e+01
9.247580854477382672e+01
9.257580854477382104e+01
9.267580854477381536e+01
9.277580854477380967e+01
9.287580854477380399e+01
9.297580854477379830e+01
9.307580854477379262e+01
9.317580854477378693e+01
9.327580854477378125e+01
9.337580854477377557e+01
9.347580854477376988e+01
9.357580854477376420e+01
9.367580854477375851e+01
9.377580854477375283e+01
9.387580854477374714e+01
9.397580854477374146e+01
9.407580854477373578e+01
9.417580854477373009e+01
9.427580854477372441e+01
9.437580854477371872e+01
9.447580854477371304e+01
9.457580854477370735e+01
9.467580854477370167e+01
9.477580854477369598e+01
9.487580854477369030e+01
9.497580854477368462e+01
9.507580854477367893e+01
9.517580854477367325e+01
9.527580854477366756e+01
9.537580854477366188e+01
9.547580854477365619e+01
9.557580854477365051e+01
9.567580854477364483e+01
9.577580854477363914e+01
9.587580854477363346e+01
9.597580854477362777e+01
9.607580854477362209e+01
9.617580854477361640e+01
9.627580854477361072e+01
9.637580854477360504e+01
9.647580854477359935e+01
9.657580854477359367e+01
9.667580854477358798e+01
9.677580854477358230e+01
9.687580854477357661e+01
9.697580854477357093e+01
9.707580854477356525e+01
9.717580854477355956e+01
9.727580854477355388e+01
9.737580854477354819e+01
9.747580854477354251e+01
9.757580854477353682e+01
9.767580854477353114e+01
9.777580854477352545e+01
9.787580854477351977e+01
9.797580854477351409e+01
9.807580854477350840e+01
9.817580854477350272e+01
9.827580854477349703e+01
9.837580854477349135e+01
9.847580854477348566e+01
9.857580854477347998e+01
9.867580854477347430e+01
9.877580854477346861e+01
9.887580854477346293e+01
9.897580854477345724e+01
9.907580854477345156e+01
9.917580854477344587e+01
9.927580854477344019e+01
9.937580854477343451e+01
9.947580854477342882e+01
9.957580854477342314e+01
9.967580854477341745e+01
9.977580854477341177e+01
9.987580854477340608e+01
9.997580854477340040e+01
1.000000000000000000e+02
