-1.000000000000000000e+02
-9.994226497308103774e+01
-9.988452994616207548e+01
-9.982679491924311321e+01
-9.976905989232415095e+01
-9.971132486540518869e+01
-9.965358983848622643e+01
-9.959585481156726416e+01
-9.953811978464830190e+01
-9.948038475772933964e+01
-9.942264973081037738e+01
-9.936491470389141512e+01
-9.930717967697245285e+01
-9.924944465005349059e+01
-9.919170962313452833e+01
-9.913397459621556607e+01
-9.907623956929660380e+01
-9.901850454237764154e+01
-9.896076951545867928e+01
-9.890303448853971702e+01
-9.884529946162075476e+01
-9.878756443470179249e+01
-9.872982940778283023e+01
-9.867209438086386797e+01
-9.861435935394490571e+01
-9.855662432702594344e+01
-9.849888930010698118e+01
-9.844115427318801892e+01
-9.838341924626905666e+01
-9.832568421935009439e+01
-9.826794919243113213e+01
-9.821021416551216987e+01
-9.815247913859320761e+01
-9.809474411167424535e+01
-9.803700908475528308e+01
-9.797927405783632082e+01
-9.792153903091735856e+01
-9.786380400399839630e+01
-9.780606897707943403e+01
-9.774833395016047177e+01
-9.769059892324150951e+01
-9.763286389632254725e+01
-9.757512886940358499e+01
-9.751739384248462272e+01
-9.745965881556566046e+01
-9.740192378864669820e+01
-9.734418876172773594e+01
-9.728645373480877367e+01
-9.722871870788981141e+01
-9.717098368097084915e+01
-9.711324865405188689e+01
-9.705551362713292463e+01
-9.699777860021396236e+01
-9.694004357329500010e+01
-9.688230854637603784e+01
-9.682457351945707558e+01
-9.676683849253811331e+01
-9.670910346561915105e+01
-9.665136843870018879e+01
-9.659363341178122653e+01
-9.653589838486226427e+01
-9.647816335794330200e+01
-9.642042833102433974e+01
-9.636269330410537748e+01
-9.630495827718641522e+01
-9.624722325026745295e+01
-9.618948822334849069e+01
-9.613175319642952843e+01
-9.607401816951056617e+01
-9.601628314259160391e+01
-9.595854811567264164e+01
-9.590081308875367938e+01
-9.584307806183471712e+01
-9.578534303491575486e+01
-9.572760800799679259e+01
-9.566987298107783033e+01
-9.561213795415886807e+01
-9.555440292723990581e+01
-9.549666790032094355e+01
-9.543893287340198128e+01
-9.538119784648301902e+01
-9.532346281956405676e+01
-9.526572779264509450e+01
-9.520799276572613223e+01
-9.515025773880716997e+01
-9.509252271188820771e+01
-9.503478768496924545e+01
-9.497705265805028318e+01
-9.491931763113132092e+01
-9.486158260421235866e+01
-9.480384757729339640e+01
-9.474611255037443414e+01
-9.468837752345547187e+01
-9.463064249653650961e+01
-9.457290746961754735e+01
-9.451517244269858509e+01
-9.445743741577962282e+01
-9.439970238886066056e+01
-9.434196736194169830e+01
-9.428423233502273604e+01
-9.422649730810377378e+01
-9.416876228118481151e+01
-9.411102725426584925e+01
-9.405329222734688699e+01
-9.399555720042792473e+01
-9.393782217350896246e+01
-9.388008714659000020e+01
-9.382235211967103794e+01
-9.376461709275207568e+01
-9.370688206583311342e+01
-9.364914703891415115e+01
-9.359141201199518889e+01
-9.353367698507622663e+01
-9.347594195815726437e+01
-9.341820693123830210e+01
-9.336047190431933984e+01
-9.330273687740037758e+01
-9.324500185048141532e+01
-9.318726682356245306e+01
-9.312953179664349079e+01
-9.307179676972452853e+01
-9.301406174280556627e+01
-9.295632671588660401e+01
-9.289859168896764174e+01
-9.284085666204867948e+01
-9.278312163512971722e+01
-9.272538660821075496e+01
-9.266765158129179270e+01
-9.260991655437283043e+01
-9.255218152745386817e+01
-9.249444650053490591e+01
-9.243671147361594365e+01
-9.237897644669698138e+01
-9.232124141977801912e+01
-9.226350639285905686e+01
-9.220577136594009460e+01
-9.214803633902113233e+01
-9.209030131210217007e+01
-9.203256628518320781e+01
-9.197483125826424555e+01
-9.191709623134528329e+01
-9.185936120442632102e+01
-9.180162617750735876e+01
-9.174389115058839650e+01
-9.168615612366943424e+01
-9.162842109675047197e+01
-9.157068606983150971e+01
-9.151295104291254745e+01
-9.145521601599358519e+01
-9.139748098907462293e+01
-9.133974596215566066e+01
-9.128201093523669840e+01
-9.122427590831773614e+01
-9.116654088139877388e+01
-9.110880585447981161e+01
-9.105107082756084935e+01
-9.099333580064188709e+01
-9.093560077372292483e+01
-9.087786574680396257e+01
-9.082013071988500030e+01
-9.076239569296603804e+01
-9.070466066604707578e+01
-9.064692563912811352e+01
-9.058919061220915125e+01
-9.053145558529018899e+01
-9.047372055837122673e+01
-9.041598553145226447e+01
-9.035825050453330221e+01
-9.030051547761433994e+01
-9.024278045069537768e+01
-9.018504542377641542e+01
-9.012731039685745316e+01
-9.006957536993849089e+01
-9.001184034301952863e+01
-8.995410531610056637e+01
-8.989637028918160411e+01
-8.983863526226264185e+01
-8.978090023534367958e+01
-8.972316520842471732e+01
-8.966543018150575506e+01
-8.960769515458679280e+01
-8.954996012766783053e+01
-8.949222510074886827e+01
-8.943449007382990601e+01
-8.937675504691094375e+01
-8.931902001999198148e+01
-8.926128499307301922e+01
-8.920354996615405696e+01
-8.914581493923509470e+01
-8.908807991231613244e+01
-8.903034488539717017e+01
-8.897260985847820791e+01
-8.891487483155924565e+01
-8.885713980464028339e+01
-8.879940477772132112e+01
-8.874166975080235886e+01
-8.868393472388339660e+01
-8.862619969696443434e+01
-8.856846467004547208e+01
-8.851072964312650981e+01
-8.845299461620754755e+01
-8.839525958928858529e+01
-8.833752456236962303e+01
-8.827978953545066076e+01
-8.822205450853169850e+01
-8.816431948161273624e+01
-8.810658445469377398e+01
-8.804884942777481172e+01
-8.799111440085584945e+01
-8.793337937393688719e+01
-8.787564434701792493e+01
-8.781790932009896267e+01
-8.776017429318000040e+01
-8.770243926626103814e+01
-8.764470423934207588e+01
-8.758696921242311362e+01
-8.752923418550415136e+01
-8.747149915858518909e+01
-8.741376413166622683e+01
-8.735602910474726457e+01
-8.729829407782830231e+01
-8.724055905090934004e+01
-8.718282402399037778e+01
-8.712508899707141552e+01
-8.706735397015245326e+01
-8.700961894323349100e+01
-8.695188391631452873e+01
-8.689414888939556647e+01
-8.683641386247660421e+01
-8.677867883555764195e+01
-8.672094380863867968e+01
-8.666320878171971742e+01
-8.660547375480075516e+01
-8.654773872788179290e+01
-8.649000370096283064e+01
-8.643226867404386837e+01
-8.637453364712490611e+01
-8.631679862020594385e+01
-8.625906359328698159e+01
-8.620132856636801932e+01
-8.614359353944905706e+01
-8.608585851253009480e+01
-8.602812348561113254e+01
-8.597038845869217027e+01
-8.591265343177320801e+01
-8.585491840485424575e+01
-8.579718337793528349e+01
-8.573944835101632123e+01
-8.568171332409735896e+01
-8.562397829717839670e+01
-8.556624327025943444e+01
-8.550850824334047218e+01
-8.545077321642150991e+01
-8.539303818950254765e+01
-8.533530316258358539e+01
-8.527756813566462313e+01
-8.521983310874566087e+01
-8.516209808182669860e+01
-8.510436305490773634e+01
-8.504662802798877408e+01
-8.498889300106981182e+01
-8.493115797415084955e+01
-8.487342294723188729e+01
-8.481568792031292503e+01
-8.475795289339396277e+01
-8.470021786647500051e+01
-8.464248283955603824e+01
-8.458474781263707598e+01
-8.452701278571811372e+01
-8.446927775879915146e+01
-8.441154273188018919e+01
-8.435380770496122693e+01
-8.429607267804226467e+01
-8.423833765112330241e+01
-8.418060262420434015e+01
-8.412286759728537788e+01
-8.406513257036641562e+01
-8.400739754344745336e+01
-8.394966251652849110e+01
-8.389192748960952883e+01
-8.383419246269056657e+01
-8.377645743577160431e+01
-8.371872240885264205e+01
-8.366098738193367979e+01
-8.360325235501471752e+01
-8.354551732809575526e+01
-8.348778230117679300e+01
-8.343004727425783074e+01
-8.337231224733886847e+01
-8.331457722041990621e+01
-8.325684219350094395e+01
-8.319910716658198169e+01
-8.314137213966301942e+01
-8.308363711274405716e+01
-8.302590208582509490e+01
-8.296816705890613264e+01
-8.291043203198717038e+01
-8.285269700506820811e+01
-8.279496197814924585e+01
-8.273722695123028359e+01
-8.267949192431132133e+01
-8.262175689739235906e+01
-8.256402187047339680e+01
-8.250628684355443454e+01
-8.244855181663547228e+01
-8.239081678971651002e+01
-8.233308176279754775e+01
-8.227534673587858549e+01
-8.221761170895962323e+01
-8.215987668204066097e+01
-8.210214165512169870e+01
-8.204440662820273644e+01
-8.198667160128377418e+01
-8.192893657436481192e+01
-8.187120154744584966e+01
-8.181346652052688739e+01
-8.175573149360792513e+01
-8.169799646668896287e+01
-8.164026143977000061e+01
-8.158252641285103834e+01
-8.152479138593207608e+01
-8.146705635901311382e+01
-8.140932133209415156e+01
-8.135158630517518930e+01
-8.129385127825622703e+01
-8.123611625133726477e+01
-8.117838122441830251e+01
-8.112064619749934025e+01
-8.106291117058037798e+01
-8.100517614366141572e+01
-8.094744111674245346e+01
-8.088970608982349120e+01
-8.083197106290452894e+01
-8.077423603598556667e+01
-8.071650100906660441e+01
-8.065876598214764215e+01
-8.060103095522867989e+01
-8.054329592830971762e+01
-8.048556090139075536e+01
-8.042782587447179310e+01
-8.037009084755283084e+01
-8.031235582063386857e+01
-8.025462079371490631e+01
-8.019688576679594405e+01
-8.013915073987698179e+01
-8.008141571295801953e+01
-8.002368068603905726e+01
-7.996594565912009500e+01
-7.990821063220113274e+01
-7.985047560528217048e+01
-7.979274057836320821e+01
-7.973500555144424595e+01
-7.967727052452528369e+01
-7.961953549760632143e+01
-7.956180047068735917e+01
-7.950406544376839690e+01
-7.944633041684943464e+01
-7.938859538993047238e+01
-7.933086036301151012e+01
-7.927312533609254785e+01
-7.921539030917358559e+01
-7.915765528225462333e+01
-7.909992025533566107e+01
-7.904218522841669881e+01
-7.898445020149773654e+01
-7.892671517457877428e+01
-7.886898014765981202e+01
-7.881124512074084976e+01
-7.875351009382188749e+01
-7.869577506690292523e+01
-7.863804003998396297e+01
-7.858030501306500071e+01
-7.852256998614603845e+01
-7.846483495922707618e+01
-7.840709993230811392e+01
-7.834936490538915166e+01
-7.829162987847018940e+01
-7.823389485155122713e+01
-7.817615982463226487e+01
-7.811842479771330261e+01
-7.806068977079434035e+01
-7.800295474387537809e+01
-7.794521971695641582e+01
-7.788748469003745356e+01
-7.782974966311849130e+01
-7.777201463619952904e+01
-7.771427960928056677e+01
-7.765654458236160451e+01
-7.759880955544264225e+01
-7.754107452852367999e+01
-7.748333950160471773e+01
-7.742560447468575546e+01
-7.736786944776679320e+01
-7.731013442084783094e+01
-7.725239939392886868e+01
-7.719466436700990641e+01
-7.713692934009094415e+01
-7.707919431317198189e+01
-7.702145928625301963e+01
-7.696372425933405736e+01
-7.690598923241509510e+01
-7.684825420549613284e+01
-7.679051917857717058e+01
-7.673278415165820832e+01
-7.667504912473924605e+01
-7.661731409782028379e+01
-7.655957907090132153e+01
-7.650184404398235927e+01
-7.644410901706339700e+01
-7.638637399014443474e+01
-7.632863896322547248e+01
-7.627090393630651022e+01
-7.621316890938754796e+01
-7.615543388246858569e+01
-7.609769885554962343e+01
-7.603996382863066117e+01
-7.598222880171169891e+01
-7.592449377479273664e+01
-7.586675874787377438e+01
-7.580902372095481212e+01
-7.575128869403584986e+01
-7.569355366711688760e+01
-7.563581864019792533e+01
-7.557808361327896307e+01
-7.552034858636000081e+01
-7.546261355944103855e+01
-7.540487853252207628e+01
-7.534714350560311402e+01
-7.528940847868415176e+01
-7.523167345176518950e+01
-7.517393842484622724e+01
-7.511620339792726497e+01
-7.505846837100830271e+01
-7.500073334408934045e+01
-7.494299831717037819e+01
-7.488526329025141592e+01
-7.482752826333245366e+01
-7.476979323641349140e+01
-7.471205820949452914e+01
-7.465432318257556688e+01
-7.459658815565660461e+01
-7.453885312873764235e+01
-7.448111810181868009e+01
-7.442338307489971783e+01
-7.436564804798075556e+01
-7.430791302106179330e+01
-7.425017799414283104e+01
-7.419244296722386878e+01
-7.413470794030490651e+01
-7.407697291338594425e+01
-7.401923788646698199e+01
-7.396150285954801973e+01
-7.390376783262905747e+01
-7.384603280571009520e+01
-7.378829777879113294e+01
-7.373056275187217068e+01
-7.367282772495320842e+01
-7.361509269803424615e+01
-7.355735767111528389e+01
-7.349962264419632163e+01
-7.344188761727735937e+01
-7.338415259035839711e+01
-7.332641756343943484e+01
-7.326868253652047258e+01
-7.321094750960151032e+01
-7.315321248268254806e+01
-7.309547745576358579e+01
-7.303774242884462353e+01
-7.298000740192566127e+01
-7.292227237500669901e+01
-7.286453734808773675e+01
-7.280680232116877448e+01
-7.274906729424981222e+01
-7.269133226733084996e+01
-7.263359724041188770e+01
-7.257586221349292543e+01
-7.251812718657396317e+01
-7.246039215965500091e+01
-7.240265713273603865e+01
-7.234492210581707639e+01
-7.228718707889811412e+01
-7.222945205197915186e+01
-7.217171702506018960e+01
-7.211398199814122734e+01
-7.205624697122226507e+01
-7.199851194430330281e+01
-7.194077691738434055e+01
-7.188304189046537829e+01
-7.182530686354641603e+01
-7.176757183662745376e+01
-7.170983680970849150e+01
-7.165210178278952924e+01
-7.159436675587056698e+01
-7.153663172895160471e+01
-7.147889670203264245e+01
-7.142116167511368019e+01
-7.136342664819471793e+01
-7.130569162127575567e+01
-7.124795659435679340e+01
-7.119022156743783114e+01
-7.113248654051886888e+01
-7.107475151359990662e+01
-7.101701648668094435e+01
-7.095928145976198209e+01
-7.090154643284301983e+01
-7.084381140592405757e+01
-7.078607637900509530e+01
-7.072834135208613304e+01
-7.067060632516717078e+01
-7.061287129824820852e+01
-7.055513627132924626e+01
-7.049740124441028399e+01
-7.043966621749132173e+01
-7.038193119057235947e+01
-7.032419616365339721e+01
-7.026646113673443494e+01
-7.020872610981547268e+01
-7.015099108289651042e+01
-7.009325605597754816e+01
-7.003552102905858590e+01
-6.997778600213962363e+01
-6.992005097522066137e+01
-6.986231594830169911e+01
-6.980458092138273685e+01
-6.974684589446377458e+01
-6.968911086754481232e+01
-6.963137584062585006e+01
-6.957364081370688780e+01
-6.951590578678792554e+01
-6.945817075986896327e+01
-6.940043573295000101e+01
-6.934270070603103875e+01
-6.928496567911207649e+01
-6.922723065219311422e+01
-6.916949562527415196e+01
-6.911176059835518970e+01
-6.905402557143622744e+01
-6.899629054451726518e+01
-6.893855551759830291e+01
-6.888082049067934065e+01
-6.882308546376037839e+01
-6.876535043684141613e+01
-6.870761540992245386e+01
-6.864988038300349160e+01
-6.859214535608452934e+01
-6.853441032916556708e+01
-6.847667530224660482e+01
-6.841894027532764255e+01
-6.836120524840868029e+01
-6.830347022148971803e+01
-6.824573519457075577e+01
-6.818800016765179350e+01
-6.813026514073283124e+01
-6.807253011381386898e+01
-6.801479508689490672e+01
-6.795706005997594445e+01
-6.789932503305698219e+01
-6.784159000613801993e+01
-6.778385497921905767e+01
-6.772611995230009541e+01
-6.766838492538113314e+01
-6.761064989846217088e+01
-6.755291487154320862e+01
-6.749517984462424636e+01
-6.743744481770528409e+01
-6.737970979078632183e+01
-6.732197476386735957e+01
-6.726423973694839731e+01
-6.720650471002943505e+01
-6.714876968311047278e+01
-6.709103465619151052e+01
-6.703329962927254826e+01
-6.697556460235358600e+01
-6.691782957543462373e+01
-6.686009454851566147e+01
-6.680235952159669921e+01
-6.674462449467773695e+01
-6.668688946775877469e+01
-6.662915444083981242e+01
-6.657141941392085016e+01
-6.651368438700188790e+01
-6.645594936008292564e+01
-6.639821433316396337e+01
-6.634047930624500111e+01
-6.628274427932603885e+01
-6.622500925240707659e+01
-6.616727422548811433e+01
-6.610953919856915206e+01
-6.605180417165018980e+01
-6.599406914473122754e+01
-6.593633411781226528e+01
-6.587859909089330301e+01
-6.582086406397434075e+01
-6.576312903705537849e+01
-6.570539401013641623e+01
-6.564765898321745397e+01
-6.558992395629849170e+01
-6.553218892937952944e+01
-6.547445390246056718e+01
-6.541671887554160492e+01
-6.535898384862264265e+01
-6.530124882170368039e+01
-6.524351379478471813e+01
-6.518577876786575587e+01
-6.512804374094679360e+01
-6.507030871402783134e+01
-6.501257368710886908e+01
-6.495483866018990682e+01
-6.489710363327094456e+01
-6.483936860635198229e+01
-6.478163357943302003e+01
-6.472389855251405777e+01
-6.466616352559509551e+01
-6.460842849867613324e+01
-6.455069347175717098e+01
-6.449295844483820872e+01
-6.443522341791924646e+01
-6.437748839100028420e+01
-6.431975336408132193e+01
-6.426201833716235967e+01
-6.420428331024339741e+01
-6.414654828332443515e+01
-6.408881325640547288e+01
-6.403107822948651062e+01
-6.397334320256754836e+01
-6.391560817564858610e+01
-6.385787314872962384e+01
-6.380013812181066157e+01
-6.374240309489169931e+01
-6.368466806797273705e+01
-6.362693304105377479e+01
-6.356919801413481252e+01
-6.351146298721585026e+01
-6.345372796029688800e+01
-6.339599293337792574e+01
-6.333825790645896348e+01
-6.328052287954000121e+01
-6.322278785262103895e+01
-6.316505282570207669e+01
-6.310731779878311443e+01
-6.304958277186415216e+01
-6.299184774494518990e+01
-6.293411271802622764e+01
-6.287637769110726538e+01
-6.281864266418830312e+01
-6.276090763726934085e+01
-6.270317261035037859e+01
-6.264543758343141633e+01
-6.258770255651245407e+01
-6.252996752959349180e+01
-6.247223250267452954e+01
-6.241449747575556728e+01
-6.235676244883660502e+01
-6.229902742191764276e+01
-6.224129239499868049e+01
-6.218355736807971823e+01
-6.212582234116075597e+01
-6.206808731424179371e+01
-6.201035228732283144e+01
-6.195261726040386918e+01
-6.189488223348490692e+01
-6.183714720656594466e+01
-6.177941217964698239e+01
-6.172167715272802013e+01
-6.166394212580905787e+01
-6.160620709889009561e+01
-6.154847207197113335e+01
-6.149073704505217108e+01
-6.143300201813320882e+01
-6.137526699121424656e+01
-6.131753196429528430e+01
-6.125979693737632203e+01
-6.120206191045735977e+01
-6.114432688353839751e+01
-6.108659185661943525e+01
-6.102885682970047299e+01
-6.097112180278151072e+01
-6.091338677586254846e+01
-6.085565174894358620e+01
-6.079791672202462394e+01
-6.074018169510566167e+01
-6.068244666818669941e+01
-6.062471164126773715e+01
-6.056697661434877489e+01
-6.050924158742981263e+01
-6.045150656051085036e+01
-6.039377153359188810e+01
-6.033603650667292584e+01
-6.027830147975396358e+01
-6.022056645283500131e+01
-6.016283142591603905e+01
-6.010509639899707679e+01
-6.004736137207811453e+01
-5.998962634515915227e+01
-5.993189131824019000e+01
-5.987415629132122774e+01
-5.981642126440226548e+01
-5.975868623748330322e+01
-5.970095121056434095e+01
-5.964321618364537869e+01
-5.958548115672641643e+01
-5.952774612980745417e+01
-5.947001110288849191e+01
-5.941227607596952964e+01
-5.935454104905056738e+01
-5.929680602213160512e+01
-5.923907099521264286e+01
-5.918133596829368059e+01
-5.912360094137471833e+01
-5.906586591445575607e+01
-5.900813088753679381e+01
-5.895039586061783154e+01
-5.889266083369886928e+01
-5.883492580677990702e+01
-5.877719077986094476e+01
-5.871945575294198250e+01
-5.866172072602302023e+01
-5.860398569910405797e+01
-5.854625067218509571e+01
-5.848851564526613345e+01
-5.843078061834717118e+01
-5.837304559142820892e+01
-5.831531056450924666e+01
-5.825757553759028440e+01
-5.819984051067132214e+01
-5.814210548375235987e+01
-5.808437045683339761e+01
-5.802663542991443535e+01
-5.796890040299547309e+01
-5.791116537607651082e+01
-5.785343034915754856e+01
-5.779569532223858630e+01
-5.773796029531962404e+01
-5.768022526840066178e+01
-5.762249024148169951e+01
-5.756475521456273725e+01
-5.750702018764377499e+01
-5.744928516072481273e+01
-5.739155013380585046e+01
-5.733381510688688820e+01
-5.727608007996792594e+01
-5.721834505304896368e+01
-5.716061002613000142e+01
-5.710287499921103915e+01
-5.704513997229207689e+01
-5.698740494537311463e+01
-5.692966991845415237e+01
-5.687193489153519010e+01
-5.681419986461622784e+01
-5.675646483769726558e+01
-5.669872981077830332e+01
-5.664099478385934106e+01
-5.658325975694037879e+01
-5.652552473002141653e+01
-5.646778970310245427e+01
-5.641005467618349201e+01
-5.635231964926452974e+01
-5.629458462234556748e+01
-5.623684959542660522e+01
-5.617911456850764296e+01
-5.612137954158868069e+01
-5.606364451466971843e+01
-5.600590948775075617e+01
-5.594817446083179391e+01
-5.589043943391283165e+01
-5.583270440699386938e+01
-5.577496938007490712e+01
-5.571723435315594486e+01
-5.565949932623698260e+01
-5.560176429931802033e+01
-5.554402927239905807e+01
-5.548629424548009581e+01
-5.542855921856113355e+01
-5.537082419164217129e+01
-5.531308916472320902e+01
-5.525535413780424676e+01
-5.519761911088528450e+01
-5.513988408396632224e+01
-5.508214905704735997e+01
-5.502441403012839771e+01
-5.496667900320943545e+01
-5.490894397629047319e+01
-5.485120894937151093e+01
-5.479347392245254866e+01
-5.473573889553358640e+01
-5.467800386861462414e+01
-5.462026884169566188e+01
-5.456253381477669961e+01
-5.450479878785773735e+01
-5.444706376093877509e+01
-5.438932873401981283e+01
-5.433159370710085057e+01
-5.427385868018188830e+01
-5.421612365326292604e+01
-5.415838862634396378e+01
-5.410065359942500152e+01
-5.404291857250603925e+01
-5.398518354558707699e+01
-5.392744851866811473e+01
-5.386971349174915247e+01
-5.381197846483019021e+01
-5.375424343791122794e+01
-5.369650841099226568e+01
-5.363877338407330342e+01
-5.358103835715434116e+01
-5.352330333023537889e+01
-5.346556830331641663e+01
-5.340783327639745437e+01
-5.335009824947849211e+01
-5.329236322255952985e+01
-5.323462819564056758e+01
-5.317689316872160532e+01
-5.311915814180264306e+01
-5.306142311488368080e+01
-5.300368808796471853e+01
-5.294595306104575627e+01
-5.288821803412679401e+01
-5.283048300720783175e+01
-5.277274798028886948e+01
-5.271501295336990722e+01
-5.265727792645094496e+01
-5.259954289953198270e+01
-5.254180787261302044e+01
-5.248407284569405817e+01
-5.242633781877509591e+01
-5.236860279185613365e+01
-5.231086776493717139e+01
-5.225313273801820912e+01
-5.219539771109924686e+01
-5.213766268418028460e+01
-5.207992765726132234e+01
-5.202219263034236008e+01
-5.196445760342339781e+01
-5.190672257650443555e+01
-5.184898754958547329e+01
-5.179125252266651103e+01
-5.173351749574754876e+01
-5.167578246882858650e+01
-5.161804744190962424e+01
-5.156031241499066198e+01
-5.150257738807169972e+01
-5.144484236115273745e+01
-5.138710733423377519e+01
-5.132937230731481293e+01
-5.127163728039585067e+01
-5.121390225347688840e+01
-5.115616722655792614e+01
-5.109843219963896388e+01
-5.104069717272000162e+01
-5.098296214580103936e+01
-5.092522711888207709e+01
-5.086749209196311483e+01
-5.080975706504415257e+01
-5.075202203812519031e+01
-5.069428701120622804e+01
-5.063655198428726578e+01
-5.057881695736830352e+01
-5.052108193044934126e+01
-5.046334690353037900e+01
-5.040561187661141673e+01
-5.034787684969245447e+01
-5.029014182277349221e+01
-5.023240679585452995e+01
-5.017467176893556768e+01
-5.011693674201660542e+01
-5.005920171509764316e+01
-5.000146668817868090e+01
-4.994373166125971863e+01
-4.988599663434075637e+01
-4.982826160742179411e+01
-4.977052658050283185e+01
-4.971279155358386959e+01
-4.965505652666490732e+01
-4.959732149974594506e+01
-4.953958647282698280e+01
-4.948185144590802054e+01
-4.942411641898905827e+01
-4.936638139207009601e+01
-4.930864636515113375e+01
-4.925091133823217149e+01
-4.919317631131320923e+01
-4.913544128439424696e+01
-4.907770625747528470e+01
-4.901997123055632244e+01
-4.896223620363736018e+01
-4.890450117671839791e+01
-4.884676614979943565e+01
-4.878903112288047339e+01
-4.873129609596151113e+01
-4.867356106904254887e+01
-4.861582604212358660e+01
-4.855809101520462434e+01
-4.850035598828566208e+01
-4.844262096136669982e+01
-4.838488593444773755e+01
-4.832715090752877529e+01
-4.826941588060981303e+01
-4.821168085369085077e+01
-4.815394582677188851e+01
-4.809621079985292624e+01
-4.803847577293396398e+01
-4.798074074601500172e+01
-4.792300571909603946e+01
-4.786527069217707719e+01
-4.780753566525811493e+01
-4.774980063833915267e+01
-4.769206561142019041e+01
-4.763433058450122815e+01
-4.757659555758226588e+01
-4.751886053066330362e+01
-4.746112550374434136e+01
-4.740339047682537910e+01
-4.734565544990641683e+01
-4.728792042298745457e+01
-4.723018539606849231e+01
-4.717245036914953005e+01
-4.711471534223056779e+01
-4.705698031531160552e+01
-4.699924528839264326e+01
-4.694151026147368100e+01
-4.688377523455471874e+01
-4.682604020763575647e+01
-4.676830518071679421e+01
-4.671057015379783195e+01
-4.665283512687886969e+01
-4.659510009995990742e+01
-4.653736507304094516e+01
-4.647963004612198290e+01
-4.642189501920302064e+01
-4.636415999228405838e+01
-4.630642496536509611e+01
-4.624868993844613385e+01
-4.619095491152717159e+01
-4.613321988460820933e+01
-4.607548485768924706e+01
-4.601774983077028480e+01
-4.596001480385132254e+01
-4.590227977693236028e+01
-4.584454475001339802e+01
-4.578680972309443575e+01
-4.572907469617547349e+01
-4.567133966925651123e+01
-4.561360464233754897e+01
-4.555586961541858670e+01
-4.549813458849962444e+01
-4.544039956158066218e+01
-4.538266453466169992e+01
-4.532492950774273766e+01
-4.526719448082377539e+01
-4.520945945390481313e+01
-4.515172442698585087e+01
-4.509398940006688861e+01
-4.503625437314792634e+01
-4.497851934622896408e+01
-4.492078431931000182e+01
-4.486304929239103956e+01
-4.480531426547207730e+01
-4.474757923855311503e+01
-4.468984421163415277e+01
-4.463210918471519051e+01
-4.457437415779622825e+01
-4.451663913087726598e+01
-4.445890410395830372e+01
-4.440116907703934146e+01
-4.434343405012037920e+01
-4.428569902320141694e+01
-4.422796399628245467e+01
-4.417022896936349241e+01
-4.411249394244453015e+01
-4.405475891552556789e+01
-4.399702388860660562e+01
-4.393928886168764336e+01
-4.388155383476868110e+01
-4.382381880784971884e+01
-4.376608378093075657e+01
-4.370834875401179431e+01
-4.365061372709283205e+01
-4.359287870017386979e+01
-4.353514367325490753e+01
-4.347740864633594526e+01
-4.341967361941698300e+01
-4.336193859249802074e+01
-4.330420356557905848e+01
-4.324646853866009621e+01
-4.318873351174113395e+01
-4.313099848482217169e+01
-4.307326345790320943e+01
-4.301552843098424717e+01
-4.295779340406528490e+01
-4.290005837714632264e+01
-4.284232335022736038e+01
-4.278458832330839812e+01
-4.272685329638943585e+01
-4.266911826947047359e+01
-4.261138324255151133e+01
-4.255364821563254907e+01
-4.249591318871358681e+01
-4.243817816179462454e+01
-4.238044313487566228e+01
-4.232270810795670002e+01
-4.226497308103773776e+01
-4.220723805411877549e+01
-4.214950302719981323e+01
-4.209176800028085097e+01
-4.203403297336188871e+01
-4.197629794644292645e+01
-4.191856291952396418e+01
-4.186082789260500192e+01
-4.180309286568603966e+01
-4.174535783876707740e+01
-4.168762281184811513e+01
-4.162988778492915287e+01
-4.157215275801019061e+01
-4.151441773109122835e+01
-4.145668270417226609e+01
-4.139894767725330382e+01
-4.134121265033434156e+01
-4.128347762341537930e+01
-4.122574259649641704e+01
-4.116800756957745477e+01
-4.111027254265849251e+01
-4.105253751573953025e+01
-4.099480248882056799e+01
-4.093706746190160572e+01
-4.087933243498264346e+01
-4.082159740806368120e+01
-4.076386238114471894e+01
-4.070612735422575668e+01
-4.064839232730679441e+01
-4.059065730038783215e+01
-4.053292227346886989e+01
-4.047518724654990763e+01
-4.041745221963094536e+01
-4.035971719271198310e+01
-4.030198216579302084e+01
-4.024424713887405858e+01
-4.018651211195509632e+01
-4.012877708503613405e+01
-4.007104205811717179e+01
-4.001330703119820953e+01
-3.995557200427924727e+01
-3.989783697736028500e+01
-3.984010195044132274e+01
-3.978236692352236048e+01
-3.972463189660339822e+01
-3.966689686968443596e+01
-3.960916184276547369e+01
-3.955142681584651143e+01
-3.949369178892754917e+01
-3.943595676200858691e+01
-3.937822173508962464e+01
-3.932048670817066238e+01
-3.926275168125170012e+01
-3.920501665433273786e+01
-3.914728162741377560e+01
-3.908954660049481333e+01
-3.903181157357585107e+01
-3.897407654665688881e+01
-3.891634151973792655e+01
-3.885860649281896428e+01
-3.880087146590000202e+01
-3.874313643898103976e+01
-3.868540141206207750e+01
-3.862766638514311524e+01
-3.856993135822415297e+01
-3.851219633130519071e+01
-3.845446130438622845e+01
-3.839672627746726619e+01
-3.833899125054830392e+01
-3.828125622362934166e+01
-3.822352119671037940e+01
-3.816578616979141714e+01
-3.810805114287245488e+01
-3.805031611595349261e+01
-3.799258108903453035e+01
-3.793484606211556809e+01
-3.787711103519660583e+01
-3.781937600827764356e+01
-3.776164098135868130e+01
-3.770390595443971904e+01
-3.764617092752075678e+01
-3.758843590060179451e+01
-3.753070087368283225e+01
-3.747296584676386999e+01
-3.741523081984490773e+01
-3.735749579292594547e+01
-3.729976076600698320e+01
-3.724202573908802094e+01
-3.718429071216905868e+01
-3.712655568525009642e+01
-3.706882065833113415e+01
-3.701108563141217189e+01
-3.695335060449320963e+01
-3.689561557757424737e+01
-3.683788055065528511e+01
-3.678014552373632284e+01
-3.672241049681736058e+01
-3.666467546989839832e+01
-3.660694044297943606e+01
-3.654920541606047379e+01
-3.649147038914151153e+01
-3.643373536222254927e+01
-3.637600033530358701e+01
-3.631826530838462475e+01
-3.626053028146566248e+01
-3.620279525454670022e+01
-3.614506022762773796e+01
-3.608732520070877570e+01
-3.602959017378981343e+01
-3.597185514687085117e+01
-3.591412011995188891e+01
-3.585638509303292665e+01
-3.579865006611396439e+01
-3.574091503919500212e+01
-3.568318001227603986e+01
-3.562544498535707760e+01
-3.556770995843811534e+01
-3.550997493151915307e+01
-3.545223990460019081e+01
-3.539450487768122855e+01
-3.533676985076226629e+01
-3.527903482384330403e+01
-3.522129979692434176e+01
-3.516356477000537950e+01
-3.510582974308641724e+01
-3.504809471616745498e+01
-3.499035968924849271e+01
-3.493262466232953045e+01
-3.487488963541056819e+01
-3.481715460849160593e+01
-3.475941958157264366e+01
-3.470168455465368140e+01
-3.464394952773471914e+01
-3.458621450081575688e+01
-3.452847947389679462e+01
-3.447074444697783235e+01
-3.441300942005887009e+01
-3.435527439313990783e+01
-3.429753936622094557e+01
-3.423980433930198330e+01
-3.418206931238302104e+01
-3.412433428546405878e+01
-3.406659925854509652e+01
-3.400886423162613426e+01
-3.395112920470717199e+01
-3.389339417778820973e+01
-3.383565915086924747e+01
-3.377792412395028521e+01
-3.372018909703132294e+01
-3.366245407011236068e+01
-3.360471904319339842e+01
-3.354698401627443616e+01
-3.348924898935547390e+01
-3.343151396243651163e+01
-3.337377893551754937e+01
-3.331604390859858711e+01
-3.325830888167962485e+01
-3.320057385476066258e+01
-3.314283882784170032e+01
-3.308510380092273806e+01
-3.302736877400377580e+01
-3.296963374708481354e+01
-3.291189872016585127e+01
-3.285416369324688901e+01
-3.279642866632792675e+01
-3.273869363940896449e+01
-3.268095861249000222e+01
-3.262322358557103996e+01
-3.256548855865207770e+01
-3.250775353173311544e+01
-3.245001850481415318e+01
-3.239228347789519091e+01
-3.233454845097622865e+01
-3.227681342405726639e+01
-3.221907839713830413e+01
-3.216134337021934186e+01
-3.210360834330037960e+01
-3.204587331638141734e+01
-3.198813828946245508e+01
-3.193040326254349281e+01
-3.187266823562453055e+01
-3.181493320870556829e+01
-3.175719818178660603e+01
-3.169946315486764377e+01
-3.164172812794868150e+01
-3.158399310102971924e+01
-3.152625807411075698e+01
-3.146852304719179472e+01
-3.141078802027283245e+01
-3.135305299335387019e+01
-3.129531796643490793e+01
-3.123758293951594567e+01
-3.117984791259698341e+01
-3.112211288567802114e+01
-3.106437785875905888e+01
-3.100664283184009662e+01
-3.094890780492113436e+01
-3.089117277800217209e+01
-3.083343775108320983e+01
-3.077570272416424757e+01
-3.071796769724528531e+01
-3.066023267032632305e+01
-3.060249764340736078e+01
-3.054476261648839852e+01
-3.048702758956943626e+01
-3.042929256265047400e+01
-3.037155753573151173e+01
-3.031382250881254947e+01
-3.025608748189358721e+01
-3.019835245497462495e+01
-3.014061742805566269e+01
-3.008288240113670042e+01
-3.002514737421773816e+01
-2.996741234729877590e+01
-2.990967732037981364e+01
-2.985194229346085137e+01
-2.979420726654188911e+01
-2.973647223962292685e+01
-2.967873721270396459e+01
-2.962100218578500233e+01
-2.956326715886604006e+01
-2.950553213194707780e+01
-2.944779710502811554e+01
-2.939006207810915328e+01
-2.933232705119019101e+01
-2.927459202427122875e+01
-2.921685699735226649e+01
-2.915912197043330423e+01
-2.910138694351434197e+01
-2.904365191659537970e+01
-2.898591688967641744e+01
-2.892818186275745518e+01
-2.887044683583849292e+01
-2.881271180891953065e+01
-2.875497678200056839e+01
-2.869724175508160613e+01
-2.863950672816264387e+01
-2.858177170124368160e+01
-2.852403667432471934e+01
-2.846630164740575708e+01
-2.840856662048679482e+01
-2.835083159356783256e+01
-2.829309656664887029e+01
-2.823536153972990803e+01
-2.817762651281094577e+01
-2.811989148589198351e+01
-2.806215645897302124e+01
-2.800442143205405898e+01
-2.794668640513509672e+01
-2.788895137821613446e+01
-2.783121635129717220e+01
-2.777348132437820993e+01
-2.771574629745924767e+01
-2.765801127054028541e+01
-2.760027624362132315e+01
-2.754254121670236088e+01
-2.748480618978339862e+01
-2.742707116286443636e+01
-2.736933613594547410e+01
-2.731160110902651184e+01
-2.725386608210754957e+01
-2.719613105518858731e+01
-2.713839602826962505e+01
-2.708066100135066279e+01
-2.702292597443170052e+01
-2.696519094751273826e+01
-2.690745592059377600e+01
-2.684972089367481374e+01
-2.679198586675585148e+01
-2.673425083983688921e+01
-2.667651581291792695e+01
-2.661878078599896469e+01
-2.656104575908000243e+01
-2.650331073216104016e+01
-2.644557570524207790e+01
-2.638784067832311564e+01
-2.633010565140415338e+01
-2.627237062448519112e+01
-2.621463559756622885e+01
-2.615690057064726659e+01
-2.609916554372830433e+01
-2.604143051680934207e+01
-2.598369548989037980e+01
-2.592596046297141754e+01
-2.586822543605245528e+01
-2.581049040913349302e+01
-2.575275538221453075e+01
-2.569502035529556849e+01
-2.563728532837660623e+01
-2.557955030145764397e+01
-2.552181527453868171e+01
-2.546408024761971944e+01
-2.540634522070075718e+01
-2.534861019378179492e+01
-2.529087516686283266e+01
-2.523314013994387039e+01
-2.517540511302490813e+01
-2.511767008610594587e+01
-2.505993505918698361e+01
-2.500220003226802135e+01
-2.494446500534905908e+01
-2.488672997843009682e+01
-2.482899495151113456e+01
-2.477125992459217230e+01
-2.471352489767321003e+01
-2.465578987075424777e+01
-2.459805484383528551e+01
-2.454031981691632325e+01
-2.448258478999736099e+01
-2.442484976307839872e+01
-2.436711473615943646e+01
-2.430937970924047420e+01
-2.425164468232151194e+01
-2.419390965540254967e+01
-2.413617462848358741e+01
-2.407843960156462515e+01
-2.402070457464566289e+01
-2.396296954772670063e+01
-2.390523452080773836e+01
-2.384749949388877610e+01
-2.378976446696981384e+01
-2.373202944005085158e+01
-2.367429441313188931e+01
-2.361655938621292705e+01
-2.355882435929396479e+01
-2.350108933237500253e+01
-2.344335430545604027e+01
-2.338561927853707800e+01
-2.332788425161811574e+01
-2.327014922469915348e+01
-2.321241419778019122e+01
-2.315467917086122895e+01
-2.309694414394226669e+01
-2.303920911702330443e+01
-2.298147409010434217e+01
-2.292373906318537991e+01
-2.286600403626641764e+01
-2.280826900934745538e+01
-2.275053398242849312e+01
-2.269279895550953086e+01
-2.263506392859056859e+01
-2.257732890167160633e+01
-2.251959387475264407e+01
-2.246185884783368181e+01
-2.240412382091471954e+01
-2.234638879399575728e+01
-2.228865376707679502e+01
-2.223091874015783276e+01
-2.217318371323887050e+01
-2.211544868631990823e+01
-2.205771365940094597e+01
-2.199997863248198371e+01
-2.194224360556302145e+01
-2.188450857864405918e+01
-2.182677355172509692e+01
-2.176903852480613466e+01
-2.171130349788717240e+01
-2.165356847096821014e+01
-2.159583344404924787e+01
-2.153809841713028561e+01
-2.148036339021132335e+01
-2.142262836329236109e+01
-2.136489333637339882e+01
-2.130715830945443656e+01
-2.124942328253547430e+01
-2.119168825561651204e+01
-2.113395322869754978e+01
-2.107621820177858751e+01
-2.101848317485962525e+01
-2.096074814794066299e+01
-2.090301312102170073e+01
-2.084527809410273846e+01
-2.078754306718377620e+01
-2.072980804026481394e+01
-2.067207301334585168e+01
-2.061433798642688942e+01
-2.055660295950792715e+01
-2.049886793258896489e+01
-2.044113290567000263e+01
-2.038339787875104037e+01
-2.032566285183207810e+01
-2.026792782491311584e+01
-2.021019279799415358e+01
-2.015245777107519132e+01
-2.009472274415622906e+01
-2.003698771723726679e+01
-1.997925269031830453e+01
-1.992151766339934227e+01
-1.986378263648038001e+01
-1.980604760956141774e+01
-1.974831258264245548e+01
-1.969057755572349322e+01
-1.963284252880453096e+01
-1.957510750188556869e+01
-1.951737247496660643e+01
-1.945963744804764417e+01
-1.940190242112868191e+01
-1.934416739420971965e+01
-1.928643236729075738e+01
-1.922869734037179512e+01
-1.917096231345283286e+01
-1.911322728653387060e+01
-1.905549225961490833e+01
-1.899775723269594607e+01
-1.894002220577698381e+01
-1.888228717885802155e+01
-1.882455215193905929e+01
-1.876681712502009702e+01
-1.870908209810113476e+01
-1.865134707118217250e+01
-1.859361204426321024e+01
-1.853587701734424797e+01
-1.847814199042528571e+01
-1.842040696350632345e+01
-1.836267193658736119e+01
-1.830493690966839893e+01
-1.824720188274943666e+01
-1.818946685583047440e+01
-1.813173182891151214e+01
-1.807399680199254988e+01
-1.801626177507358761e+01
-1.795852674815462535e+01
-1.790079172123566309e+01
-1.784305669431670083e+01
-1.778532166739773857e+01
-1.772758664047877630e+01
-1.766985161355981404e+01
-1.761211658664085178e+01
-1.755438155972188952e+01
-1.749664653280292725e+01
-1.743891150588396499e+01
-1.738117647896500273e+01
-1.732344145204604047e+01
-1.726570642512707821e+01
-1.720797139820811594e+01
-1.715023637128915368e+01
-1.709250134437019142e+01
-1.703476631745122916e+01
-1.697703129053226689e+01
-1.691929626361330463e+01
-1.686156123669434237e+01
-1.680382620977538011e+01
-1.674609118285641784e+01
-1.668835615593745558e+01
-1.663062112901849332e+01
-1.657288610209953106e+01
-1.651515107518056880e+01
-1.645741604826160653e+01
-1.639968102134264427e+01
-1.634194599442368201e+01
-1.628421096750471975e+01
-1.622647594058575748e+01
-1.616874091366679522e+01
-1.611100588674783296e+01
-1.605327085982887070e+01
-1.599553583290990844e+01
-1.593780080599094617e+01
-1.588006577907198391e+01
-1.582233075215302165e+01
-1.576459572523405939e+01
-1.570686069831509712e+01
-1.564912567139613486e+01
-1.559139064447717260e+01
-1.553365561755821034e+01
-1.547592059063924808e+01
-1.541818556372028581e+01
-1.536045053680132355e+01
-1.530271550988236129e+01
-1.524498048296339903e+01
-1.518724545604443676e+01
-1.512951042912547450e+01
-1.507177540220651224e+01
-1.501404037528754998e+01
-1.495630534836858772e+01
-1.489857032144962545e+01
-1.484083529453066319e+01
-1.478310026761170093e+01
-1.472536524069273867e+01
-1.466763021377377640e+01
-1.460989518685481414e+01
-1.455216015993585188e+01
-1.449442513301688962e+01
-1.443669010609792736e+01
-1.437895507917896509e+01
-1.432122005226000283e+01
-1.426348502534104057e+01
-1.420574999842207831e+01
-1.414801497150311604e+01
-1.409027994458415378e+01
-1.403254491766519152e+01
-1.397480989074622926e+01
-1.391707486382726700e+01
-1.385933983690830473e+01
-1.380160480998934247e+01
-1.374386978307038021e+01
-1.368613475615141795e+01
-1.362839972923245568e+01
-1.357066470231349342e+01
-1.351292967539453116e+01
-1.345519464847556890e+01
-1.339745962155660663e+01
-1.333972459463764437e+01
-1.328198956771868211e+01
-1.322425454079971985e+01
-1.316651951388075759e+01
-1.310878448696179532e+01
-1.305104946004283306e+01
-1.299331443312387080e+01
-1.293557940620490854e+01
-1.287784437928594627e+01
-1.282010935236698401e+01
-1.276237432544802175e+01
-1.270463929852905949e+01
-1.264690427161009723e+01
-1.258916924469113496e+01
-1.253143421777217270e+01
-1.247369919085321044e+01
-1.241596416393424818e+01
-1.235822913701528591e+01
-1.230049411009632365e+01
-1.224275908317736139e+01
-1.218502405625839913e+01
-1.212728902933943687e+01
-1.206955400242047460e+01
-1.201181897550151234e+01
-1.195408394858255008e+01
-1.189634892166358782e+01
-1.183861389474462555e+01
-1.178087886782566329e+01
-1.172314384090670103e+01
-1.166540881398773877e+01
-1.160767378706877651e+01
-1.154993876014981424e+01
-1.149220373323085198e+01
-1.143446870631188972e+01
-1.137673367939292746e+01
-1.131899865247396519e+01
-1.126126362555500293e+01
-1.120352859863604067e+01
-1.114579357171707841e+01
-1.108805854479811615e+01
-1.103032351787915388e+01
-1.097258849096019162e+01
-1.091485346404122936e+01
-1.085711843712226710e+01
-1.079938341020330483e+01
-1.074164838328434257e+01
-1.068391335636538031e+01
-1.062617832944641805e+01
-1.056844330252745578e+01
-1.051070827560849352e+01
-1.045297324868953126e+01
-1.039523822177056900e+01
-1.033750319485160674e+01
-1.027976816793264447e+01
-1.022203314101368221e+01
-1.016429811409471995e+01
-1.010656308717575769e+01
-1.004882806025679542e+01
-9.991093033337833162e+00
-9.933358006418870900e+00
-9.875622979499908638e+00
-9.817887952580946376e+00
-9.760152925661984114e+00
-9.702417898743021851e+00
-9.644682871824059589e+00
-9.586947844905097327e+00
-9.529212817986135065e+00
-9.471477791067172802e+00
-9.413742764148210540e+00
-9.356007737229248278e+00
-9.298272710310286016e+00
-9.240537683391323753e+00
-9.182802656472361491e+00
-9.125067629553399229e+00
-9.067332602634436967e+00
-9.009597575715474704e+00
-8.951862548796512442e+00
-8.894127521877550180e+00
-8.836392494958587918e+00
-8.778657468039625655e+00
-8.720922441120663393e+00
-8.663187414201701131e+00
-8.605452387282738869e+00
-8.547717360363776606e+00
-8.489982333444814344e+00
-8.432247306525852082e+00
-8.374512279606889820e+00
-8.316777252687927557e+00
-8.259042225768965295e+00
-8.201307198850003033e+00
-8.143572171931040771e+00
-8.085837145012078508e+00
-8.028102118093116246e+00
-7.970367091174153984e+00
-7.912632064255191722e+00
-7.854897037336229459e+00
-7.797162010417267197e+00
-7.739426983498304935e+00
-7.681691956579342673e+00
-7.623956929660380410e+00
-7.566221902741418148e+00
-7.508486875822455886e+00
-7.450751848903493624e+00
-7.393016821984531362e+00
-7.335281795065569099e+00
-7.277546768146606837e+00
-7.219811741227644575e+00
-7.162076714308682313e+00
-7.104341687389720050e+00
-7.046606660470757788e+00
-6.988871633551795526e+00
-6.931136606632833264e+00
-6.873401579713871001e+00
-6.815666552794908739e+00
-6.757931525875946477e+00
-6.700196498956984215e+00
-6.642461472038021952e+00
-6.584726445119059690e+00
-6.526991418200097428e+00
-6.469256391281135166e+00
-6.411521364362172903e+00
-6.353786337443210641e+00
-6.296051310524248379e+00
-6.238316283605286117e+00
-6.180581256686323854e+00
-6.122846229767361592e+00
-6.065111202848399330e+00
-6.007376175929437068e+00
-5.949641149010474805e+00
-5.891906122091512543e+00
-5.834171095172550281e+00
-5.776436068253588019e+00
-5.718701041334625756e+00
-5.660966014415663494e+00
-5.603230987496701232e+00
-5.545495960577738970e+00
-5.487760933658776707e+00
-5.430025906739814445e+00
-5.372290879820852183e+00
-5.314555852901889921e+00
-5.256820825982927659e+00
-5.199085799063965396e+00
-5.141350772145003134e+00
-5.083615745226040872e+00
-5.025880718307078610e+00
-4.968145691388116347e+00
-4.910410664469154085e+00
-4.852675637550191823e+00
-4.794940610631229561e+00
-4.737205583712267298e+00
-4.679470556793305036e+00
-4.621735529874342774e+00
-4.564000502955380512e+00
-4.506265476036418249e+00
-4.448530449117455987e+00
-4.390795422198493725e+00
-4.333060395279531463e+00
-4.275325368360569200e+00
-4.217590341441606938e+00
-4.159855314522644676e+00
-4.102120287603682414e+00
-4.044385260684720151e+00
-3.986650233765757445e+00
-3.928915206846794739e+00
-3.871180179927832032e+00
-3.813445153008869326e+00
-3.755710126089906620e+00
-3.697975099170943913e+00
-3.640240072251981207e+00
-3.582505045333018501e+00
-3.524770018414055794e+00
-3.467034991495093088e+00
-3.409299964576130382e+00
-3.351564937657167675e+00
-3.293829910738204969e+00
-3.236094883819242263e+00
-3.178359856900279556e+00
-3.120624829981316850e+00
-3.062889803062354144e+00
-3.005154776143391437e+00
-2.947419749224428731e+00
-2.889684722305466025e+00
-2.831949695386503318e+00
-2.774214668467540612e+00
-2.716479641548577906e+00
-2.658744614629615199e+00
-2.601009587710652493e+00
-2.543274560791689787e+00
-2.485539533872727080e+00
-2.427804506953764374e+00
-2.370069480034801668e+00
-2.312334453115838961e+00
-2.254599426196876255e+00
-2.196864399277913549e+00
-2.139129372358950842e+00
-2.081394345439988136e+00
-2.023659318521025430e+00
-1.965924291602062945e+00
-1.908189264683100461e+00
-1.850454237764137977e+00
-1.792719210845175493e+00
-1.734984183926213008e+00
-1.677249157007250524e+00
-1.619514130088288040e+00
-1.561779103169325555e+00
-1.504044076250363071e+00
-1.446309049331400587e+00
-1.388574022412438103e+00
-1.330838995493475618e+00
-1.273103968574513134e+00
-1.215368941655550650e+00
-1.157633914736588165e+00
-1.099898887817625681e+00
-1.042163860898663197e+00
-9.844288339797006016e-01
-9.266938070607380062e-01
-8.689587801417754109e-01
-8.112237532228128156e-01
-7.534887263038502203e-01
-6.957536993848876250e-01
-6.380186724659250297e-01
-5.802836455469624344e-01
-5.225486186279998391e-01
-4.648135917090372438e-01
-4.070785647900746484e-01
-3.493435378711120531e-01
-2.916085109521494578e-01
-2.338734840331868625e-01
-1.761384571142242672e-01
-1.184034301952616858e-01
-6.066840327629910434e-02
-2.933376357336522910e-03
5.480165056162605852e-02
1.125366774805886400e-01
1.702717043995512214e-01
2.280067313185137889e-01
2.857417582374763843e-01
3.434767851564389796e-01
4.012118120754015749e-01
4.589468389943641702e-01
5.166818659133267655e-01
5.744168928322893608e-01
6.321519197512519561e-01
6.898869466702145514e-01
7.476219735891771467e-01
8.053570005081397420e-01
8.630920274271023374e-01
9.208270543460649327e-01
9.785620812650275280e-01
1.036297108183990012e+00
1.094032135102952497e+00
1.151767162021914981e+00
1.209502188940877465e+00
1.267237215859839949e+00
1.324972242778802434e+00
1.382707269697764918e+00
1.440442296616727402e+00
1.498177323535689887e+00
1.555912350454652371e+00
1.613647377373614855e+00
1.671382404292577339e+00
1.729117431211539824e+00
1.786852458130502308e+00
1.844587485049464792e+00
1.902322511968427277e+00
1.960057538887389761e+00
2.017792565806352467e+00
2.075527592725315174e+00
2.133262619644277880e+00
2.190997646563240586e+00
2.248732673482203293e+00
2.306467700401165999e+00
2.364202727320128705e+00
2.421937754239091412e+00
2.479672781158054118e+00
2.537407808077016824e+00
2.595142834995979531e+00
2.652877861914942237e+00
2.710612888833904943e+00
2.768347915752867650e+00
2.826082942671830356e+00
2.883817969590793062e+00
2.941552996509755769e+00
2.999288023428718475e+00
3.057023050347681181e+00
3.114758077266643888e+00
3.172493104185606594e+00
3.230228131104569300e+00
3.287963158023532007e+00
3.345698184942494713e+00
3.403433211861457419e+00
3.461168238780420126e+00
3.518903265699382832e+00
3.576638292618345538e+00
3.634373319537308245e+00
3.692108346456270951e+00
3.749843373375233657e+00
3.807578400294196364e+00
3.865313427213159070e+00
3.923048454132121776e+00
3.980783481051084483e+00
4.038518507970047189e+00
4.096253534889009451e+00
4.153988561807971713e+00
4.211723588726933976e+00
4.269458615645896238e+00
4.327193642564858500e+00
4.384928669483820762e+00
4.442663696402783025e+00
4.500398723321745287e+00
4.558133750240707549e+00
4.615868777159669811e+00
4.673603804078632074e+00
4.731338830997594336e+00
4.789073857916556598e+00
4.846808884835518860e+00
4.904543911754481123e+00
4.962278938673443385e+00
5.020013965592405647e+00
5.077748992511367909e+00
5.135484019430330171e+00
5.193219046349292434e+00
5.250954073268254696e+00
5.308689100187216958e+00
5.366424127106179220e+00
5.424159154025141483e+00
5.481894180944103745e+00
5.539629207863066007e+00
5.597364234782028269e+00
5.655099261700990532e+00
5.712834288619952794e+00
5.770569315538915056e+00
5.828304342457877318e+00
5.886039369376839581e+00
5.943774396295801843e+00
6.001509423214764105e+00
6.059244450133726367e+00
6.116979477052688630e+00
6.174714503971650892e+00
6.232449530890613154e+00
6.290184557809575416e+00
6.347919584728537679e+00
6.405654611647499941e+00
6.463389638566462203e+00
6.521124665485424465e+00
6.578859692404386728e+00
6.636594719323348990e+00
6.694329746242311252e+00
6.752064773161273514e+00
6.809799800080235777e+00
6.867534826999198039e+00
6.925269853918160301e+00
6.983004880837122563e+00
7.040739907756084826e+00
7.098474934675047088e+00
7.156209961594009350e+00
7.213944988512971612e+00
7.271680015431933874e+00
7.329415042350896137e+00
7.387150069269858399e+00
7.444885096188820661e+00
7.502620123107782923e+00
7.560355150026745186e+00
7.618090176945707448e+00
7.675825203864669710e+00
7.733560230783631972e+00
7.791295257702594235e+00
7.849030284621556497e+00
7.906765311540518759e+00
7.964500338459481021e+00
8.022235365378444172e+00
8.079970392297406434e+00
8.137705419216368696e+00
8.195440446135330959e+00
8.253175473054293221e+00
8.310910499973255483e+00
8.368645526892217745e+00
8.426380553811180008e+00
8.484115580730142270e+00
8.541850607649104532e+00
8.599585634568066794e+00
8.657320661487029057e+00
8.715055688405991319e+00
8.772790715324953581e+00
8.830525742243915843e+00
8.888260769162878105e+00
8.945995796081840368e+00
9.003730823000802630e+00
9.061465849919764892e+00
9.119200876838727154e+00
9.176935903757689417e+00
9.234670930676651679e+00
9.292405957595613941e+00
9.350140984514576203e+00
9.407876011433538466e+00
9.465611038352500728e+00
9.523346065271462990e+00
9.581081092190425252e+00
9.638816119109387515e+00
9.696551146028349777e+00
9.754286172947312039e+00
9.812021199866274301e+00
9.869756226785236564e+00
9.927491253704198826e+00
9.985226280623161088e+00
1.004296130754212335e+01
1.010069633446108561e+01
1.015843136138004787e+01
1.021616638829901014e+01
1.027390141521797240e+01
1.033163644213693466e+01
1.038937146905589692e+01
1.044710649597485919e+01
1.050484152289382145e+01
1.056257654981278371e+01
1.062031157673174597e+01
1.067804660365070824e+01
1.073578163056967050e+01
1.079351665748863276e+01
1.085125168440759502e+01
1.090898671132655728e+01
1.096672173824551955e+01
1.102445676516448181e+01
1.108219179208344407e+01
1.113992681900240633e+01
1.119766184592136860e+01
1.125539687284033086e+01
1.131313189975929312e+01
1.137086692667825538e+01
1.142860195359721764e+01
1.148633698051617991e+01
1.154407200743514217e+01
1.160180703435410443e+01
1.165954206127306669e+01
1.171727708819202896e+01
1.177501211511099122e+01
1.183274714202995348e+01
1.189048216894891574e+01
1.194821719586787800e+01
1.200595222278684027e+01
1.206368724970580253e+01
1.212142227662476479e+01
1.217915730354372705e+01
1.223689233046268932e+01
1.229462735738165158e+01
1.235236238430061384e+01
1.241009741121957610e+01
1.246783243813853836e+01
1.252556746505750063e+01
1.258330249197646289e+01
1.264103751889542515e+01
1.269877254581438741e+01
1.275650757273334968e+01
1.281424259965231194e+01
1.287197762657127420e+01
1.292971265349023646e+01
1.298744768040919872e+01
1.304518270732816099e+01
1.310291773424712325e+01
1.316065276116608551e+01
1.321838778808504777e+01
1.327612281500401004e+01
1.333385784192297230e+01
1.339159286884193456e+01
1.344932789576089682e+01
1.350706292267985908e+01
1.356479794959882135e+01
1.362253297651778361e+01
1.368026800343674587e+01
1.373800303035570813e+01
1.379573805727467040e+01
1.385347308419363266e+01
1.391120811111259492e+01
1.396894313803155718e+01
1.402667816495051945e+01
1.408441319186948171e+01
1.414214821878844397e+01
1.419988324570740623e+01
1.425761827262636849e+01
1.431535329954533076e+01
1.437308832646429302e+01
1.443082335338325528e+01
1.448855838030221754e+01
1.454629340722117981e+01
1.460402843414014207e+01
1.466176346105910433e+01
1.471949848797806659e+01
1.477723351489702885e+01
1.483496854181599112e+01
1.489270356873495338e+01
1.495043859565391564e+01
1.500817362257287790e+01
1.506590864949184017e+01
1.512364367641080243e+01
1.518137870332976469e+01
1.523911373024872695e+01
1.529684875716768921e+01
1.535458378408665148e+01
1.541231881100561374e+01
1.547005383792457600e+01
1.552778886484353826e+01
1.558552389176250053e+01
1.564325891868146279e+01
1.570099394560042505e+01
1.575872897251938731e+01
1.581646399943834957e+01
1.587419902635731184e+01
1.593193405327627410e+01
1.598966908019523636e+01
1.604740410711420040e+01
1.610513913403316266e+01
1.616287416095212492e+01
1.622060918787108719e+01
1.627834421479004945e+01
1.633607924170901171e+01
1.639381426862797397e+01
1.645154929554693624e+01
1.650928432246589850e+01
1.656701934938486076e+01
1.662475437630382302e+01
1.668248940322278528e+01
1.674022443014174755e+01
1.679795945706070981e+01
1.685569448397967207e+01
1.691342951089863433e+01
1.697116453781759660e+01
1.702889956473655886e+01
1.708663459165552112e+01
1.714436961857448338e+01
1.720210464549344564e+01
1.725983967241240791e+01
1.731757469933137017e+01
1.737530972625033243e+01
1.743304475316929469e+01
1.749077978008825696e+01
1.754851480700721922e+01
1.760624983392618148e+01
1.766398486084514374e+01
1.772171988776410601e+01
1.777945491468306827e+01
1.783718994160203053e+01
1.789492496852099279e+01
1.795265999543995505e+01
1.801039502235891732e+01
1.806813004927787958e+01
1.812586507619684184e+01
1.818360010311580410e+01
1.824133513003476637e+01
1.829907015695372863e+01
1.835680518387269089e+01
1.841454021079165315e+01
1.847227523771061541e+01
1.853001026462957768e+01
1.858774529154853994e+01
1.864548031846750220e+01
1.870321534538646446e+01
1.876095037230542673e+01
1.881868539922438899e+01
1.887642042614335125e+01
1.893415545306231351e+01
1.899189047998127577e+01
1.904962550690023804e+01
1.910736053381920030e+01
1.916509556073816256e+01
1.922283058765712482e+01
1.928056561457608709e+01
1.933830064149504935e+01
1.939603566841401161e+01
1.945377069533297387e+01
1.951150572225193613e+01
1.956924074917089840e+01
1.962697577608986066e+01
1.968471080300882292e+01
1.974244582992778518e+01
1.980018085684674745e+01
1.985791588376570971e+01
1.991565091068467197e+01
1.997338593760363423e+01
2.003112096452259649e+01
2.008885599144155876e+01
2.014659101836052102e+01
2.020432604527948328e+01
2.026206107219844554e+01
2.031979609911740781e+01
2.037753112603637007e+01
2.043526615295533233e+01
2.049300117987429459e+01
2.055073620679325686e+01
2.060847123371221912e+01
2.066620626063118138e+01
2.072394128755014364e+01
2.078167631446910590e+01
2.083941134138806817e+01
2.089714636830703043e+01
2.095488139522599269e+01
2.101261642214495495e+01
2.107035144906391722e+01
2.112808647598287948e+01
2.118582150290184174e+01
2.124355652982080400e+01
2.130129155673976626e+01
2.135902658365872853e+01
2.141676161057769079e+01
2.147449663749665305e+01
2.153223166441561531e+01
2.158996669133457758e+01
2.164770171825353984e+01
2.170543674517250210e+01
2.176317177209146436e+01
2.182090679901042662e+01
2.187864182592938889e+01
2.193637685284835115e+01
2.199411187976731341e+01
2.205184690668627567e+01
2.210958193360523794e+01
2.216731696052420020e+01
2.222505198744316246e+01
2.228278701436212472e+01
2.234052204128108698e+01
2.239825706820004925e+01
2.245599209511901151e+01
2.251372712203797377e+01
2.257146214895693603e+01
2.262919717587589830e+01
2.268693220279486056e+01
2.274466722971382282e+01
2.280240225663278508e+01
2.286013728355174734e+01
2.291787231047070961e+01
2.297560733738967187e+01
2.303334236430863413e+01
2.309107739122759639e+01
2.314881241814655866e+01
2.320654744506552092e+01
2.326428247198448318e+01
2.332201749890344544e+01
2.337975252582240770e+01
2.343748755274136997e+01
2.349522257966033223e+01
2.355295760657929449e+01
2.361069263349825675e+01
2.366842766041721902e+01
2.372616268733618128e+01
2.378389771425514354e+01
2.384163274117410580e+01
2.389936776809306807e+01
2.395710279501203033e+01
2.401483782193099259e+01
2.407257284884995485e+01
2.413030787576891711e+01
2.418804290268787938e+01
2.424577792960684164e+01
2.430351295652580390e+01
2.436124798344476616e+01
2.441898301036372843e+01
2.447671803728269069e+01
2.453445306420165295e+01
2.459218809112061521e+01
2.464992311803957747e+01
2.470765814495853974e+01
2.476539317187750200e+01
2.482312819879646426e+01
2.488086322571542652e+01
2.493859825263438879e+01
2.499633327955335105e+01
2.505406830647231331e+01
2.511180333339127557e+01
2.516953836031023783e+01
2.522727338722920010e+01
2.528500841414816236e+01
2.534274344106712462e+01
2.540047846798608688e+01
2.545821349490504915e+01
2.551594852182401141e+01
2.557368354874297367e+01
2.563141857566193593e+01
2.568915360258089819e+01
2.574688862949986046e+01
2.580462365641882272e+01
2.586235868333778498e+01
2.592009371025674724e+01
2.597782873717570951e+01
2.603556376409467177e+01
2.609329879101363403e+01
2.615103381793259629e+01
2.620876884485155855e+01
2.626650387177052082e+01
2.632423889868948308e+01
2.638197392560844534e+01
2.643970895252740760e+01
2.649744397944636987e+01
2.655517900636533213e+01
2.661291403328429439e+01
2.667064906020325665e+01
2.672838408712221892e+01
2.678611911404118118e+01
2.684385414096014344e+01
2.690158916787910570e+01
2.695932419479806796e+01
2.701705922171703023e+01
2.707479424863599249e+01
2.713252927555495475e+01
2.719026430247391701e+01
2.724799932939287928e+01
2.730573435631184154e+01
2.736346938323080380e+01
2.742120441014976606e+01
2.747893943706872832e+01
2.753667446398769059e+01
2.759440949090665285e+01
2.765214451782561511e+01
2.770987954474457737e+01
2.776761457166353964e+01
2.782534959858250190e+01
2.788308462550146416e+01
2.794081965242042642e+01
2.799855467933938868e+01
2.805628970625835095e+01
2.811402473317731321e+01
2.817175976009627547e+01
2.822949478701523773e+01
2.828722981393420000e+01
2.834496484085316226e+01
2.840269986777212452e+01
2.846043489469108678e+01
2.851816992161004904e+01
2.857590494852901131e+01
2.863363997544797357e+01
2.869137500236693583e+01
2.874911002928589809e+01
2.880684505620486036e+01
2.886458008312382262e+01
2.892231511004278488e+01
2.898005013696174714e+01
2.903778516388070940e+01
2.909552019079967167e+01
2.915325521771863393e+01
2.921099024463759619e+01
2.926872527155655845e+01
2.932646029847552072e+01
2.938419532539448298e+01
2.944193035231344524e+01
2.949966537923240750e+01
2.955740040615136976e+01
2.961513543307033203e+01
2.967287045998929429e+01
2.973060548690825655e+01
2.978834051382721881e+01
2.984607554074618108e+01
2.990381056766514334e+01
2.996154559458410560e+01
3.001928062150306786e+01
3.007701564842203013e+01
3.013475067534099239e+01
3.019248570225995465e+01
3.025022072917891691e+01
3.030795575609787917e+01
3.036569078301684144e+01
3.042342580993580370e+01
3.048116083685476596e+01
3.053889586377372822e+01
3.059663089069269049e+01
3.065436591761165275e+01
3.071210094453061501e+01
3.076983597144957727e+01
3.082757099836853953e+01
3.088530602528750180e+01
3.094304105220646406e+01
3.100077607912542632e+01
3.105851110604438858e+01
3.111624613296335085e+01
3.117398115988231311e+01
3.123171618680127537e+01
3.128945121372023763e+01
3.134718624063919989e+01
3.140492126755816216e+01
3.146265629447712442e+01
3.152039132139608668e+01
3.157812634831504894e+01
3.163586137523401121e+01
3.169359640215297347e+01
3.175133142907193573e+01
3.180906645599089799e+01
3.186680148290986025e+01
3.192453650982882252e+01
3.198227153674778478e+01
3.204000656366675059e+01
3.209774159058571286e+01
3.215547661750467512e+01
3.221321164442363738e+01
3.227094667134259964e+01
3.232868169826156191e+01
3.238641672518052417e+01
3.244415175209948643e+01
3.250188677901844869e+01
3.255962180593741095e+01
3.261735683285637322e+01
3.267509185977533548e+01
3.273282688669429774e+01
3.279056191361326000e+01
3.284829694053222227e+01
3.290603196745118453e+01
3.296376699437014679e+01
3.302150202128910905e+01
3.307923704820807131e+01
3.313697207512703358e+01
3.319470710204599584e+01
3.325244212896495810e+01
3.331017715588392036e+01
3.336791218280288263e+01
3.342564720972184489e+01
3.348338223664080715e+01
3.354111726355976941e+01
3.359885229047873167e+01
3.365658731739769394e+01
3.371432234431665620e+01
3.377205737123561846e+01
3.382979239815458072e+01
3.388752742507354299e+01
3.394526245199250525e+01
3.400299747891146751e+01
3.406073250583042977e+01
3.411846753274939203e+01
3.417620255966835430e+01
3.423393758658731656e+01
3.429167261350627882e+01
3.434940764042524108e+01
3.440714266734420335e+01
3.446487769426316561e+01
3.452261272118212787e+01
3.458034774810109013e+01
3.463808277502005240e+01
3.469581780193901466e+01
3.475355282885797692e+01
3.481128785577693918e+01
3.486902288269590144e+01
3.492675790961486371e+01
3.498449293653382597e+01
3.504222796345278823e+01
3.509996299037175049e+01
3.515769801729071276e+01
3.521543304420967502e+01
3.527316807112863728e+01
3.533090309804759954e+01
3.538863812496656180e+01
3.544637315188552407e+01
3.550410817880448633e+01
3.556184320572344859e+01
3.561957823264241085e+01
3.567731325956137312e+01
3.573504828648033538e+01
3.579278331339929764e+01
3.585051834031825990e+01
3.590825336723722216e+01
3.596598839415618443e+01
3.602372342107514669e+01
3.608145844799410895e+01
3.613919347491307121e+01
3.619692850183203348e+01
3.625466352875099574e+01
3.631239855566995800e+01
3.637013358258892026e+01
3.642786860950788252e+01
3.648560363642684479e+01
3.654333866334580705e+01
3.660107369026476931e+01
3.665880871718373157e+01
3.671654374410269384e+01
3.677427877102165610e+01
3.683201379794061836e+01
3.688974882485958062e+01
3.694748385177854288e+01
3.700521887869750515e+01
3.706295390561646741e+01
3.712068893253542967e+01
3.717842395945439193e+01
3.723615898637335420e+01
3.729389401329231646e+01
3.735162904021127872e+01
3.740936406713024098e+01
3.746709909404920325e+01
3.752483412096816551e+01
3.758256914788712777e+01
3.764030417480609003e+01
3.769803920172505229e+01
3.775577422864401456e+01
3.781350925556297682e+01
3.787124428248193908e+01
3.792897930940090134e+01
3.798671433631986361e+01
3.804444936323882587e+01
3.810218439015778813e+01
3.815991941707675039e+01
3.821765444399571265e+01
3.827538947091467492e+01
3.833312449783363718e+01
3.839085952475259944e+01
3.844859455167156170e+01
3.850632957859052397e+01
3.856406460550948623e+01
3.862179963242844849e+01
3.867953465934741075e+01
3.873726968626637301e+01
3.879500471318533528e+01
3.885273974010429754e+01
3.891047476702325980e+01
3.896820979394222206e+01
3.902594482086118433e+01
3.908367984778014659e+01
3.914141487469910885e+01
3.919914990161807111e+01
3.925688492853703337e+01
3.931461995545599564e+01
3.937235498237495790e+01
3.943009000929392016e+01
3.948782503621288242e+01
3.954556006313184469e+01
3.960329509005080695e+01
3.966103011696976921e+01
3.971876514388873147e+01
3.977650017080769373e+01
3.983423519772665600e+01
3.989197022464561826e+01
3.994970525156458052e+01
4.000744027848354278e+01
4.006517530540250505e+01
4.012291033232146731e+01
4.018064535924042957e+01
4.023838038615939183e+01
4.029611541307835409e+01
4.035385043999731636e+01
4.041158546691627862e+01
4.046932049383524088e+01
4.052705552075420314e+01
4.058479054767316541e+01
4.064252557459212767e+01
4.070026060151108993e+01
4.075799562843005219e+01
4.081573065534901446e+01
4.087346568226797672e+01
4.093120070918693898e+01
4.098893573610590124e+01
4.104667076302486350e+01
4.110440578994382577e+01
4.116214081686278803e+01
4.121987584378175029e+01
4.127761087070071255e+01
4.133534589761967482e+01
4.139308092453863708e+01
4.145081595145759934e+01
4.150855097837656160e+01
4.156628600529552386e+01
4.162402103221448613e+01
4.168175605913344839e+01
4.173949108605241065e+01
4.179722611297137291e+01
4.185496113989033518e+01
4.191269616680929744e+01
4.197043119372825970e+01
4.202816622064722196e+01
4.208590124756618422e+01
4.214363627448514649e+01
4.220137130140410875e+01
4.225910632832307101e+01
4.231684135524203327e+01
4.237457638216099554e+01
4.243231140907995780e+01
4.249004643599892006e+01
4.254778146291788232e+01
4.260551648983684458e+01
4.266325151675580685e+01
4.272098654367476911e+01
4.277872157059373137e+01
4.283645659751269363e+01
4.289419162443165590e+01
4.295192665135061816e+01
4.300966167826958042e+01
4.306739670518854268e+01
4.312513173210750494e+01
4.318286675902646721e+01
4.324060178594542947e+01
4.329833681286439173e+01
4.335607183978335399e+01
4.341380686670231626e+01
4.347154189362127852e+01
4.352927692054024078e+01
4.358701194745920304e+01
4.364474697437816531e+01
4.370248200129712757e+01
4.376021702821608983e+01
4.381795205513505209e+01
4.387568708205401435e+01
4.393342210897297662e+01
4.399115713589193888e+01
4.404889216281090114e+01
4.410662718972986340e+01
4.416436221664882567e+01
4.422209724356778793e+01
4.427983227048675019e+01
4.433756729740571245e+01
4.439530232432467471e+01
4.445303735124363698e+01
4.451077237816259924e+01
4.456850740508156150e+01
4.462624243200052376e+01
4.468397745891948603e+01
4.474171248583844829e+01
4.479944751275741055e+01
4.485718253967637281e+01
4.491491756659533507e+01
4.497265259351429734e+01
4.503038762043325960e+01
4.508812264735222186e+01
4.514585767427118412e+01
4.520359270119014639e+01
4.526132772810910865e+01
4.531906275502807091e+01
4.537679778194703317e+01
4.543453280886599543e+01
4.549226783578495770e+01
4.555000286270391996e+01
4.560773788962288222e+01
4.566547291654184448e+01
4.572320794346080675e+01
4.578094297037976901e+01
4.583867799729873127e+01
4.589641302421769353e+01
4.595414805113665579e+01
4.601188307805561806e+01
4.606961810497458032e+01
4.612735313189354258e+01
4.618508815881250484e+01
4.624282318573146711e+01
4.630055821265042937e+01
4.635829323956939163e+01
4.641602826648835389e+01
4.647376329340731616e+01
4.653149832032627842e+01
4.658923334724524068e+01
4.664696837416420294e+01
4.670470340108316520e+01
4.676243842800212747e+01
4.682017345492108973e+01
4.687790848184005199e+01
4.693564350875901425e+01
4.699337853567797652e+01
4.705111356259693878e+01
4.710884858951590104e+01
4.716658361643486330e+01
4.722431864335382556e+01
4.728205367027278783e+01
4.733978869719175009e+01
4.739752372411071235e+01
4.745525875102967461e+01
4.751299377794863688e+01
4.757072880486759914e+01
4.762846383178656140e+01
4.768619885870552366e+01
4.774393388562448592e+01
4.780166891254344819e+01
4.785940393946241045e+01
4.791713896638137271e+01
4.797487399330033497e+01
4.803260902021929724e+01
4.809034404713825950e+01
4.814807907405722176e+01
4.820581410097618402e+01
4.826354912789514628e+01
4.832128415481410855e+01
4.837901918173307081e+01
4.843675420865203307e+01
4.849448923557099533e+01
4.855222426248995760e+01
4.860995928940891986e+01
4.866769431632788212e+01
4.872542934324684438e+01
4.878316437016580664e+01
4.884089939708476891e+01
4.889863442400373117e+01
4.895636945092269343e+01
4.901410447784165569e+01
4.907183950476061796e+01
4.912957453167958022e+01
4.918730955859854248e+01
4.924504458551750474e+01
4.930277961243646700e+01
4.936051463935542927e+01
4.941824966627439153e+01
4.947598469319335379e+01
4.953371972011231605e+01
4.959145474703127832e+01
4.964918977395024058e+01
4.970692480086920284e+01
4.976465982778816510e+01
4.982239485470712737e+01
4.988012988162608963e+01
4.993786490854505189e+01
4.999559993546401415e+01
5.005333496238297641e+01
5.011106998930193868e+01
5.016880501622090094e+01
5.022654004313986320e+01
5.028427507005882546e+01
5.034201009697778773e+01
5.039974512389674999e+01
5.045748015081571225e+01
5.051521517773467451e+01
5.057295020465363677e+01
5.063068523157259904e+01
5.068842025849156130e+01
5.074615528541052356e+01
5.080389031232948582e+01
5.086162533924844809e+01
5.091936036616741035e+01
5.097709539308637261e+01
5.103483042000533487e+01
5.109256544692429713e+01
5.115030047384325940e+01
5.120803550076222166e+01
5.126577052768118392e+01
5.132350555460014618e+01
5.138124058151910845e+01
5.143897560843807071e+01
5.149671063535703297e+01
5.155444566227599523e+01
5.161218068919495749e+01
5.166991571611391976e+01
5.172765074303288202e+01
5.178538576995184428e+01
5.184312079687080654e+01
5.190085582378976881e+01
5.195859085070873107e+01
5.201632587762769333e+01
5.207406090454665559e+01
5.213179593146561785e+01
5.218953095838458012e+01
5.224726598530354238e+01
5.230500101222250464e+01
5.236273603914146690e+01
5.242047106606042917e+01
5.247820609297939143e+01
5.253594111989835369e+01
5.259367614681731595e+01
5.265141117373627822e+01
5.270914620065524048e+01
5.276688122757420274e+01
5.282461625449316500e+01
5.288235128141212726e+01
5.294008630833108953e+01
5.299782133525005179e+01
5.305555636216901405e+01
5.311329138908797631e+01
5.317102641600693858e+01
5.322876144292590084e+01
5.328649646984486310e+01
5.334423149676382536e+01
5.340196652368278762e+01
5.345970155060174989e+01
5.351743657752071215e+01
5.357517160443967441e+01
5.363290663135863667e+01
5.369064165827759894e+01
5.374837668519656120e+01
5.380611171211552346e+01
5.386384673903448572e+01
5.392158176595344798e+01
5.397931679287241025e+01
5.403705181979137251e+01
5.409478684671033477e+01
5.415252187362929703e+01
5.421025690054825930e+01
5.426799192746722156e+01
5.432572695438618382e+01
5.438346198130514608e+01
5.444119700822410834e+01
5.449893203514307061e+01
5.455666706206203287e+01
5.461440208898099513e+01
5.467213711589995739e+01
5.472987214281891966e+01
5.478760716973788192e+01
5.484534219665684418e+01
5.490307722357580644e+01
5.496081225049476870e+01
5.501854727741373097e+01
5.507628230433269323e+01
5.513401733125165549e+01
5.519175235817061775e+01
5.524948738508958002e+01
5.530722241200854228e+01
5.536495743892750454e+01
5.542269246584646680e+01
5.548042749276542907e+01
5.553816251968439133e+01
5.559589754660335359e+01
5.565363257352231585e+01
5.571136760044127811e+01
5.576910262736024038e+01
5.582683765427920264e+01
5.588457268119816490e+01
5.594230770811712716e+01
5.600004273503608943e+01
5.605777776195505169e+01
5.611551278887401395e+01
5.617324781579297621e+01
5.623098284271193847e+01
5.628871786963090074e+01
5.634645289654986300e+01
5.640418792346882526e+01
5.646192295038778752e+01
5.651965797730674979e+01
5.657739300422571205e+01
5.663512803114467431e+01
5.669286305806363657e+01
5.675059808498259883e+01
5.680833311190156110e+01
5.686606813882052336e+01
5.692380316573948562e+01
5.698153819265844788e+01
5.703927321957741015e+01
5.709700824649637241e+01
5.715474327341533467e+01
5.721247830033429693e+01
5.727021332725325919e+01
5.732794835417222146e+01
5.738568338109118372e+01
5.744341840801014598e+01
5.750115343492910824e+01
5.755888846184807051e+01
5.761662348876703277e+01
5.767435851568599503e+01
5.773209354260495729e+01
5.778982856952391955e+01
5.784756359644288182e+01
5.790529862336184408e+01
5.796303365028080634e+01
5.802076867719976860e+01
5.807850370411873087e+01
5.813623873103769313e+01
5.819397375795665539e+01
5.825170878487561765e+01
5.830944381179457991e+01
5.836717883871354218e+01
5.842491386563250444e+01
5.848264889255146670e+01
5.854038391947042896e+01
5.859811894638939123e+01
5.865585397330835349e+01
5.871358900022731575e+01
5.877132402714627801e+01
5.882905905406524028e+01
5.888679408098420254e+01
5.894452910790316480e+01
5.900226413482212706e+01
5.905999916174108932e+01
5.911773418866005159e+01
5.917546921557901385e+01
5.923320424249797611e+01
5.929093926941693837e+01
5.934867429633590064e+01
5.940640932325486290e+01
5.946414435017382516e+01
5.952187937709278742e+01
5.957961440401174968e+01
5.963734943093071195e+01
5.969508445784967421e+01
5.975281948476863647e+01
5.981055451168759873e+01
5.986828953860656100e+01
5.992602456552552326e+01
5.998375959244448552e+01
6.004149461936344778e+01
6.009922964628241004e+01
6.015696467320137231e+01
6.021469970012033457e+01
6.027243472703929683e+01
6.033016975395825909e+01
6.038790478087722136e+01
6.044563980779618362e+01
6.050337483471514588e+01
6.056110986163410814e+01
6.061884488855307040e+01
6.067657991547203267e+01
6.073431494239099493e+01
6.079204996930995719e+01
6.084978499622891945e+01
6.090752002314788172e+01
6.096525505006684398e+01
6.102299007698580624e+01
6.108072510390476850e+01
6.113846013082373076e+01
6.119619515774269303e+01
6.125393018466165529e+01
6.131166521158061755e+01
6.136940023849957981e+01
6.142713526541854208e+01
6.148487029233750434e+01
6.154260531925646660e+01
6.160034034617542886e+01
6.165807537309439113e+01
6.171581040001335339e+01
6.177354542693231565e+01
6.183128045385127791e+01
6.188901548077024017e+01
6.194675050768920244e+01
6.200448553460816470e+01
6.206222056152712696e+01
6.211995558844608922e+01
6.217769061536505149e+01
6.223542564228401375e+01
6.229316066920297601e+01
6.235089569612193827e+01
6.240863072304090053e+01
6.246636574995986280e+01
6.252410077687882506e+01
6.258183580379778732e+01
6.263957083071674958e+01
6.269730585763571185e+01
6.275504088455467411e+01
6.281277591147363637e+01
6.287051093839259863e+01
6.292824596531156089e+01
6.298598099223052316e+01
6.304371601914948542e+01
6.310145104606844768e+01
6.315918607298740994e+01
6.321692109990637221e+01
6.327465612682533447e+01
6.333239115374429673e+01
6.339012618066325899e+01
6.344786120758222125e+01
6.350559623450118352e+01
6.356333126142014578e+01
6.362106628833910804e+01
6.367880131525807030e+01
6.373653634217703257e+01
6.379427136909599483e+01
6.385200639601495709e+01
6.390974142293391935e+01
6.396747644985288161e+01
6.402521147677184388e+01
6.408294650369080614e+01
6.414068153060976840e+01
6.419841655752873066e+01
6.425615158444769293e+01
6.431388661136665519e+01
6.437162163828561745e+01
6.442935666520457971e+01
6.448709169212354197e+01
6.454482671904250424e+01
6.460256174596146650e+01
6.466029677288042876e+01
6.471803179979939102e+01
6.477576682671835329e+01
6.483350185363731555e+01
6.489123688055627781e+01
6.494897190747524007e+01
6.500670693439420234e+01
6.506444196131316460e+01
6.512217698823212686e+01
6.517991201515108912e+01
6.523764704207005138e+01
6.529538206898901365e+01
6.535311709590797591e+01
6.541085212282693817e+01
6.546858714974590043e+01
6.552632217666486270e+01
6.558405720358382496e+01
6.564179223050278722e+01
6.569952725742174948e+01
6.575726228434071174e+01
6.581499731125967401e+01
6.587273233817863627e+01
6.593046736509759853e+01
6.598820239201656079e+01
6.604593741893552306e+01
6.610367244585448532e+01
6.616140747277344758e+01
6.621914249969240984e+01
6.627687752661137210e+01
6.633461255353033437e+01
6.639234758044929663e+01
6.645008260736825889e+01
6.650781763428722115e+01
6.656555266120618342e+01
6.662328768812514568e+01
6.668102271504410794e+01
6.673875774196307020e+01
6.679649276888203246e+01
6.685422779580099473e+01
6.691196282271995699e+01
6.696969784963891925e+01
6.702743287655788151e+01
6.708516790347684378e+01
6.714290293039580604e+01
6.720063795731476830e+01
6.725837298423373056e+01
6.731610801115269282e+01
6.737384303807165509e+01
6.743157806499061735e+01
6.748931309190957961e+01
6.754704811882854187e+01
6.760478314574750414e+01
6.766251817266646640e+01
6.772025319958542866e+01
6.777798822650439092e+01
6.783572325342335319e+01
6.789345828034231545e+01
6.795119330726127771e+01
6.800892833418023997e+01
6.806666336109920223e+01
6.812439838801816450e+01
6.818213341493712676e+01
6.823986844185608902e+01
6.829760346877505128e+01
6.835533849569401355e+01
6.841307352261297581e+01
6.847080854953193807e+01
6.852854357645090033e+01
6.858627860336986259e+01
6.864401363028882486e+01
6.870174865720778712e+01
6.875948368412674938e+01
6.881721871104571164e+01
6.887495373796467391e+01
6.893268876488363617e+01
6.899042379180259843e+01
6.904815881872156069e+01
6.910589384564052295e+01
6.916362887255948522e+01
6.922136389947844748e+01
6.927909892639740974e+01
6.933683395331637200e+01
6.939456898023533427e+01
6.945230400715429653e+01
6.951003903407325879e+01
6.956777406099222105e+01
6.962550908791118331e+01
6.968324411483014558e+01
6.974097914174910784e+01
6.979871416866807010e+01
6.985644919558703236e+01
6.991418422250599463e+01
6.997191924942495689e+01
7.002965427634391915e+01
7.008738930326288141e+01
7.014512433018184367e+01
7.020285935710080594e+01
7.026059438401976820e+01
7.031832941093873046e+01
7.037606443785769272e+01
7.043379946477665499e+01
7.049153449169561725e+01
7.054926951861457951e+01
7.060700454553354177e+01
7.066473957245250404e+01
7.072247459937146630e+01
7.078020962629042856e+01
7.083794465320939082e+01
7.089567968012835308e+01
7.095341470704731535e+01
7.101114973396627761e+01
7.106888476088523987e+01
7.112661978780420213e+01
7.118435481472316440e+01
7.124208984164212666e+01
7.129982486856108892e+01
7.135755989548005118e+01
7.141529492239901344e+01
7.147302994931797571e+01
7.153076497623693797e+01
7.158850000315590023e+01
7.164623503007486249e+01
7.170397005699382476e+01
7.176170508391278702e+01
7.181944011083174928e+01
7.187717513775071154e+01
7.193491016466967380e+01
7.199264519158863607e+01
7.205038021850759833e+01
7.210811524542656059e+01
7.216585027234552285e+01
7.222358529926448512e+01
7.228132032618344738e+01
7.233905535310240964e+01
7.239679038002137190e+01
7.245452540694033416e+01
7.251226043385929643e+01
7.256999546077825869e+01
7.262773048769722095e+01
7.268546551461618321e+01
7.274320054153514548e+01
7.280093556845410774e+01
7.285867059537307000e+01
7.291640562229203226e+01
7.297414064921099452e+01
7.303187567612995679e+01
7.308961070304891905e+01
7.314734572996788131e+01
7.320508075688684357e+01
7.326281578380580584e+01
7.332055081072476810e+01
7.337828583764373036e+01
7.343602086456269262e+01
7.349375589148165488e+01
7.355149091840061715e+01
7.360922594531957941e+01
7.366696097223854167e+01
7.372469599915750393e+01
7.378243102607646620e+01
7.384016605299542846e+01
7.389790107991439072e+01
7.395563610683335298e+01
7.401337113375231525e+01
7.407110616067127751e+01
7.412884118759023977e+01
7.418657621450920203e+01
7.424431124142816429e+01
7.430204626834712656e+01
7.435978129526608882e+01
7.441751632218505108e+01
7.447525134910401334e+01
7.453298637602297561e+01
7.459072140294193787e+01
7.464845642986090013e+01
7.470619145677986239e+01
7.476392648369882465e+01
7.482166151061778692e+01
7.487939653753674918e+01
7.493713156445571144e+01
7.499486659137467370e+01
7.505260161829363597e+01
7.511033664521259823e+01
7.516807167213156049e+01
7.522580669905052275e+01
7.528354172596948501e+01
7.534127675288844728e+01
7.539901177980740954e+01
7.545674680672637180e+01
7.551448183364533406e+01
7.557221686056429633e+01
7.562995188748325859e+01
7.568768691440222085e+01
7.574542194132118311e+01
7.580315696824014537e+01
7.586089199515910764e+01
7.591862702207806990e+01
7.597636204899703216e+01
7.603409707591599442e+01
7.609183210283495669e+01
7.614956712975391895e+01
7.620730215667288121e+01
7.626503718359184347e+01
7.632277221051080573e+01
7.638050723742976800e+01
7.643824226434873026e+01
7.649597729126769252e+01
7.655371231818665478e+01
7.661144734510561705e+01
7.666918237202457931e+01
7.672691739894354157e+01
7.678465242586250383e+01
7.684238745278146610e+01
7.690012247970042836e+01
7.695785750661939062e+01
7.701559253353835288e+01
7.707332756045731514e+01
7.713106258737627741e+01
7.718879761429523967e+01
7.724653264121420193e+01
7.730426766813316419e+01
7.736200269505212646e+01
7.741973772197108872e+01
7.747747274889005098e+01
7.753520777580901324e+01
7.759294280272797550e+01
7.765067782964693777e+01
7.770841285656590003e+01
7.776614788348486229e+01
7.782388291040382455e+01
7.788161793732278682e+01
7.793935296424174908e+01
7.799708799116071134e+01
7.805482301807967360e+01
7.811255804499863586e+01
7.817029307191759813e+01
7.822802809883656039e+01
7.828576312575552265e+01
7.834349815267448491e+01
7.840123317959344718e+01
7.845896820651240944e+01
7.851670323343137170e+01
7.857443826035033396e+01
7.863217328726929622e+01
7.868990831418825849e+01
7.874764334110722075e+01
7.880537836802618301e+01
7.886311339494514527e+01
7.892084842186410754e+01
7.897858344878306980e+01
7.903631847570203206e+01
7.909405350262099432e+01
7.915178852953995658e+01
7.920952355645891885e+01
7.926725858337788111e+01
7.932499361029684337e+01
7.938272863721580563e+01
7.944046366413476790e+01
7.949819869105373016e+01
7.955593371797269242e+01
7.961366874489165468e+01
7.967140377181061695e+01
7.972913879872957921e+01
7.978687382564854147e+01
7.984460885256750373e+01
7.990234387948646599e+01
7.996007890640542826e+01
8.001781393332439052e+01
8.007554896024335278e+01
8.013328398716231504e+01
8.019101901408127731e+01
8.024875404100023957e+01
8.030648906791920183e+01
8.036422409483816409e+01
8.042195912175712635e+01
8.047969414867608862e+01
8.053742917559505088e+01
8.059516420251401314e+01
8.065289922943297540e+01
8.071063425635193767e+01
8.076836928327089993e+01
8.082610431018986219e+01
8.088383933710882445e+01
8.094157436402778671e+01
8.099930939094674898e+01
8.105704441786571124e+01
8.111477944478467350e+01
8.117251447170363576e+01
8.123024949862259803e+01
8.128798452554156029e+01
8.134571955246052255e+01
8.140345457937948481e+01
8.146118960629844707e+01
8.151892463321740934e+01
8.157665966013637160e+01
8.163439468705533386e+01
8.169212971397429612e+01
8.174986474089325839e+01
8.180759976781222065e+01
8.186533479473118291e+01
8.192306982165014517e+01
8.198080484856910743e+01
8.203853987548806970e+01
8.209627490240703196e+01
8.215400992932599422e+01
8.221174495624495648e+01
8.226947998316391875e+01
8.232721501008288101e+01
8.238495003700184327e+01
8.244268506392080553e+01
8.250042009083976779e+01
8.255815511775873006e+01
8.261589014467769232e+01
8.267362517159665458e+01
8.273136019851561684e+01
8.278909522543457911e+01
8.284683025235354137e+01
8.290456527927250363e+01
8.296230030619146589e+01
8.302003533311042816e+01
8.307777036002939042e+01
8.313550538694835268e+01
8.319324041386731494e+01
8.325097544078627720e+01
8.330871046770523947e+01
8.336644549462420173e+01
8.342418052154316399e+01
8.348191554846212625e+01
8.353965057538108852e+01
8.359738560230005078e+01
8.365512062921901304e+01
8.371285565613797530e+01
8.377059068305693756e+01
8.382832570997589983e+01
8.388606073689486209e+01
8.394379576381382435e+01
8.400153079073278661e+01
8.405926581765174888e+01
8.411700084457071114e+01
8.417473587148967340e+01
8.423247089840863566e+01
8.429020592532759792e+01
8.434794095224656019e+01
8.440567597916552245e+01
8.446341100608448471e+01
8.452114603300344697e+01
8.457888105992240924e+01
8.463661608684137150e+01
8.469435111376033376e+01
8.475208614067929602e+01
8.480982116759825828e+01
8.486755619451722055e+01
8.492529122143618281e+01
8.498302624835514507e+01
8.504076127527410733e+01
8.509849630219306960e+01
8.515623132911203186e+01
8.521396635603099412e+01
8.527170138294995638e+01
8.532943640986891864e+01
8.538717143678788091e+01
8.544490646370684317e+01
8.550264149062580543e+01
8.556037651754476769e+01
8.561811154446372996e+01
8.567584657138269222e+01
8.573358159830165448e+01
8.579131662522061674e+01
8.584905165213957901e+01
8.590678667905854127e+01
8.596452170597750353e+01
8.602225673289646579e+01
8.607999175981542805e+01
8.613772678673439032e+01
8.619546181365335258e+01
8.625319684057231484e+01
8.631093186749127710e+01
8.636866689441023937e+01
8.642640192132920163e+01
8.648413694824816389e+01
8.654187197516712615e+01
8.659960700208608841e+01
8.665734202900505068e+01
8.671507705592401294e+01
8.677281208284297520e+01
8.683054710976193746e+01
8.688828213668089973e+01
8.694601716359986199e+01
8.700375219051882425e+01
8.706148721743778651e+01
8.711922224435674877e+01
8.717695727127571104e+01
8.723469229819467330e+01
8.729242732511363556e+01
8.735016235203259782e+01
8.740789737895156009e+01
8.746563240587052235e+01
8.752336743278948461e+01
8.758110245970844687e+01
8.763883748662740913e+01
8.769657251354637140e+01
8.775430754046533366e+01
8.781204256738429592e+01
8.786977759430325818e+01
8.792751262122222045e+01
8.798524764814118271e+01
8.804298267506014497e+01
8.810071770197910723e+01
8.815845272889806949e+01
8.821618775581703176e+01
8.827392278273599402e+01
8.833165780965495628e+01
8.838939283657391854e+01
8.844712786349288081e+01
8.850486289041184307e+01
8.856259791733080533e+01
8.862033294424976759e+01
8.867806797116872985e+01
8.873580299808769212e+01
8.879353802500665438e+01
8.885127305192561664e+01
8.890900807884457890e+01
8.896674310576354117e+01
8.902447813268250343e+01
8.908221315960146569e+01
8.913994818652042795e+01
8.919768321343939022e+01
8.925541824035835248e+01
8.931315326727731474e+01
8.937088829419627700e+01
8.942862332111523926e+01
8.948635834803420153e+01
8.954409337495316379e+01
8.960182840187212605e+01
8.965956342879108831e+01
8.971729845571005058e+01
8.977503348262901284e+01
8.983276850954797510e+01
8.989050353646693736e+01
8.994823856338589962e+01
9.000597359030486189e+01
9.006370861722382415e+01
9.012144364414278641e+01
9.017917867106174867e+01
9.023691369798071094e+01
9.029464872489967320e+01
9.035238375181863546e+01
9.041011877873759772e+01
9.046785380565655998e+01
9.052558883257552225e+01
9.058332385949448451e+01
9.064105888641344677e+01
9.069879391333240903e+01
9.075652894025137130e+01
9.081426396717033356e+01
9.087199899408929582e+01
9.092973402100825808e+01
9.098746904792722034e+01
9.104520407484618261e+01
9.110293910176514487e+01
9.116067412868410713e+01
9.121840915560306939e+01
9.127614418252203166e+01
9.133387920944099392e+01
9.139161423635995618e+01
9.144934926327891844e+01
9.150708429019788070e+01
9.156481931711684297e+01
9.162255434403580523e+01
9.168028937095476749e+01
9.173802439787372975e+01
9.179575942479269202e+01
9.185349445171165428e+01
9.191122947863061654e+01
9.196896450554957880e+01
9.202669953246854107e+01
9.208443455938750333e+01
9.214216958630646559e+01
9.219990461322542785e+01
9.225763964014439011e+01
9.231537466706335238e+01
9.237310969398231464e+01
9.243084472090127690e+01
9.248857974782023916e+01
9.254631477473920143e+01
9.260404980165816369e+01
9.266178482857712595e+01
9.271951985549608821e+01
9.277725488241505047e+01
9.283498990933401274e+01
9.289272493625297500e+01
9.295045996317193726e+01
9.300819499009089952e+01
9.306593001700986179e+01
9.312366504392882405e+01
9.318140007084778631e+01
9.323913509776674857e+01
9.329687012468571083e+01
9.335460515160467310e+01
9.341234017852363536e+01
9.347007520544259762e+01
9.352781023236155988e+01
9.358554525928052215e+01
9.364328028619948441e+01
9.370101531311844667e+01
9.375875034003740893e+01
9.381648536695637119e+01
9.387422039387533346e+01
9.393195542079429572e+01
9.398969044771325798e+01
9.404742547463222024e+01
9.410516050155118251e+01
9.416289552847014477e+01
9.422063055538910703e+01
9.427836558230806929e+01
9.433610060922703155e+01
9.439383563614599382e+01
9.445157066306495608e+01
9.450930568998391834e+01
9.456704071690288060e+01
9.462477574382184287e+01
9.468251077074080513e+01
9.474024579765976739e+01
9.479798082457872965e+01
9.485571585149769192e+01
9.491345087841665418e+01
9.497118590533561644e+01
9.502892093225457870e+01
9.508665595917354096e+01
9.514439098609250323e+01
9.520212601301146549e+01
9.525986103993042775e+01
9.531759606684939001e+01
9.537533109376835228e+01
9.543306612068731454e+01
9.549080114760627680e+01
9.554853617452523906e+01
9.560627120144420132e+01
9.566400622836316359e+01
9.572174125528212585e+01
9.577947628220108811e+01
9.583721130912005037e+01
9.589494633603901264e+01
9.595268136295797490e+01
9.601041638987693716e+01
9.606815141679589942e+01
9.612588644371486168e+01
9.618362147063382395e+01
9.624135649755278621e+01
9.629909152447174847e+01
9.635682655139071073e+01
9.641456157830967300e+01
9.647229660522863526e+01
9.653003163214759752e+01
9.658776665906655978e+01
9.664550168598552204e+01
9.670323671290448431e+01
9.676097173982344657e+01
9.681870676674240883e+01
9.687644179366137109e+01
9.693417682058033336e+01
9.699191184749929562e+01
9.704964687441825788e+01
9.710738190133722014e+01
9.716511692825618240e+01
9.722285195517514467e+01
9.728058698209410693e+01
9.733832200901306919e+01
9.739605703593203145e+01
9.745379206285099372e+01
9.751152708976995598e+01
9.756926211668891824e+01
9.762699714360788050e+01
9.768473217052684276e+01
9.774246719744580503e+01
9.780020222436476729e+01
9.785793725128372955e+01
9.791567227820269181e+01
9.797340730512165408e+01
9.803114233204061634e+01
9.808887735895957860e+01
9.814661238587854086e+01
9.820434741279750313e+01
9.826208243971646539e+01
9.831981746663542765e+01
9.837755249355438991e+01
9.843528752047335217e+01
9.849302254739231444e+01
9.855075757431127670e+01
9.860849260123023896e+01
9.866622762814920122e+01
9.872396265506816349e+01
9.878169768198712575e+01
9.883943270890608801e+01
9.889716773582505027e+01
9.895490276274401253e+01
9.901263778966297480e+01
9.907037281658193706e+01
9.912810784350089932e+01
9.918584287041986158e+01
9.924357789733882385e+01
9.930131292425778611e+01
9.935904795117674837e+01
9.941678297809571063e+01
9.947451800501467289e+01
9.953225303193363516e+01
9.958998805885259742e+01
9.964772308577155968e+01
9.970545811269052194e+01
9.976319313960948421e+01
9.982092816652844647e+01
9.987866319344740873e+01
9.993639822036637099e+01
9.999413324728533325e+01
1.000000000000000000e+02
