-1.000000000000000000e+02
-9.992553785433716484e+01
-9.982553785433717053e+01
-9.972553785433717621e+01
-9.962553785433718190e+01
-9.952553785433718758e+01
-9.942553785433719327e+01
-9.932553785433719895e+01
-9.922553785433720464e+01
-9.912553785433721032e+01
-9.902553785433721600e+01
-9.892553785433722169e+01
-9.882553785433722737e+01
-9.872553785433723306e+01
-9.862553785433723874e+01
-9.852553785433724443e+01
-9.842553785433725011e+01
-9.832553785433725579e+01
-9.822553785433726148e+01
-9.812553785433726716e+01
-9.802553785433727285e+01
-9.792553785433727853e+01
-9.782553785433728422e+01
-9.772553785433728990e+01
-9.762553785433729558e+01
-9.752553785433730127e+01
-9.742553785433730695e+01
-9.732553785433731264e+01
-9.722553785433731832e+01
-9.712553785433732401e+01
-9.702553785433732969e+01
-9.692553785433733538e+01
-9.682553785433734106e+01
-9.672553785433734674e+01
-9.662553785433735243e+01
-9.652553785433735811e+01
-9.642553785433736380e+01
-9.632553785433736948e+01
-9.622553785433737517e+01
-9.612553785433738085e+01
-9.602553785433738653e+01
-9.592553785433739222e+01
-9.582553785433739790e+01
-9.572553785433740359e+01
-9.562553785433740927e+01
-9.552553785433741496e+01
-9.542553785433742064e+01
-9.532553785433742632e+01
-9.522553785433743201e+01
-9.512553785433743769e+01
-9.502553785433744338e+01
-9.492553785433744906e+01
-9.482553785433745475e+01
-9.472553785433746043e+01
-9.462553785433746611e+01
-9.452553785433747180e+01
-9.442553785433747748e+01
-9.432553785433748317e+01
-9.422553785433748885e+01
-9.412553785433749454e+01
-9.402553785433750022e+01
-9.392553785433750591e+01
-9.382553785433751159e+01
-9.372553785433751727e+01
-9.362553785433752296e+01
-9.352553785433752864e+01
-9.342553785433753433e+01
-9.332553785433754001e+01
-9.322553785433754570e+01
-9.312553785433755138e+01
-9.302553785433755706e+01
-9.292553785433756275e+01
-9.282553785433756843e+01
-9.272553785433757412e+01
-9.262553785433757980e+01
-9.252553785433758549e+01
-9.242553785433759117e+01
-9.232553785433759685e+01
-9.222553785433760254e+01
-9.212553785433760822e+01
-9.202553785433761391e+01
-9.192553785433761959e+01
-9.182553785433762528e+01
-9.172553785433763096e+01
-9.162553785433763665e+01
-9.152553785433764233e+01
-9.142553785433764801e+01
-9.132553785433765370e+01
-9.122553785433765938e+01
-9.112553785433766507e+01
-9.102553785433767075e+01
-9.092553785433767644e+01
-9.082553785433768212e+01
-9.072553785433768780e+01
-9.062553785433769349e+01
-9.052553785433769917e+01
-9.042553785433770486e+01
-9.032553785433771054e+01
-9.022553785433771623e+01
-9.012553785433772191e+01
-9.002553785433772759e+01
-8.992553785433773328e+01
-8.982553785433773896e+01
-8.972553785433774465e+01
-8.962553785433775033e+01
-8.952553785433775602e+01
-8.942553785433776170e+01
-8.932553785433776739e+01
-8.922553785433777307e+01
-8.912553785433777875e+01
-8.902553785433778444e+01
-8.892553785433779012e+01
-8.882553785433779581e+01
-8.872553785433780149e+01
-8.862553785433780718e+01
-8.852553785433781286e+01
-8.842553785433781854e+01
-8.832553785433782423e+01
-8.822553785433782991e+01
-8.812553785433783560e+01
-8.802553785433784128e+01
-8.792553785433784697e+01
-8.782553785433785265e+01
-8.772553785433785833e+01
-8.762553785433786402e+01
-8.752553785433786970e+01
-8.742553785433787539e+01
-8.732553785433788107e+01
-8.722553785433788676e+01
-8.712553785433789244e+01
-8.702553785433789812e+01
-8.692553785433790381e+01
-8.682553785433790949e+01
-8.672553785433791518e+01
-8.662553785433792086e+01
-8.652553785433792655e+01
-8.642553785433793223e+01
-8.632553785433793792e+01
-8.622553785433794360e+01
-8.612553785433794928e+01
-8.602553785433795497e+01
-8.592553785433796065e+01
-8.582553785433796634e+01
-8.572553785433797202e+01
-8.562553785433797771e+01
-8.552553785433798339e+01
-8.542553785433798907e+01
-8.532553785433799476e+01
-8.522553785433800044e+01
-8.512553785433800613e+01
-8.502553785433801181e+01
-8.492553785433801750e+01
-8.482553785433802318e+01
-8.472553785433802886e+01
-8.462553785433803455e+01
-8.452553785433804023e+01
-8.442553785433804592e+01
-8.432553785433805160e+01
-8.422553785433805729e+01
-8.412553785433806297e+01
-8.402553785433806866e+01
-8.392553785433807434e+01
-8.382553785433808002e+01
-8.372553785433808571e+01
-8.362553785433809139e+01
-8.352553785433809708e+01
-8.342553785433810276e+01
-8.332553785433810845e+01
-8.322553785433811413e+01
-8.312553785433811981e+01
-8.302553785433812550e+01
-8.292553785433813118e+01
-8.282553785433813687e+01
-8.272553785433814255e+01
-8.262553785433814824e+01
-8.252553785433815392e+01
-8.242553785433815960e+01
-8.232553785433816529e+01
-8.222553785433817097e+01
-8.212553785433817666e+01
-8.202553785433818234e+01
-8.192553785433818803e+01
-8.182553785433819371e+01
-8.172553785433819939e+01
-8.162553785433820508e+01
-8.152553785433821076e+01
-8.142553785433821645e+01
-8.132553785433822213e+01
-8.122553785433822782e+01
-8.112553785433823350e+01
-8.102553785433823919e+01
-8.092553785433824487e+01
-8.082553785433825055e+01
-8.072553785433825624e+01
-8.062553785433826192e+01
-8.052553785433826761e+01
-8.042553785433827329e+01
-8.032553785433827898e+01
-8.022553785433828466e+01
-8.012553785433829034e+01
-8.002553785433829603e+01
-7.992553785433830171e+01
-7.982553785433830740e+01
-7.972553785433831308e+01
-7.962553785433831877e+01
-7.952553785433832445e+01
-7.942553785433833013e+01
-7.932553785433833582e+01
-7.922553785433834150e+01
-7.912553785433834719e+01
-7.902553785433835287e+01
-7.892553785433835856e+01
-7.882553785433836424e+01
-7.872553785433836993e+01
-7.862553785433837561e+01
-7.852553785433838129e+01
-7.842553785433838698e+01
-7.832553785433839266e+01
-7.822553785433839835e+01
-7.812553785433840403e+01
-7.802553785433840972e+01
-7.792553785433841540e+01
-7.782553785433842108e+01
-7.772553785433842677e+01
-7.762553785433843245e+01
-7.752553785433843814e+01
-7.742553785433844382e+01
-7.732553785433844951e+01
-7.722553785433845519e+01
-7.712553785433846087e+01
-7.702553785433846656e+01
-7.692553785433847224e+01
-7.682553785433847793e+01
-7.672553785433848361e+01
-7.662553785433848930e+01
-7.652553785433849498e+01
-7.642553785433850067e+01
-7.632553785433850635e+01
-7.622553785433851203e+01
-7.612553785433851772e+01
-7.602553785433852340e+01
-7.592553785433852909e+01
-7.582553785433853477e+01
-7.572553785433854046e+01
-7.562553785433854614e+01
-7.552553785433855182e+01
-7.542553785433855751e+01
-7.532553785433856319e+01
-7.522553785433856888e+01
-7.512553785433857456e+01
-7.502553785433858025e+01
-7.492553785433858593e+01
-7.482553785433859161e+01
-7.472553785433859730e+01
-7.462553785433860298e+01
-7.452553785433860867e+01
-7.442553785433861435e+01
-7.432553785433862004e+01
-7.422553785433862572e+01
-7.412553785433863140e+01
-7.402553785433863709e+01
-7.392553785433864277e+01
-7.382553785433864846e+01
-7.372553785433865414e+01
-7.362553785433865983e+01
-7.352553785433866551e+01
-7.342553785433867120e+01
-7.332553785433867688e+01
-7.322553785433868256e+01
-7.312553785433868825e+01
-7.302553785433869393e+01
-7.292553785433869962e+01
-7.282553785433870530e+01
-7.272553785433871099e+01
-7.262553785433871667e+01
-7.252553785433872235e+01
-7.242553785433872804e+01
-7.232553785433873372e+01
-7.222553785433873941e+01
-7.212553785433874509e+01
-7.202553785433875078e+01
-7.192553785433875646e+01
-7.182553785433876214e+01
-7.172553785433876783e+01
-7.162553785433877351e+01
-7.152553785433877920e+01
-7.142553785433878488e+01
-7.132553785433879057e+01
-7.122553785433879625e+01
-7.112553785433880194e+01
-7.102553785433880762e+01
-7.092553785433881330e+01
-7.082553785433881899e+01
-7.072553785433882467e+01
-7.062553785433883036e+01
-7.052553785433883604e+01
-7.042553785433884173e+01
-7.032553785433884741e+01
-7.022553785433885309e+01
-7.012553785433885878e+01
-7.002553785433886446e+01
-6.992553785433887015e+01
-6.982553785433887583e+01
-6.972553785433888152e+01
-6.962553785433888720e+01
-6.952553785433889288e+01
-6.942553785433889857e+01
-6.932553785433890425e+01
-6.922553785433890994e+01
-6.912553785433891562e+01
-6.902553785433892131e+01
-6.892553785433892699e+01
-6.882553785433893268e+01
-6.872553785433893836e+01
-6.862553785433894404e+01
-6.852553785433894973e+01
-6.842553785433895541e+01
-6.832553785433896110e+01
-6.822553785433896678e+01
-6.812553785433897247e+01
-6.802553785433897815e+01
-6.792553785433898383e+01
-6.782553785433898952e+01
-6.772553785433899520e+01
-6.762553785433900089e+01
-6.752553785433900657e+01
-6.742553785433901226e+01
-6.732553785433901794e+01
-6.722553785433902362e+01
-6.712553785433902931e+01
-6.702553785433903499e+01
-6.692553785433904068e+01
-6.682553785433904636e+01
-6.672553785433905205e+01
-6.662553785433905773e+01
-6.652553785433906341e+01
-6.642553785433906910e+01
-6.632553785433907478e+01
-6.622553785433908047e+01
-6.612553785433908615e+01
-6.602553785433909184e+01
-6.592553785433909752e+01
-6.582553785433910321e+01
-6.572553785433910889e+01
-6.562553785433911457e+01
-6.552553785433912026e+01
-6.542553785433912594e+01
-6.532553785433913163e+01
-6.522553785433913731e+01
-6.512553785433914300e+01
-6.502553785433914868e+01
-6.492553785433915436e+01
-6.482553785433916005e+01
-6.472553785433916573e+01
-6.462553785433917142e+01
-6.452553785433917710e+01
-6.442553785433918279e+01
-6.432553785433918847e+01
-6.422553785433919415e+01
-6.412553785433919984e+01
-6.402553785433920552e+01
-6.392553785433920410e+01
-6.382553785433920268e+01
-6.372553785433920126e+01
-6.362553785433919984e+01
-6.352553785433919842e+01
-6.342553785433919700e+01
-6.332553785433919558e+01
-6.322553785433919415e+01
-6.312553785433919273e+01
-6.302553785433919131e+01
-6.292553785433918989e+01
-6.282553785433918847e+01
-6.272553785433918705e+01
-6.262553785433918563e+01
-6.252553785433918421e+01
-6.242553785433918279e+01
-6.232553785433918137e+01
-6.222553785433917994e+01
-6.212553785433917852e+01
-6.202553785433917710e+01
-6.192553785433917568e+01
-6.182553785433917426e+01
-6.172553785433917284e+01
-6.162553785433917142e+01
-6.152553785433917000e+01
-6.142553785433916858e+01
-6.132553785433916715e+01
-6.122553785433916573e+01
-6.112553785433916431e+01
-6.102553785433916289e+01
-6.092553785433916147e+01
-6.082553785433916005e+01
-6.072553785433915863e+01
-6.062553785433915721e+01
-6.052553785433915579e+01
-6.042553785433915436e+01
-6.032553785433915294e+01
-6.022553785433915152e+01
-6.012553785433915010e+01
-6.002553785433914868e+01
-5.992553785433914726e+01
-5.982553785433914584e+01
-5.972553785433914442e+01
-5.962553785433914300e+01
-5.952553785433914157e+01
-5.942553785433914015e+01
-5.932553785433913873e+01
-5.922553785433913731e+01
-5.912553785433913589e+01
-5.902553785433913447e+01
-5.892553785433913305e+01
-5.882553785433913163e+01
-5.872553785433913021e+01
-5.862553785433912878e+01
-5.852553785433912736e+01
-5.842553785433912594e+01
-5.832553785433912452e+01
-5.822553785433912310e+01
-5.812553785433912168e+01
-5.802553785433912026e+01
-5.792553785433911884e+01
-5.782553785433911742e+01
-5.772553785433911600e+01
-5.762553785433911457e+01
-5.752553785433911315e+01
-5.742553785433911173e+01
-5.732553785433911031e+01
-5.722553785433910889e+01
-5.712553785433910747e+01
-5.702553785433910605e+01
-5.692553785433910463e+01
-5.682553785433910321e+01
-5.672553785433910178e+01
-5.662553785433910036e+01
-5.652553785433909894e+01
-5.642553785433909752e+01
-5.632553785433909610e+01
-5.622553785433909468e+01
-5.612553785433909326e+01
-5.602553785433909184e+01
-5.592553785433909042e+01
-5.582553785433908899e+01
-5.572553785433908757e+01
-5.562553785433908615e+01
-5.552553785433908473e+01
-5.542553785433908331e+01
-5.532553785433908189e+01
-5.522553785433908047e+01
-5.512553785433907905e+01
-5.502553785433907763e+01
-5.492553785433907620e+01
-5.482553785433907478e+01
-5.472553785433907336e+01
-5.462553785433907194e+01
-5.452553785433907052e+01
-5.442553785433906910e+01
-5.432553785433906768e+01
-5.422553785433906626e+01
-5.412553785433906484e+01
-5.402553785433906341e+01
-5.392553785433906199e+01
-5.382553785433906057e+01
-5.372553785433905915e+01
-5.362553785433905773e+01
-5.352553785433905631e+01
-5.342553785433905489e+01
-5.332553785433905347e+01
-5.322553785433905205e+01
-5.312553785433905063e+01
-5.302553785433904920e+01
-5.292553785433904778e+01
-5.282553785433904636e+01
-5.272553785433904494e+01
-5.262553785433904352e+01
-5.252553785433904210e+01
-5.242553785433904068e+01
-5.232553785433903926e+01
-5.222553785433903784e+01
-5.212553785433903641e+01
-5.202553785433903499e+01
-5.192553785433903357e+01
-5.182553785433903215e+01
-5.172553785433903073e+01
-5.162553785433902931e+01
-5.152553785433902789e+01
-5.142553785433902647e+01
-5.132553785433902505e+01
-5.122553785433902362e+01
-5.112553785433902220e+01
-5.102553785433902078e+01
-5.092553785433901936e+01
-5.082553785433901794e+01
-5.072553785433901652e+01
-5.062553785433901510e+01
-5.052553785433901368e+01
-5.042553785433901226e+01
-5.032553785433901083e+01
-5.022553785433900941e+01
-5.012553785433900799e+01
-5.002553785433900657e+01
-4.992553785433900515e+01
-4.982553785433900373e+01
-4.972553785433900231e+01
-4.962553785433900089e+01
-4.952553785433899947e+01
-4.942553785433899805e+01
-4.932553785433899662e+01
-4.922553785433899520e+01
-4.912553785433899378e+01
-4.902553785433899236e+01
-4.892553785433899094e+01
-4.882553785433898952e+01
-4.872553785433898810e+01
-4.862553785433898668e+01
-4.852553785433898526e+01
-4.842553785433898383e+01
-4.832553785433898241e+01
-4.822553785433898099e+01
-4.812553785433897957e+01
-4.802553785433897815e+01
-4.792553785433897673e+01
-4.782553785433897531e+01
-4.772553785433897389e+01
-4.762553785433897247e+01
-4.752553785433897104e+01
-4.742553785433896962e+01
-4.732553785433896820e+01
-4.722553785433896678e+01
-4.712553785433896536e+01
-4.702553785433896394e+01
-4.692553785433896252e+01
-4.682553785433896110e+01
-4.672553785433895968e+01
-4.662553785433895825e+01
-4.652553785433895683e+01
-4.642553785433895541e+01
-4.632553785433895399e+01
-4.622553785433895257e+01
-4.612553785433895115e+01
-4.602553785433894973e+01
-4.592553785433894831e+01
-4.582553785433894689e+01
-4.572553785433894546e+01
-4.562553785433894404e+01
-4.552553785433894262e+01
-4.542553785433894120e+01
-4.532553785433893978e+01
-4.522553785433893836e+01
-4.512553785433893694e+01
-4.502553785433893552e+01
-4.492553785433893410e+01
-4.482553785433893268e+01
-4.472553785433893125e+01
-4.462553785433892983e+01
-4.452553785433892841e+01
-4.442553785433892699e+01
-4.432553785433892557e+01
-4.422553785433892415e+01
-4.412553785433892273e+01
-4.402553785433892131e+01
-4.392553785433891989e+01
-4.382553785433891846e+01
-4.372553785433891704e+01
-4.362553785433891562e+01
-4.352553785433891420e+01
-4.342553785433891278e+01
-4.332553785433891136e+01
-4.322553785433890994e+01
-4.312553785433890852e+01
-4.302553785433890710e+01
-4.292553785433890567e+01
-4.282553785433890425e+01
-4.272553785433890283e+01
-4.262553785433890141e+01
-4.252553785433889999e+01
-4.242553785433889857e+01
-4.232553785433889715e+01
-4.222553785433889573e+01
-4.212553785433889431e+01
-4.202553785433889288e+01
-4.192553785433889146e+01
-4.182553785433889004e+01
-4.172553785433888862e+01
-4.162553785433888720e+01
-4.152553785433888578e+01
-4.142553785433888436e+01
-4.132553785433888294e+01
-4.122553785433888152e+01
-4.112553785433888009e+01
-4.102553785433887867e+01
-4.092553785433887725e+01
-4.082553785433887583e+01
-4.072553785433887441e+01
-4.062553785433887299e+01
-4.052553785433887157e+01
-4.042553785433887015e+01
-4.032553785433886873e+01
-4.022553785433886731e+01
-4.012553785433886588e+01
-4.002553785433886446e+01
-3.992553785433886304e+01
-3.982553785433886162e+01
-3.972553785433886020e+01
-3.962553785433885878e+01
-3.952553785433885736e+01
-3.942553785433885594e+01
-3.932553785433885452e+01
-3.922553785433885309e+01
-3.912553785433885167e+01
-3.902553785433885025e+01
-3.892553785433884883e+01
-3.882553785433884741e+01
-3.872553785433884599e+01
-3.862553785433884457e+01
-3.852553785433884315e+01
-3.842553785433884173e+01
-3.832553785433884030e+01
-3.822553785433883888e+01
-3.812553785433883746e+01
-3.802553785433883604e+01
-3.792553785433883462e+01
-3.782553785433883320e+01
-3.772553785433883178e+01
-3.762553785433883036e+01
-3.752553785433882894e+01
-3.742553785433882751e+01
-3.732553785433882609e+01
-3.722553785433882467e+01
-3.712553785433882325e+01
-3.702553785433882183e+01
-3.692553785433882041e+01
-3.682553785433881899e+01
-3.672553785433881757e+01
-3.662553785433881615e+01
-3.652553785433881472e+01
-3.642553785433881330e+01
-3.632553785433881188e+01
-3.622553785433881046e+01
-3.612553785433880904e+01
-3.602553785433880762e+01
-3.592553785433880620e+01
-3.582553785433880478e+01
-3.572553785433880336e+01
-3.562553785433880194e+01
-3.552553785433880051e+01
-3.542553785433879909e+01
-3.532553785433879767e+01
-3.522553785433879625e+01
-3.512553785433879483e+01
-3.502553785433879341e+01
-3.492553785433879199e+01
-3.482553785433879057e+01
-3.472553785433878915e+01
-3.462553785433878772e+01
-3.452553785433878630e+01
-3.442553785433878488e+01
-3.432553785433878346e+01
-3.422553785433878204e+01
-3.412553785433878062e+01
-3.402553785433877920e+01
-3.392553785433877778e+01
-3.382553785433877636e+01
-3.372553785433877493e+01
-3.362553785433877351e+01
-3.352553785433877209e+01
-3.342553785433877067e+01
-3.332553785433876925e+01
-3.322553785433876783e+01
-3.312553785433876641e+01
-3.302553785433876499e+01
-3.292553785433876357e+01
-3.282553785433876214e+01
-3.272553785433876072e+01
-3.262553785433875930e+01
-3.252553785433875788e+01
-3.242553785433875646e+01
-3.232553785433875504e+01
-3.222553785433875362e+01
-3.212553785433875220e+01
-3.202553785433875078e+01
-3.192553785433874936e+01
-3.182553785433874793e+01
-3.172553785433874651e+01
-3.162553785433874509e+01
-3.152553785433874367e+01
-3.142553785433874225e+01
-3.132553785433874083e+01
-3.122553785433873941e+01
-3.112553785433873799e+01
-3.102553785433873657e+01
-3.092553785433873514e+01
-3.082553785433873372e+01
-3.072553785433873230e+01
-3.062553785433873088e+01
-3.052553785433872946e+01
-3.042553785433872804e+01
-3.032553785433872662e+01
-3.022553785433872520e+01
-3.012553785433872378e+01
-3.002553785433872235e+01
-2.992553785433872093e+01
-2.982553785433871951e+01
-2.972553785433871809e+01
-2.962553785433871667e+01
-2.952553785433871525e+01
-2.942553785433871383e+01
-2.932553785433871241e+01
-2.922553785433871099e+01
-2.912553785433870956e+01
-2.902553785433870814e+01
-2.892553785433870672e+01
-2.882553785433870530e+01
-2.872553785433870388e+01
-2.862553785433870246e+01
-2.852553785433870104e+01
-2.842553785433869962e+01
-2.832553785433869820e+01
-2.822553785433869677e+01
-2.812553785433869535e+01
-2.802553785433869393e+01
-2.792553785433869251e+01
-2.782553785433869109e+01
-2.772553785433868967e+01
-2.762553785433868825e+01
-2.752553785433868683e+01
-2.742553785433868541e+01
-2.732553785433868399e+01
-2.722553785433868256e+01
-2.712553785433868114e+01
-2.702553785433867972e+01
-2.692553785433867830e+01
-2.682553785433867688e+01
-2.672553785433867546e+01
-2.662553785433867404e+01
-2.652553785433867262e+01
-2.642553785433867120e+01
-2.632553785433866977e+01
-2.622553785433866835e+01
-2.612553785433866693e+01
-2.602553785433866551e+01
-2.592553785433866409e+01
-2.582553785433866267e+01
-2.572553785433866125e+01
-2.562553785433865983e+01
-2.552553785433865841e+01
-2.542553785433865698e+01
-2.532553785433865556e+01
-2.522553785433865414e+01
-2.512553785433865272e+01
-2.502553785433865130e+01
-2.492553785433864988e+01
-2.482553785433864846e+01
-2.472553785433864704e+01
-2.462553785433864562e+01
-2.452553785433864419e+01
-2.442553785433864277e+01
-2.432553785433864135e+01
-2.422553785433863993e+01
-2.412553785433863851e+01
-2.402553785433863709e+01
-2.392553785433863567e+01
-2.382553785433863425e+01
-2.372553785433863283e+01
-2.362553785433863140e+01
-2.352553785433862998e+01
-2.342553785433862856e+01
-2.332553785433862714e+01
-2.322553785433862572e+01
-2.312553785433862430e+01
-2.302553785433862288e+01
-2.292553785433862146e+01
-2.282553785433862004e+01
-2.272553785433861862e+01
-2.262553785433861719e+01
-2.252553785433861577e+01
-2.242553785433861435e+01
-2.232553785433861293e+01
-2.222553785433861151e+01
-2.212553785433861009e+01
-2.202553785433860867e+01
-2.192553785433860725e+01
-2.182553785433860583e+01
-2.172553785433860440e+01
-2.162553785433860298e+01
-2.152553785433860156e+01
-2.142553785433860014e+01
-2.132553785433859872e+01
-2.122553785433859730e+01
-2.112553785433859588e+01
-2.102553785433859446e+01
-2.092553785433859304e+01
-2.082553785433859161e+01
-2.072553785433859019e+01
-2.062553785433858877e+01
-2.052553785433858735e+01
-2.042553785433858593e+01
-2.032553785433858451e+01
-2.022553785433858309e+01
-2.012553785433858167e+01
-2.002553785433858025e+01
-1.992553785433857882e+01
-1.982553785433857740e+01
-1.972553785433857598e+01
-1.962553785433857456e+01
-1.952553785433857314e+01
-1.942553785433857172e+01
-1.932553785433857030e+01
-1.922553785433856888e+01
-1.912553785433856746e+01
-1.902553785433856604e+01
-1.892553785433856461e+01
-1.882553785433856319e+01
-1.872553785433856177e+01
-1.862553785433856035e+01
-1.852553785433855893e+01
-1.842553785433855751e+01
-1.832553785433855609e+01
-1.822553785433855467e+01
-1.812553785433855325e+01
-1.802553785433855182e+01
-1.792553785433855040e+01
-1.782553785433854898e+01
-1.772553785433854756e+01
-1.762553785433854614e+01
-1.752553785433854472e+01
-1.742553785433854330e+01
-1.732553785433854188e+01
-1.722553785433854046e+01
-1.712553785433853903e+01
-1.702553785433853761e+01
-1.692553785433853619e+01
-1.682553785433853477e+01
-1.672553785433853335e+01
-1.662553785433853193e+01
-1.652553785433853051e+01
-1.642553785433852909e+01
-1.632553785433852767e+01
-1.622553785433852624e+01
-1.612553785433852482e+01
-1.602553785433852340e+01
-1.592553785433852376e+01
-1.582553785433852411e+01
-1.572553785433852447e+01
-1.562553785433852482e+01
-1.552553785433852518e+01
-1.542553785433852553e+01
-1.532553785433852589e+01
-1.522553785433852624e+01
-1.512553785433852660e+01
-1.502553785433852696e+01
-1.492553785433852731e+01
-1.482553785433852767e+01
-1.472553785433852802e+01
-1.462553785433852838e+01
-1.452553785433852873e+01
-1.442553785433852909e+01
-1.432553785433852944e+01
-1.422553785433852980e+01
-1.412553785433853015e+01
-1.402553785433853051e+01
-1.392553785433853086e+01
-1.382553785433853122e+01
-1.372553785433853157e+01
-1.362553785433853193e+01
-1.352553785433853228e+01
-1.342553785433853264e+01
-1.332553785433853299e+01
-1.322553785433853335e+01
-1.312553785433853371e+01
-1.302553785433853406e+01
-1.292553785433853442e+01
-1.282553785433853477e+01
-1.272553785433853513e+01
-1.262553785433853548e+01
-1.252553785433853584e+01
-1.242553785433853619e+01
-1.232553785433853655e+01
-1.222553785433853690e+01
-1.212553785433853726e+01
-1.202553785433853761e+01
-1.192553785433853797e+01
-1.182553785433853832e+01
-1.172553785433853868e+01
-1.162553785433853903e+01
-1.152553785433853939e+01
-1.142553785433853974e+01
-1.132553785433854010e+01
-1.122553785433854046e+01
-1.112553785433854081e+01
-1.102553785433854117e+01
-1.092553785433854152e+01
-1.082553785433854188e+01
-1.072553785433854223e+01
-1.062553785433854259e+01
-1.052553785433854294e+01
-1.042553785433854330e+01
-1.032553785433854365e+01
-1.022553785433854401e+01
-1.012553785433854436e+01
-1.002553785433854472e+01
-9.925537854338545074e+00
-9.825537854338545429e+00
-9.725537854338545785e+00
-9.625537854338546140e+00
-9.525537854338546495e+00
-9.425537854338546850e+00
-9.325537854338547206e+00
-9.225537854338547561e+00
-9.125537854338547916e+00
-9.025537854338548271e+00
-8.925537854338548627e+00
-8.825537854338548982e+00
-8.725537854338549337e+00
-8.625537854338549693e+00
-8.525537854338550048e+00
-8.425537854338550403e+00
-8.325537854338550758e+00
-8.225537854338551114e+00
-8.125537854338551469e+00
-8.025537854338551824e+00
-7.925537854338552179e+00
-7.825537854338552535e+00
-7.725537854338552890e+00
-7.625537854338553245e+00
-7.525537854338553601e+00
-7.425537854338553956e+00
-7.325537854338554311e+00
-7.225537854338554666e+00
-7.125537854338555022e+00
-7.025537854338555377e+00
-6.925537854338555732e+00
-6.825537854338556087e+00
-6.725537854338556443e+00
-6.625537854338556798e+00
-6.525537854338557153e+00
-6.425537854338557509e+00
-6.325537854338557864e+00
-6.225537854338558219e+00
-6.125537854338558574e+00
-6.025537854338558930e+00
-5.925537854338559285e+00
-5.825537854338559640e+00
-5.725537854338559995e+00
-5.625537854338560351e+00
-5.525537854338560706e+00
-5.425537854338561061e+00
-5.325537854338561417e+00
-5.225537854338561772e+00
-5.125537854338562127e+00
-5.025537854338562482e+00
-4.925537854338562838e+00
-4.825537854338563193e+00
-4.725537854338563548e+00
-4.625537854338563903e+00
-4.525537854338564259e+00
-4.425537854338564614e+00
-4.325537854338564969e+00
-4.225537854338565324e+00
-4.125537854338565680e+00
-4.025537854338566035e+00
-3.925537854338565946e+00
-3.825537854338565857e+00
-3.725537854338565769e+00
-3.625537854338565680e+00
-3.525537854338565591e+00
-3.425537854338565502e+00
-3.325537854338565413e+00
-3.225537854338565324e+00
-3.125537854338565236e+00
-3.025537854338565147e+00
-2.925537854338565058e+00
-2.825537854338564969e+00
-2.725537854338564880e+00
-2.625537854338564792e+00
-2.525537854338564703e+00
-2.425537854338564614e+00
-2.325537854338564525e+00
-2.225537854338564436e+00
-2.125537854338564348e+00
-2.025537854338564259e+00
-1.925537854338564170e+00
-1.825537854338564081e+00
-1.725537854338563992e+00
-1.625537854338563903e+00
-1.525537854338563815e+00
-1.425537854338563726e+00
-1.325537854338563637e+00
-1.225537854338563548e+00
-1.125537854338563459e+00
-1.025537854338563371e+00
-9.255378543385633927e-01
-8.255378543385634149e-01
-7.255378543385634371e-01
-6.255378543385634593e-01
-5.255378543385634815e-01
-4.255378543385635037e-01
-3.255378543385635259e-01
-2.255378543385635204e-01
-1.255378543385635148e-01
-2.553785433856350928e-02
7.446214566143649627e-02
1.744621456614365018e-01
2.744621456614365074e-01
3.744621456614365407e-01
4.744621456614365185e-01
5.744621456614364963e-01
6.744621456614364741e-01
7.744621456614364519e-01
8.744621456614364297e-01
9.744621456614364075e-01
1.074462145661436496e+00
1.174462145661436585e+00
1.274462145661436674e+00
1.374462145661436763e+00
1.474462145661436852e+00
1.574462145661436940e+00
1.674462145661437029e+00
1.774462145661437118e+00
1.874462145661437207e+00
1.974462145661437296e+00
2.074462145661437162e+00
2.174462145661437251e+00
2.274462145661437340e+00
2.374462145661437429e+00
2.474462145661437518e+00
2.574462145661437606e+00
2.674462145661437695e+00
2.774462145661437784e+00
2.874462145661437873e+00
2.974462145661437962e+00
3.074462145661438051e+00
3.174462145661438139e+00
3.274462145661438228e+00
3.374462145661438317e+00
3.474462145661438406e+00
3.574462145661438495e+00
3.674462145661438583e+00
3.774462145661438672e+00
3.874462145661438761e+00
3.974462145661438850e+00
4.074462145661438939e+00
4.174462145661438583e+00
4.274462145661438228e+00
4.374462145661437873e+00
4.474462145661437518e+00
4.574462145661437162e+00
4.674462145661436807e+00
4.774462145661436452e+00
4.874462145661436097e+00
4.974462145661435741e+00
5.074462145661435386e+00
5.174462145661435031e+00
5.274462145661434676e+00
5.374462145661434320e+00
5.474462145661433965e+00
5.574462145661433610e+00
5.674462145661433254e+00
5.774462145661432899e+00
5.874462145661432544e+00
5.974462145661432189e+00
6.074462145661431833e+00
6.174462145661431478e+00
6.274462145661431123e+00
6.374462145661430768e+00
6.474462145661430412e+00
6.574462145661430057e+00
6.674462145661429702e+00
6.774462145661429346e+00
6.874462145661428991e+00
6.974462145661428636e+00
7.074462145661428281e+00
7.174462145661427925e+00
7.274462145661427570e+00
7.374462145661427215e+00
7.474462145661426860e+00
7.574462145661426504e+00
7.674462145661426149e+00
7.774462145661425794e+00
7.874462145661425438e+00
7.974462145661425083e+00
8.074462145661424728e+00
8.174462145661424373e+00
8.274462145661424017e+00
8.374462145661423662e+00
8.474462145661423307e+00
8.574462145661422952e+00
8.674462145661422596e+00
8.774462145661422241e+00
8.874462145661421886e+00
8.974462145661421530e+00
9.074462145661421175e+00
9.174462145661420820e+00
9.274462145661420465e+00
9.374462145661420109e+00
9.474462145661419754e+00
9.574462145661419399e+00
9.674462145661419044e+00
9.774462145661418688e+00
9.874462145661418333e+00
9.974462145661417978e+00
1.007446214566141762e+01
1.017446214566141727e+01
1.027446214566141691e+01
1.037446214566141656e+01
1.047446214566141620e+01
1.057446214566141585e+01
1.067446214566141549e+01
1.077446214566141514e+01
1.087446214566141478e+01
1.097446214566141443e+01
1.107446214566141407e+01
1.117446214566141371e+01
1.127446214566141336e+01
1.137446214566141300e+01
1.147446214566141265e+01
1.157446214566141229e+01
1.167446214566141194e+01
1.177446214566141158e+01
1.187446214566141123e+01
1.197446214566141087e+01
1.207446214566141052e+01
1.217446214566141016e+01
1.227446214566140981e+01
1.237446214566140945e+01
1.247446214566140910e+01
1.257446214566140874e+01
1.267446214566140839e+01
1.277446214566140803e+01
1.287446214566140767e+01
1.297446214566140732e+01
1.307446214566140696e+01
1.317446214566140661e+01
1.327446214566140625e+01
1.337446214566140590e+01
1.347446214566140554e+01
1.357446214566140519e+01
1.367446214566140483e+01
1.377446214566140448e+01
1.387446214566140412e+01
1.397446214566140377e+01
1.407446214566140341e+01
1.417446214566140306e+01
1.427446214566140270e+01
1.437446214566140235e+01
1.447446214566140199e+01
1.457446214566140164e+01
1.467446214566140128e+01
1.477446214566140092e+01
1.487446214566140057e+01
1.497446214566140021e+01
1.507446214566139986e+01
1.517446214566139950e+01
1.527446214566139915e+01
1.537446214566139879e+01
1.547446214566139844e+01
1.557446214566139808e+01
1.567446214566139773e+01
1.577446214566139737e+01
1.587446214566139702e+01
1.597446214566139666e+01
1.607446214566139631e+01
1.617446214566139773e+01
1.627446214566139915e+01
1.637446214566140057e+01
1.647446214566140199e+01
1.657446214566140341e+01
1.667446214566140483e+01
1.677446214566140625e+01
1.687446214566140767e+01
1.697446214566140910e+01
1.707446214566141052e+01
1.717446214566141194e+01
1.727446214566141336e+01
1.737446214566141478e+01
1.747446214566141620e+01
1.757446214566141762e+01
1.767446214566141904e+01
1.777446214566142046e+01
1.787446214566142189e+01
1.797446214566142331e+01
1.807446214566142473e+01
1.817446214566142615e+01
1.827446214566142757e+01
1.837446214566142899e+01
1.847446214566143041e+01
1.857446214566143183e+01
1.867446214566143325e+01
1.877446214566143468e+01
1.887446214566143610e+01
1.897446214566143752e+01
1.907446214566143894e+01
1.917446214566144036e+01
1.927446214566144178e+01
1.937446214566144320e+01
1.947446214566144462e+01
1.957446214566144604e+01
1.967446214566144747e+01
1.977446214566144889e+01
1.987446214566145031e+01
1.997446214566145173e+01
2.007446214566145315e+01
2.017446214566145457e+01
2.027446214566145599e+01
2.037446214566145741e+01
2.047446214566145883e+01
2.057446214566146026e+01
2.067446214566146168e+01
2.077446214566146310e+01
2.087446214566146452e+01
2.097446214566146594e+01
2.107446214566146736e+01
2.117446214566146878e+01
2.127446214566147020e+01
2.137446214566147162e+01
2.147446214566147304e+01
2.157446214566147447e+01
2.167446214566147589e+01
2.177446214566147731e+01
2.187446214566147873e+01
2.197446214566148015e+01
2.207446214566148157e+01
2.217446214566148299e+01
2.227446214566148441e+01
2.237446214566148583e+01
2.247446214566148726e+01
2.257446214566148868e+01
2.267446214566149010e+01
2.277446214566149152e+01
2.287446214566149294e+01
2.297446214566149436e+01
2.307446214566149578e+01
2.317446214566149720e+01
2.327446214566149862e+01
2.337446214566150005e+01
2.347446214566150147e+01
2.357446214566150289e+01
2.367446214566150431e+01
2.377446214566150573e+01
2.387446214566150715e+01
2.397446214566150857e+01
2.407446214566150999e+01
2.417446214566151141e+01
2.427446214566151284e+01
2.437446214566151426e+01
2.447446214566151568e+01
2.457446214566151710e+01
2.467446214566151852e+01
2.477446214566151994e+01
2.487446214566152136e+01
2.497446214566152278e+01
2.507446214566152420e+01
2.517446214566152562e+01
2.527446214566152705e+01
2.537446214566152847e+01
2.547446214566152989e+01
2.557446214566153131e+01
2.567446214566153273e+01
2.577446214566153415e+01
2.587446214566153557e+01
2.597446214566153699e+01
2.607446214566153841e+01
2.617446214566153984e+01
2.627446214566154126e+01
2.637446214566154268e+01
2.647446214566154410e+01
2.657446214566154552e+01
2.667446214566154694e+01
2.677446214566154836e+01
2.687446214566154978e+01
2.697446214566155120e+01
2.707446214566155263e+01
2.717446214566155405e+01
2.727446214566155547e+01
2.737446214566155689e+01
2.747446214566155831e+01
2.757446214566155973e+01
2.767446214566156115e+01
2.777446214566156257e+01
2.787446214566156399e+01
2.797446214566156542e+01
2.807446214566156684e+01
2.817446214566156826e+01
2.827446214566156968e+01
2.837446214566157110e+01
2.847446214566157252e+01
2.857446214566157394e+01
2.867446214566157536e+01
2.877446214566157678e+01
2.887446214566157821e+01
2.897446214566157963e+01
2.907446214566158105e+01
2.917446214566158247e+01
2.927446214566158389e+01
2.937446214566158531e+01
2.947446214566158673e+01
2.957446214566158815e+01
2.967446214566158957e+01
2.977446214566159099e+01
2.987446214566159242e+01
2.997446214566159384e+01
3.007446214566159526e+01
3.017446214566159668e+01
3.027446214566159810e+01
3.037446214566159952e+01
3.047446214566160094e+01
3.057446214566160236e+01
3.067446214566160378e+01
3.077446214566160521e+01
3.087446214566160663e+01
3.097446214566160805e+01
3.107446214566160947e+01
3.117446214566161089e+01
3.127446214566161231e+01
3.137446214566161373e+01
3.147446214566161515e+01
3.157446214566161657e+01
3.167446214566161800e+01
3.177446214566161942e+01
3.187446214566162084e+01
3.197446214566162226e+01
3.207446214566162013e+01
3.217446214566162155e+01
3.227446214566162297e+01
3.237446214566162439e+01
3.247446214566162581e+01
3.257446214566162723e+01
3.267446214566162865e+01
3.277446214566163007e+01
3.287446214566163150e+01
3.297446214566163292e+01
3.307446214566163434e+01
3.317446214566163576e+01
3.327446214566163718e+01
3.337446214566163860e+01
3.347446214566164002e+01
3.357446214566164144e+01
3.367446214566164286e+01
3.377446214566164429e+01
3.387446214566164571e+01
3.397446214566164713e+01
3.407446214566164855e+01
3.417446214566164997e+01
3.427446214566165139e+01
3.437446214566165281e+01
3.447446214566165423e+01
3.457446214566165565e+01
3.467446214566165708e+01
3.477446214566165850e+01
3.487446214566165992e+01
3.497446214566166134e+01
3.507446214566166276e+01
3.517446214566166418e+01
3.527446214566166560e+01
3.537446214566166702e+01
3.547446214566166844e+01
3.557446214566166987e+01
3.567446214566167129e+01
3.577446214566167271e+01
3.587446214566167413e+01
3.597446214566167555e+01
3.607446214566167697e+01
3.617446214566167839e+01
3.627446214566167981e+01
3.637446214566168123e+01
3.647446214566168265e+01
3.657446214566168408e+01
3.667446214566168550e+01
3.677446214566168692e+01
3.687446214566168834e+01
3.697446214566168976e+01
3.707446214566169118e+01
3.717446214566169260e+01
3.727446214566169402e+01
3.737446214566169544e+01
3.747446214566169687e+01
3.757446214566169829e+01
3.767446214566169971e+01
3.777446214566170113e+01
3.787446214566170255e+01
3.797446214566170397e+01
3.807446214566170539e+01
3.817446214566170681e+01
3.827446214566170823e+01
3.837446214566170966e+01
3.847446214566171108e+01
3.857446214566171250e+01
3.867446214566171392e+01
3.877446214566171534e+01
3.887446214566171676e+01
3.897446214566171818e+01
3.907446214566171960e+01
3.917446214566172102e+01
3.927446214566172245e+01
3.937446214566172387e+01
3.947446214566172529e+01
3.957446214566172671e+01
3.967446214566172813e+01
3.977446214566172955e+01
3.987446214566173097e+01
3.997446214566173239e+01
4.007446214566173381e+01
4.017446214566173524e+01
4.027446214566173666e+01
4.037446214566173808e+01
4.047446214566173950e+01
4.057446214566174092e+01
4.067446214566174234e+01
4.077446214566174376e+01
4.087446214566174518e+01
4.097446214566174660e+01
4.107446214566174802e+01
4.117446214566174945e+01
4.127446214566175087e+01
4.137446214566175229e+01
4.147446214566175371e+01
4.157446214566175513e+01
4.167446214566175655e+01
4.177446214566175797e+01
4.187446214566175939e+01
4.197446214566176081e+01
4.207446214566176224e+01
4.217446214566176366e+01
4.227446214566176508e+01
4.237446214566176650e+01
4.247446214566176792e+01
4.257446214566176934e+01
4.267446214566177076e+01
4.277446214566177218e+01
4.287446214566177360e+01
4.297446214566177503e+01
4.307446214566177645e+01
4.317446214566177787e+01
4.327446214566177929e+01
4.337446214566178071e+01
4.347446214566178213e+01
4.357446214566178355e+01
4.367446214566178497e+01
4.377446214566178639e+01
4.387446214566178782e+01
4.397446214566178924e+01
4.407446214566179066e+01
4.417446214566179208e+01
4.427446214566179350e+01
4.437446214566179492e+01
4.447446214566179634e+01
4.457446214566179776e+01
4.467446214566179918e+01
4.477446214566180061e+01
4.487446214566180203e+01
4.497446214566180345e+01
4.507446214566180487e+01
4.517446214566180629e+01
4.527446214566180771e+01
4.537446214566180913e+01
4.547446214566181055e+01
4.557446214566181197e+01
4.567446214566181339e+01
4.577446214566181482e+01
4.587446214566181624e+01
4.597446214566181766e+01
4.607446214566181908e+01
4.617446214566182050e+01
4.627446214566182192e+01
4.637446214566182334e+01
4.647446214566182476e+01
4.657446214566182618e+01
4.667446214566182761e+01
4.677446214566182903e+01
4.687446214566183045e+01
4.697446214566183187e+01
4.707446214566183329e+01
4.717446214566183471e+01
4.727446214566183613e+01
4.737446214566183755e+01
4.747446214566183897e+01
4.757446214566184040e+01
4.767446214566184182e+01
4.777446214566184324e+01
4.787446214566184466e+01
4.797446214566184608e+01
4.807446214566184750e+01
4.817446214566184892e+01
4.827446214566185034e+01
4.837446214566185176e+01
4.847446214566185319e+01
4.857446214566185461e+01
4.867446214566185603e+01
4.877446214566185745e+01
4.887446214566185887e+01
4.897446214566186029e+01
4.907446214566186171e+01
4.917446214566186313e+01
4.927446214566186455e+01
4.937446214566186597e+01
4.947446214566186740e+01
4.957446214566186882e+01
4.967446214566187024e+01
4.977446214566187166e+01
4.987446214566187308e+01
4.997446214566187450e+01
5.007446214566187592e+01
5.017446214566187734e+01
5.027446214566187876e+01
5.037446214566188019e+01
5.047446214566188161e+01
5.057446214566188303e+01
5.067446214566188445e+01
5.077446214566188587e+01
5.087446214566188729e+01
5.097446214566188871e+01
5.107446214566189013e+01
5.117446214566189155e+01
5.127446214566189298e+01
5.137446214566189440e+01
5.147446214566189582e+01
5.157446214566189724e+01
5.167446214566189866e+01
5.177446214566190008e+01
5.187446214566190150e+01
5.197446214566190292e+01
5.207446214566190434e+01
5.217446214566190577e+01
5.227446214566190719e+01
5.237446214566190861e+01
5.247446214566191003e+01
5.257446214566191145e+01
5.267446214566191287e+01
5.277446214566191429e+01
5.287446214566191571e+01
5.297446214566191713e+01
5.307446214566191856e+01
5.317446214566191998e+01
5.327446214566192140e+01
5.337446214566192282e+01
5.347446214566192424e+01
5.357446214566192566e+01
5.367446214566192708e+01
5.377446214566192850e+01
5.387446214566192992e+01
5.397446214566193134e+01
5.407446214566193277e+01
5.417446214566193419e+01
5.427446214566193561e+01
5.437446214566193703e+01
5.447446214566193845e+01
5.457446214566193987e+01
5.467446214566194129e+01
5.477446214566194271e+01
5.487446214566194413e+01
5.497446214566194556e+01
5.507446214566194698e+01
5.517446214566194840e+01
5.527446214566194982e+01
5.537446214566195124e+01
5.547446214566195266e+01
5.557446214566195408e+01
5.567446214566195550e+01
5.577446214566195692e+01
5.587446214566195835e+01
5.597446214566195977e+01
5.607446214566196119e+01
5.617446214566196261e+01
5.627446214566196403e+01
5.637446214566196545e+01
5.647446214566196687e+01
5.657446214566196829e+01
5.667446214566196971e+01
5.677446214566197114e+01
5.687446214566197256e+01
5.697446214566197398e+01
5.707446214566197540e+01
5.717446214566197682e+01
5.727446214566197824e+01
5.737446214566197966e+01
5.747446214566198108e+01
5.757446214566198250e+01
5.767446214566198393e+01
5.777446214566198535e+01
5.787446214566198677e+01
5.797446214566198819e+01
5.807446214566198961e+01
5.817446214566199103e+01
5.827446214566199245e+01
5.837446214566199387e+01
5.847446214566199529e+01
5.857446214566199671e+01
5.867446214566199814e+01
5.877446214566199956e+01
5.887446214566200098e+01
5.897446214566200240e+01
5.907446214566200382e+01
5.917446214566200524e+01
5.927446214566200666e+01
5.937446214566200808e+01
5.947446214566200950e+01
5.957446214566201093e+01
5.967446214566201235e+01
5.977446214566201377e+01
5.987446214566201519e+01
5.997446214566201661e+01
6.007446214566201803e+01
6.017446214566201945e+01
6.027446214566202087e+01
6.037446214566202229e+01
6.047446214566202372e+01
6.057446214566202514e+01
6.067446214566202656e+01
6.077446214566202798e+01
6.087446214566202940e+01
6.097446214566203082e+01
6.107446214566203224e+01
6.117446214566203366e+01
6.127446214566203508e+01
6.137446214566203651e+01
6.147446214566203793e+01
6.157446214566203935e+01
6.167446214566204077e+01
6.177446214566204219e+01
6.187446214566204361e+01
6.197446214566204503e+01
6.207446214566204645e+01
6.217446214566204787e+01
6.227446214566204929e+01
6.237446214566205072e+01
6.247446214566205214e+01
6.257446214566205356e+01
6.267446214566205498e+01
6.277446214566205640e+01
6.287446214566205782e+01
6.297446214566205924e+01
6.307446214566206066e+01
6.317446214566206208e+01
6.327446214566206351e+01
6.337446214566206493e+01
6.347446214566206635e+01
6.357446214566206777e+01
6.367446214566206919e+01
6.377446214566207061e+01
6.387446214566207203e+01
6.397446214566207345e+01
6.407446214566206777e+01
6.417446214566206208e+01
6.427446214566205640e+01
6.437446214566205072e+01
6.447446214566204503e+01
6.457446214566203935e+01
6.467446214566203366e+01
6.477446214566202798e+01
6.487446214566202229e+01
6.497446214566201661e+01
6.507446214566201093e+01
6.517446214566200524e+01
6.527446214566199956e+01
6.537446214566199387e+01
6.547446214566198819e+01
6.557446214566198250e+01
6.567446214566197682e+01
6.577446214566197114e+01
6.587446214566196545e+01
6.597446214566195977e+01
6.607446214566195408e+01
6.617446214566194840e+01
6.627446214566194271e+01
6.637446214566193703e+01
6.647446214566193134e+01
6.657446214566192566e+01
6.667446214566191998e+01
6.677446214566191429e+01
6.687446214566190861e+01
6.697446214566190292e+01
6.707446214566189724e+01
6.717446214566189155e+01
6.727446214566188587e+01
6.737446214566188019e+01
6.747446214566187450e+01
6.757446214566186882e+01
6.767446214566186313e+01
6.777446214566185745e+01
6.787446214566185176e+01
6.797446214566184608e+01
6.807446214566184040e+01
6.817446214566183471e+01
6.827446214566182903e+01
6.837446214566182334e+01
6.847446214566181766e+01
6.857446214566181197e+01
6.867446214566180629e+01
6.877446214566180061e+01
6.887446214566179492e+01
6.897446214566178924e+01
6.907446214566178355e+01
6.917446214566177787e+01
6.927446214566177218e+01
6.937446214566176650e+01
6.947446214566176081e+01
6.957446214566175513e+01
6.967446214566174945e+01
6.977446214566174376e+01
6.987446214566173808e+01
6.997446214566173239e+01
7.007446214566172671e+01
7.017446214566172102e+01
7.027446214566171534e+01
7.037446214566170966e+01
7.047446214566170397e+01
7.057446214566169829e+01
7.067446214566169260e+01
7.077446214566168692e+01
7.087446214566168123e+01
7.097446214566167555e+01
7.107446214566166987e+01
7.117446214566166418e+01
7.127446214566165850e+01
7.137446214566165281e+01
7.147446214566164713e+01
7.157446214566164144e+01
7.167446214566163576e+01
7.177446214566163007e+01
7.187446214566162439e+01
7.197446214566161871e+01
7.207446214566161302e+01
7.217446214566160734e+01
7.227446214566160165e+01
7.237446214566159597e+01
7.247446214566159028e+01
7.257446214566158460e+01
7.267446214566157892e+01
7.277446214566157323e+01
7.287446214566156755e+01
7.297446214566156186e+01
7.307446214566155618e+01
7.317446214566155049e+01
7.327446214566154481e+01
7.337446214566153913e+01
7.347446214566153344e+01
7.357446214566152776e+01
7.367446214566152207e+01
7.377446214566151639e+01
7.387446214566151070e+01
7.397446214566150502e+01
7.407446214566149933e+01
7.417446214566149365e+01
7.427446214566148797e+01
7.437446214566148228e+01
7.447446214566147660e+01
7.457446214566147091e+01
7.467446214566146523e+01
7.477446214566145954e+01
7.487446214566145386e+01
7.497446214566144818e+01
7.507446214566144249e+01
7.517446214566143681e+01
7.527446214566143112e+01
7.537446214566142544e+01
7.547446214566141975e+01
7.557446214566141407e+01
7.567446214566140839e+01
7.577446214566140270e+01
7.587446214566139702e+01
7.597446214566139133e+01
7.607446214566138565e+01
7.617446214566137996e+01
7.627446214566137428e+01
7.637446214566136860e+01
7.647446214566136291e+01
7.657446214566135723e+01
7.667446214566135154e+01
7.677446214566134586e+01
7.687446214566134017e+01
7.697446214566133449e+01
7.707446214566132880e+01
7.717446214566132312e+01
7.727446214566131744e+01
7.737446214566131175e+01
7.747446214566130607e+01
7.757446214566130038e+01
7.767446214566129470e+01
7.777446214566128901e+01
7.787446214566128333e+01
7.797446214566127765e+01
7.807446214566127196e+01
7.817446214566126628e+01
7.827446214566126059e+01
7.837446214566125491e+01
7.847446214566124922e+01
7.857446214566124354e+01
7.867446214566123786e+01
7.877446214566123217e+01
7.887446214566122649e+01
7.897446214566122080e+01
7.907446214566121512e+01
7.917446214566120943e+01
7.927446214566120375e+01
7.937446214566119806e+01
7.947446214566119238e+01
7.957446214566118670e+01
7.967446214566118101e+01
7.977446214566117533e+01
7.987446214566116964e+01
7.997446214566116396e+01
8.007446214566115827e+01
8.017446214566115259e+01
8.027446214566114691e+01
8.037446214566114122e+01
8.047446214566113554e+01
8.057446214566112985e+01
8.067446214566112417e+01
8.077446214566111848e+01
8.087446214566111280e+01
8.097446214566110712e+01
8.107446214566110143e+01
8.117446214566109575e+01
8.127446214566109006e+01
8.137446214566108438e+01
8.147446214566107869e+01
8.157446214566107301e+01
8.167446214566106732e+01
8.177446214566106164e+01
8.187446214566105596e+01
8.197446214566105027e+01
8.207446214566104459e+01
8.217446214566103890e+01
8.227446214566103322e+01
8.237446214566102753e+01
8.247446214566102185e+01
8.257446214566101617e+01
8.267446214566101048e+01
8.277446214566100480e+01
8.287446214566099911e+01
8.297446214566099343e+01
8.307446214566098774e+01
8.317446214566098206e+01
8.327446214566097638e+01
8.337446214566097069e+01
8.347446214566096501e+01
8.357446214566095932e+01
8.367446214566095364e+01
8.377446214566094795e+01
8.387446214566094227e+01
8.397446214566093659e+01
8.407446214566093090e+01
8.417446214566092522e+01
8.427446214566091953e+01
8.437446214566091385e+01
8.447446214566090816e+01
8.457446214566090248e+01
8.467446214566089679e+01
8.477446214566089111e+01
8.487446214566088543e+01
8.497446214566087974e+01
8.507446214566087406e+01
8.517446214566086837e+01
8.527446214566086269e+01
8.537446214566085700e+01
8.547446214566085132e+01
8.557446214566084564e+01
8.567446214566083995e+01
8.577446214566083427e+01
8.587446214566082858e+01
8.597446214566082290e+01
8.607446214566081721e+01
8.617446214566081153e+01
8.627446214566080585e+01
8.637446214566080016e+01
8.647446214566079448e+01
8.657446214566078879e+01
8.667446214566078311e+01
8.677446214566077742e+01
8.687446214566077174e+01
8.697446214566076605e+01
8.707446214566076037e+01
8.717446214566075469e+01
8.727446214566074900e+01
8.737446214566074332e+01
8.747446214566073763e+01
8.757446214566073195e+01
8.767446214566072626e+01
8.777446214566072058e+01
8.787446214566071490e+01
8.797446214566070921e+01
8.807446214566070353e+01
8.817446214566069784e+01
8.827446214566069216e+01
8.837446214566068647e+01
8.847446214566068079e+01
8.857446214566067511e+01
8.867446214566066942e+01
8.877446214566066374e+01
8.887446214566065805e+01
8.897446214566065237e+01
8.907446214566064668e+01
8.917446214566064100e+01
8.927446214566063531e+01
8.937446214566062963e+01
8.947446214566062395e+01
8.957446214566061826e+01
8.967446214566061258e+01
8.977446214566060689e+01
8.987446214566060121e+01
8.997446214566059552e+01
9.007446214566058984e+01
9.017446214566058416e+01
9.027446214566057847e+01
9.037446214566057279e+01
9.047446214566056710e+01
9.057446214566056142e+01
9.067446214566055573e+01
9.077446214566055005e+01
9.087446214566054437e+01
9.097446214566053868e+01
9.107446214566053300e+01
9.117446214566052731e+01
9.127446214566052163e+01
9.137446214566051594e+01
9.147446214566051026e+01
9.157446214566050458e+01
9.167446214566049889e+01
9.177446214566049321e+01
9.187446214566048752e+01
9.197446214566048184e+01
9.207446214566047615e+01
9.217446214566047047e+01
9.227446214566046478e+01
9.237446214566045910e+01
9.247446214566045342e+01
9.257446214566044773e+01
9.267446214566044205e+01
9.277446214566043636e+01
9.287446214566043068e+01
9.297446214566042499e+01
9.307446214566041931e+01
9.317446214566041363e+01
9.327446214566040794e+01
9.337446214566040226e+01
9.347446214566039657e+01
9.357446214566039089e+01
9.367446214566038520e+01
9.377446214566037952e+01
9.387446214566037384e+01
9.397446214566036815e+01
9.407446214566036247e+01
9.417446214566035678e+01
9.427446214566035110e+01
9.437446214566034541e+01
9.447446214566033973e+01
9.457446214566033404e+01
9.467446214566032836e+01
9.477446214566032268e+01
9.487446214566031699e+01
9.497446214566031131e+01
9.507446214566030562e+01
9.517446214566029994e+01
9.527446214566029425e+01
9.537446214566028857e+01
9.547446214566028289e+01
9.557446214566027720e+01
9.567446214566027152e+01
9.577446214566026583e+01
9.587446214566026015e+01
9.597446214566025446e+01
9.607446214566024878e+01
9.617446214566024310e+01
9.627446214566023741e+01
9.637446214566023173e+01
9.647446214566022604e+01
9.657446214566022036e+01
9.667446214566021467e+01
9.677446214566020899e+01
9.687446214566020330e+01
9.697446214566019762e+01
9.707446214566019194e+01
9.717446214566018625e+01
9.727446214566018057e+01
9.737446214566017488e+01
9.747446214566016920e+01
9.757446214566016351e+01
9.767446214566015783e+01
9.777446214566015215e+01
9.787446214566014646e+01
9.797446214566014078e+01
9.807446214566013509e+01
9.817446214566012941e+01
9.827446214566012372e+01
9.837446214566011804e+01
9.847446214566011236e+01
9.857446214566010667e+01
9.867446214566010099e+01
9.877446214566009530e+01
9.887446214566008962e+01
9.897446214566008393e+01
9.907446214566007825e+01
9.917446214566007257e+01
9.927446214566006688e+01
9.937446214566006120e+01
9.947446214566005551e+01
9.957446214566004983e+01
9.967446214566004414e+01
9.977446214566003846e+01
9.987446214566003277e+01
9.997446214566002709e+01
1.000000000000000000e+02
