-1.000000000000000000e+02
-9.990000000000000568e+01
-9.980000000000001137e+01
-9.970000000000001705e+01
-9.960000000000002274e+01
-9.950000000000002842e+01
-9.940000000000003411e+01
-9.930000000000003979e+01
-9.920000000000004547e+01
-9.910000000000005116e+01
-9.900000000000005684e+01
-9.890000000000006253e+01
-9.880000000000006821e+01
-9.870000000000007390e+01
-9.860000000000007958e+01
-9.850000000000008527e+01
-9.840000000000009095e+01
-9.830000000000009663e+01
-9.820000000000010232e+01
-9.810000000000010800e+01
-9.800000000000011369e+01
-9.790000000000011937e+01
-9.780000000000012506e+01
-9.770000000000013074e+01
-9.760000000000013642e+01
-9.750000000000014211e+01
-9.740000000000014779e+01
-9.730000000000015348e+01
-9.720000000000015916e+01
-9.710000000000016485e+01
-9.700000000000017053e+01
-9.690000000000017621e+01
-9.680000000000018190e+01
-9.670000000000018758e+01
-9.660000000000019327e+01
-9.650000000000019895e+01
-9.640000000000020464e+01
-9.630000000000021032e+01
-9.620000000000021600e+01
-9.610000000000022169e+01
-9.600000000000022737e+01
-9.590000000000023306e+01
-9.580000000000023874e+01
-9.570000000000024443e+01
-9.560000000000025011e+01
-9.550000000000025580e+01
-9.540000000000026148e+01
-9.530000000000026716e+01
-9.520000000000027285e+01
-9.510000000000027853e+01
-9.500000000000028422e+01
-9.490000000000028990e+01
-9.480000000000029559e+01
-9.470000000000030127e+01
-9.460000000000030695e+01
-9.450000000000031264e+01
-9.440000000000031832e+01
-9.430000000000032401e+01
-9.420000000000032969e+01
-9.410000000000033538e+01
-9.400000000000034106e+01
-9.390000000000034674e+01
-9.380000000000035243e+01
-9.370000000000035811e+01
-9.360000000000036380e+01
-9.350000000000036948e+01
-9.340000000000037517e+01
-9.330000000000038085e+01
-9.320000000000038654e+01
-9.310000000000039222e+01
-9.300000000000039790e+01
-9.290000000000040359e+01
-9.280000000000040927e+01
-9.270000000000041496e+01
-9.260000000000042064e+01
-9.250000000000042633e+01
-9.240000000000043201e+01
-9.230000000000043769e+01
-9.220000000000044338e+01
-9.210000000000044906e+01
-9.200000000000045475e+01
-9.190000000000046043e+01
-9.180000000000046612e+01
-9.170000000000047180e+01
-9.160000000000047748e+01
-9.150000000000048317e+01
-9.140000000000048885e+01
-9.130000000000049454e+01
-9.120000000000050022e+01
-9.110000000000050591e+01
-9.100000000000051159e+01
-9.090000000000051728e+01
-9.080000000000052296e+01
-9.070000000000052864e+01
-9.060000000000053433e+01
-9.050000000000054001e+01
-9.040000000000054570e+01
-9.030000000000055138e+01
-9.020000000000055707e+01
-9.010000000000056275e+01
-9.000000000000056843e+01
-8.990000000000057412e+01
-8.980000000000057980e+01
-8.970000000000058549e+01
-8.960000000000059117e+01
-8.950000000000059686e+01
-8.940000000000060254e+01
-8.930000000000060822e+01
-8.920000000000061391e+01
-8.910000000000061959e+01
-8.900000000000062528e+01
-8.890000000000063096e+01
-8.880000000000063665e+01
-8.870000000000064233e+01
-8.860000000000064801e+01
-8.850000000000065370e+01
-8.840000000000065938e+01
-8.830000000000066507e+01
-8.820000000000067075e+01
-8.810000000000067644e+01
-8.800000000000068212e+01
-8.790000000000068781e+01
-8.780000000000069349e+01
-8.770000000000069917e+01
-8.760000000000070486e+01
-8.750000000000071054e+01
-8.740000000000071623e+01
-8.730000000000072191e+01
-8.720000000000072760e+01
-8.710000000000073328e+01
-8.700000000000073896e+01
-8.690000000000074465e+01
-8.680000000000075033e+01
-8.670000000000075602e+01
-8.660000000000076170e+01
-8.650000000000076739e+01
-8.640000000000077307e+01
-8.630000000000077875e+01
-8.620000000000078444e+01
-8.610000000000079012e+01
-8.600000000000079581e+01
-8.590000000000080149e+01
-8.580000000000080718e+01
-8.570000000000081286e+01
-8.560000000000081855e+01
-8.550000000000082423e+01
-8.540000000000082991e+01
-8.530000000000083560e+01
-8.520000000000084128e+01
-8.510000000000084697e+01
-8.500000000000085265e+01
-8.490000000000085834e+01
-8.480000000000086402e+01
-8.470000000000086970e+01
-8.460000000000087539e+01
-8.450000000000088107e+01
-8.440000000000088676e+01
-8.430000000000089244e+01
-8.420000000000089813e+01
-8.410000000000090381e+01
-8.400000000000090949e+01
-8.390000000000091518e+01
-8.380000000000092086e+01
-8.370000000000092655e+01
-8.360000000000093223e+01
-8.350000000000093792e+01
-8.340000000000094360e+01
-8.330000000000094929e+01
-8.320000000000095497e+01
-8.310000000000096065e+01
-8.300000000000096634e+01
-8.290000000000097202e+01
-8.280000000000097771e+01
-8.270000000000098339e+01
-8.260000000000098908e+01
-8.250000000000099476e+01
-8.240000000000100044e+01
-8.230000000000100613e+01
-8.220000000000101181e+01
-8.210000000000101750e+01
-8.200000000000102318e+01
-8.190000000000102887e+01
-8.180000000000103455e+01
-8.170000000000104023e+01
-8.160000000000104592e+01
-8.150000000000105160e+01
-8.140000000000105729e+01
-8.130000000000106297e+01
-8.120000000000106866e+01
-8.110000000000107434e+01
-8.100000000000108002e+01
-8.090000000000108571e+01
-8.080000000000109139e+01
-8.070000000000109708e+01
-8.060000000000110276e+01
-8.050000000000110845e+01
-8.040000000000111413e+01
-8.030000000000111982e+01
-8.020000000000112550e+01
-8.010000000000113118e+01
-8.000000000000113687e+01
-7.990000000000114255e+01
-7.980000000000114824e+01
-7.970000000000115392e+01
-7.960000000000115961e+01
-7.950000000000116529e+01
-7.940000000000117097e+01
-7.930000000000117666e+01
-7.920000000000118234e+01
-7.910000000000118803e+01
-7.900000000000119371e+01
-7.890000000000119940e+01
-7.880000000000120508e+01
-7.870000000000121076e+01
-7.860000000000121645e+01
-7.850000000000122213e+01
-7.840000000000122782e+01
-7.830000000000123350e+01
-7.820000000000123919e+01
-7.810000000000124487e+01
-7.800000000000125056e+01
-7.790000000000125624e+01
-7.780000000000126192e+01
-7.770000000000126761e+01
-7.760000000000127329e+01
-7.750000000000127898e+01
-7.740000000000128466e+01
-7.730000000000129035e+01
-7.720000000000129603e+01
-7.710000000000130171e+01
-7.700000000000130740e+01
-7.690000000000131308e+01
-7.680000000000131877e+01
-7.670000000000132445e+01
-7.660000000000133014e+01
-7.650000000000133582e+01
-7.640000000000134150e+01
-7.630000000000134719e+01
-7.620000000000135287e+01
-7.610000000000135856e+01
-7.600000000000136424e+01
-7.590000000000136993e+01
-7.580000000000137561e+01
-7.570000000000138130e+01
-7.560000000000138698e+01
-7.550000000000139266e+01
-7.540000000000139835e+01
-7.530000000000140403e+01
-7.520000000000140972e+01
-7.510000000000141540e+01
-7.500000000000142109e+01
-7.490000000000142677e+01
-7.480000000000143245e+01
-7.470000000000143814e+01
-7.460000000000144382e+01
-7.450000000000144951e+01
-7.440000000000145519e+01
-7.430000000000146088e+01
-7.420000000000146656e+01
-7.410000000000147224e+01
-7.400000000000147793e+01
-7.390000000000148361e+01
-7.380000000000148930e+01
-7.370000000000149498e+01
-7.360000000000150067e+01
-7.350000000000150635e+01
-7.340000000000151203e+01
-7.330000000000151772e+01
-7.320000000000152340e+01
-7.310000000000152909e+01
-7.300000000000153477e+01
-7.290000000000154046e+01
-7.280000000000154614e+01
-7.270000000000155183e+01
-7.260000000000155751e+01
-7.250000000000156319e+01
-7.240000000000156888e+01
-7.230000000000157456e+01
-7.220000000000158025e+01
-7.210000000000158593e+01
-7.200000000000159162e+01
-7.190000000000159730e+01
-7.180000000000160298e+01
-7.170000000000160867e+01
-7.160000000000161435e+01
-7.150000000000162004e+01
-7.140000000000162572e+01
-7.130000000000163141e+01
-7.120000000000163709e+01
-7.110000000000164277e+01
-7.100000000000164846e+01
-7.090000000000165414e+01
-7.080000000000165983e+01
-7.070000000000166551e+01
-7.060000000000167120e+01
-7.050000000000167688e+01
-7.040000000000168257e+01
-7.030000000000168825e+01
-7.020000000000169393e+01
-7.010000000000169962e+01
-7.000000000000170530e+01
-6.990000000000171099e+01
-6.980000000000171667e+01
-6.970000000000172236e+01
-6.960000000000172804e+01
-6.950000000000173372e+01
-6.940000000000173941e+01
-6.930000000000174509e+01
-6.920000000000175078e+01
-6.910000000000175646e+01
-6.900000000000176215e+01
-6.890000000000176783e+01
-6.880000000000177351e+01
-6.870000000000177920e+01
-6.860000000000178488e+01
-6.850000000000179057e+01
-6.840000000000179625e+01
-6.830000000000180194e+01
-6.820000000000180762e+01
-6.810000000000181331e+01
-6.800000000000181899e+01
-6.790000000000182467e+01
-6.780000000000183036e+01
-6.770000000000183604e+01
-6.760000000000184173e+01
-6.750000000000184741e+01
-6.740000000000185310e+01
-6.730000000000185878e+01
-6.720000000000186446e+01
-6.710000000000187015e+01
-6.700000000000187583e+01
-6.690000000000188152e+01
-6.680000000000188720e+01
-6.670000000000189289e+01
-6.660000000000189857e+01
-6.650000000000190425e+01
-6.640000000000190994e+01
-6.630000000000191562e+01
-6.620000000000192131e+01
-6.610000000000192699e+01
-6.600000000000193268e+01
-6.590000000000193836e+01
-6.580000000000194404e+01
-6.570000000000194973e+01
-6.560000000000195541e+01
-6.550000000000196110e+01
-6.540000000000196678e+01
-6.530000000000197247e+01
-6.520000000000197815e+01
-6.510000000000198384e+01
-6.500000000000198952e+01
-6.490000000000199520e+01
-6.480000000000200089e+01
-6.470000000000200657e+01
-6.460000000000201226e+01
-6.450000000000201794e+01
-6.440000000000202363e+01
-6.430000000000202931e+01
-6.420000000000203499e+01
-6.410000000000204068e+01
-6.400000000000204636e+01
-6.390000000000204494e+01
-6.380000000000204352e+01
-6.370000000000204210e+01
-6.360000000000204068e+01
-6.350000000000203926e+01
-6.340000000000203784e+01
-6.330000000000203642e+01
-6.320000000000203499e+01
-6.310000000000203357e+01
-6.300000000000203215e+01
-6.290000000000203073e+01
-6.280000000000202931e+01
-6.270000000000202789e+01
-6.260000000000202647e+01
-6.250000000000202505e+01
-6.240000000000202363e+01
-6.230000000000202220e+01
-6.220000000000202078e+01
-6.210000000000201936e+01
-6.200000000000201794e+01
-6.190000000000201652e+01
-6.180000000000201510e+01
-6.170000000000201368e+01
-6.160000000000201226e+01
-6.150000000000201084e+01
-6.140000000000200941e+01
-6.130000000000200799e+01
-6.120000000000200657e+01
-6.110000000000200515e+01
-6.100000000000200373e+01
-6.090000000000200231e+01
-6.080000000000200089e+01
-6.070000000000199947e+01
-6.060000000000199805e+01
-6.050000000000199663e+01
-6.040000000000199520e+01
-6.030000000000199378e+01
-6.020000000000199236e+01
-6.010000000000199094e+01
-6.000000000000198952e+01
-5.990000000000198810e+01
-5.980000000000198668e+01
-5.970000000000198526e+01
-5.960000000000198384e+01
-5.950000000000198241e+01
-5.940000000000198099e+01
-5.930000000000197957e+01
-5.920000000000197815e+01
-5.910000000000197673e+01
-5.900000000000197531e+01
-5.890000000000197389e+01
-5.880000000000197247e+01
-5.870000000000197105e+01
-5.860000000000196962e+01
-5.850000000000196820e+01
-5.840000000000196678e+01
-5.830000000000196536e+01
-5.820000000000196394e+01
-5.810000000000196252e+01
-5.800000000000196110e+01
-5.790000000000195968e+01
-5.780000000000195826e+01
-5.770000000000195683e+01
-5.760000000000195541e+01
-5.750000000000195399e+01
-5.740000000000195257e+01
-5.730000000000195115e+01
-5.720000000000194973e+01
-5.710000000000194831e+01
-5.700000000000194689e+01
-5.690000000000194547e+01
-5.680000000000194404e+01
-5.670000000000194262e+01
-5.660000000000194120e+01
-5.650000000000193978e+01
-5.640000000000193836e+01
-5.630000000000193694e+01
-5.620000000000193552e+01
-5.610000000000193410e+01
-5.600000000000193268e+01
-5.590000000000193126e+01
-5.580000000000192983e+01
-5.570000000000192841e+01
-5.560000000000192699e+01
-5.550000000000192557e+01
-5.540000000000192415e+01
-5.530000000000192273e+01
-5.520000000000192131e+01
-5.510000000000191989e+01
-5.500000000000191847e+01
-5.490000000000191704e+01
-5.480000000000191562e+01
-5.470000000000191420e+01
-5.460000000000191278e+01
-5.450000000000191136e+01
-5.440000000000190994e+01
-5.430000000000190852e+01
-5.420000000000190710e+01
-5.410000000000190568e+01
-5.400000000000190425e+01
-5.390000000000190283e+01
-5.380000000000190141e+01
-5.370000000000189999e+01
-5.360000000000189857e+01
-5.350000000000189715e+01
-5.340000000000189573e+01
-5.330000000000189431e+01
-5.320000000000189289e+01
-5.310000000000189146e+01
-5.300000000000189004e+01
-5.290000000000188862e+01
-5.280000000000188720e+01
-5.270000000000188578e+01
-5.260000000000188436e+01
-5.250000000000188294e+01
-5.240000000000188152e+01
-5.230000000000188010e+01
-5.220000000000187867e+01
-5.210000000000187725e+01
-5.200000000000187583e+01
-5.190000000000187441e+01
-5.180000000000187299e+01
-5.170000000000187157e+01
-5.160000000000187015e+01
-5.150000000000186873e+01
-5.140000000000186731e+01
-5.130000000000186589e+01
-5.120000000000186446e+01
-5.110000000000186304e+01
-5.100000000000186162e+01
-5.090000000000186020e+01
-5.080000000000185878e+01
-5.070000000000185736e+01
-5.060000000000185594e+01
-5.050000000000185452e+01
-5.040000000000185310e+01
-5.030000000000185167e+01
-5.020000000000185025e+01
-5.010000000000184883e+01
-5.000000000000184741e+01
-4.990000000000184599e+01
-4.980000000000184457e+01
-4.970000000000184315e+01
-4.960000000000184173e+01
-4.950000000000184031e+01
-4.940000000000183888e+01
-4.930000000000183746e+01
-4.920000000000183604e+01
-4.910000000000183462e+01
-4.900000000000183320e+01
-4.890000000000183178e+01
-4.880000000000183036e+01
-4.870000000000182894e+01
-4.860000000000182752e+01
-4.850000000000182609e+01
-4.840000000000182467e+01
-4.830000000000182325e+01
-4.820000000000182183e+01
-4.810000000000182041e+01
-4.800000000000181899e+01
-4.790000000000181757e+01
-4.780000000000181615e+01
-4.770000000000181473e+01
-4.760000000000181331e+01
-4.750000000000181188e+01
-4.740000000000181046e+01
-4.730000000000180904e+01
-4.720000000000180762e+01
-4.710000000000180620e+01
-4.700000000000180478e+01
-4.690000000000180336e+01
-4.680000000000180194e+01
-4.670000000000180052e+01
-4.660000000000179909e+01
-4.650000000000179767e+01
-4.640000000000179625e+01
-4.630000000000179483e+01
-4.620000000000179341e+01
-4.610000000000179199e+01
-4.600000000000179057e+01
-4.590000000000178915e+01
-4.580000000000178773e+01
-4.570000000000178630e+01
-4.560000000000178488e+01
-4.550000000000178346e+01
-4.540000000000178204e+01
-4.530000000000178062e+01
-4.520000000000177920e+01
-4.510000000000177778e+01
-4.500000000000177636e+01
-4.490000000000177494e+01
-4.480000000000177351e+01
-4.470000000000177209e+01
-4.460000000000177067e+01
-4.450000000000176925e+01
-4.440000000000176783e+01
-4.430000000000176641e+01
-4.420000000000176499e+01
-4.410000000000176357e+01
-4.400000000000176215e+01
-4.390000000000176072e+01
-4.380000000000175930e+01
-4.370000000000175788e+01
-4.360000000000175646e+01
-4.350000000000175504e+01
-4.340000000000175362e+01
-4.330000000000175220e+01
-4.320000000000175078e+01
-4.310000000000174936e+01
-4.300000000000174794e+01
-4.290000000000174651e+01
-4.280000000000174509e+01
-4.270000000000174367e+01
-4.260000000000174225e+01
-4.250000000000174083e+01
-4.240000000000173941e+01
-4.230000000000173799e+01
-4.220000000000173657e+01
-4.210000000000173515e+01
-4.200000000000173372e+01
-4.190000000000173230e+01
-4.180000000000173088e+01
-4.170000000000172946e+01
-4.160000000000172804e+01
-4.150000000000172662e+01
-4.140000000000172520e+01
-4.130000000000172378e+01
-4.120000000000172236e+01
-4.110000000000172093e+01
-4.100000000000171951e+01
-4.090000000000171809e+01
-4.080000000000171667e+01
-4.070000000000171525e+01
-4.060000000000171383e+01
-4.050000000000171241e+01
-4.040000000000171099e+01
-4.030000000000170957e+01
-4.020000000000170814e+01
-4.010000000000170672e+01
-4.000000000000170530e+01
-3.990000000000170388e+01
-3.980000000000170246e+01
-3.970000000000170104e+01
-3.960000000000169962e+01
-3.950000000000169820e+01
-3.940000000000169678e+01
-3.930000000000169535e+01
-3.920000000000169393e+01
-3.910000000000169251e+01
-3.900000000000169109e+01
-3.890000000000168967e+01
-3.880000000000168825e+01
-3.870000000000168683e+01
-3.860000000000168541e+01
-3.850000000000168399e+01
-3.840000000000168257e+01
-3.830000000000168114e+01
-3.820000000000167972e+01
-3.810000000000167830e+01
-3.800000000000167688e+01
-3.790000000000167546e+01
-3.780000000000167404e+01
-3.770000000000167262e+01
-3.760000000000167120e+01
-3.750000000000166978e+01
-3.740000000000166835e+01
-3.730000000000166693e+01
-3.720000000000166551e+01
-3.710000000000166409e+01
-3.700000000000166267e+01
-3.690000000000166125e+01
-3.680000000000165983e+01
-3.670000000000165841e+01
-3.660000000000165699e+01
-3.650000000000165556e+01
-3.640000000000165414e+01
-3.630000000000165272e+01
-3.620000000000165130e+01
-3.610000000000164988e+01
-3.600000000000164846e+01
-3.590000000000164704e+01
-3.580000000000164562e+01
-3.570000000000164420e+01
-3.560000000000164277e+01
-3.550000000000164135e+01
-3.540000000000163993e+01
-3.530000000000163851e+01
-3.520000000000163709e+01
-3.510000000000163567e+01
-3.500000000000163425e+01
-3.490000000000163283e+01
-3.480000000000163141e+01
-3.470000000000162999e+01
-3.460000000000162856e+01
-3.450000000000162714e+01
-3.440000000000162572e+01
-3.430000000000162430e+01
-3.420000000000162288e+01
-3.410000000000162146e+01
-3.400000000000162004e+01
-3.390000000000161862e+01
-3.380000000000161720e+01
-3.370000000000161577e+01
-3.360000000000161435e+01
-3.350000000000161293e+01
-3.340000000000161151e+01
-3.330000000000161009e+01
-3.320000000000160867e+01
-3.310000000000160725e+01
-3.300000000000160583e+01
-3.290000000000160441e+01
-3.280000000000160298e+01
-3.270000000000160156e+01
-3.260000000000160014e+01
-3.250000000000159872e+01
-3.240000000000159730e+01
-3.230000000000159588e+01
-3.220000000000159446e+01
-3.210000000000159304e+01
-3.200000000000159162e+01
-3.190000000000159019e+01
-3.180000000000158877e+01
-3.170000000000158735e+01
-3.160000000000158593e+01
-3.150000000000158451e+01
-3.140000000000158309e+01
-3.130000000000158167e+01
-3.120000000000158025e+01
-3.110000000000157883e+01
-3.100000000000157740e+01
-3.090000000000157598e+01
-3.080000000000157456e+01
-3.070000000000157314e+01
-3.060000000000157172e+01
-3.050000000000157030e+01
-3.040000000000156888e+01
-3.030000000000156746e+01
-3.020000000000156604e+01
-3.010000000000156462e+01
-3.000000000000156319e+01
-2.990000000000156177e+01
-2.980000000000156035e+01
-2.970000000000155893e+01
-2.960000000000155751e+01
-2.950000000000155609e+01
-2.940000000000155467e+01
-2.930000000000155325e+01
-2.920000000000155183e+01
-2.910000000000155040e+01
-2.900000000000154898e+01
-2.890000000000154756e+01
-2.880000000000154614e+01
-2.870000000000154472e+01
-2.860000000000154330e+01
-2.850000000000154188e+01
-2.840000000000154046e+01
-2.830000000000153904e+01
-2.820000000000153761e+01
-2.810000000000153619e+01
-2.800000000000153477e+01
-2.790000000000153335e+01
-2.780000000000153193e+01
-2.770000000000153051e+01
-2.760000000000152909e+01
-2.750000000000152767e+01
-2.740000000000152625e+01
-2.730000000000152482e+01
-2.720000000000152340e+01
-2.710000000000152198e+01
-2.700000000000152056e+01
-2.690000000000151914e+01
-2.680000000000151772e+01
-2.670000000000151630e+01
-2.660000000000151488e+01
-2.650000000000151346e+01
-2.640000000000151203e+01
-2.630000000000151061e+01
-2.620000000000150919e+01
-2.610000000000150777e+01
-2.600000000000150635e+01
-2.590000000000150493e+01
-2.580000000000150351e+01
-2.570000000000150209e+01
-2.560000000000150067e+01
-2.550000000000149925e+01
-2.540000000000149782e+01
-2.530000000000149640e+01
-2.520000000000149498e+01
-2.510000000000149356e+01
-2.500000000000149214e+01
-2.490000000000149072e+01
-2.480000000000148930e+01
-2.470000000000148788e+01
-2.460000000000148646e+01
-2.450000000000148503e+01
-2.440000000000148361e+01
-2.430000000000148219e+01
-2.420000000000148077e+01
-2.410000000000147935e+01
-2.400000000000147793e+01
-2.390000000000147651e+01
-2.380000000000147509e+01
-2.370000000000147367e+01
-2.360000000000147224e+01
-2.350000000000147082e+01
-2.340000000000146940e+01
-2.330000000000146798e+01
-2.320000000000146656e+01
-2.310000000000146514e+01
-2.300000000000146372e+01
-2.290000000000146230e+01
-2.280000000000146088e+01
-2.270000000000145945e+01
-2.260000000000145803e+01
-2.250000000000145661e+01
-2.240000000000145519e+01
-2.230000000000145377e+01
-2.220000000000145235e+01
-2.210000000000145093e+01
-2.200000000000144951e+01
-2.190000000000144809e+01
-2.180000000000144667e+01
-2.170000000000144524e+01
-2.160000000000144382e+01
-2.150000000000144240e+01
-2.140000000000144098e+01
-2.130000000000143956e+01
-2.120000000000143814e+01
-2.110000000000143672e+01
-2.100000000000143530e+01
-2.090000000000143388e+01
-2.080000000000143245e+01
-2.070000000000143103e+01
-2.060000000000142961e+01
-2.050000000000142819e+01
-2.040000000000142677e+01
-2.030000000000142535e+01
-2.020000000000142393e+01
-2.010000000000142251e+01
-2.000000000000142109e+01
-1.990000000000141966e+01
-1.980000000000141824e+01
-1.970000000000141682e+01
-1.960000000000141540e+01
-1.950000000000141398e+01
-1.940000000000141256e+01
-1.930000000000141114e+01
-1.920000000000140972e+01
-1.910000000000140830e+01
-1.900000000000140687e+01
-1.890000000000140545e+01
-1.880000000000140403e+01
-1.870000000000140261e+01
-1.860000000000140119e+01
-1.850000000000139977e+01
-1.840000000000139835e+01
-1.830000000000139693e+01
-1.820000000000139551e+01
-1.810000000000139408e+01
-1.800000000000139266e+01
-1.790000000000139124e+01
-1.780000000000138982e+01
-1.770000000000138840e+01
-1.760000000000138698e+01
-1.750000000000138556e+01
-1.740000000000138414e+01
-1.730000000000138272e+01
-1.720000000000138130e+01
-1.710000000000137987e+01
-1.700000000000137845e+01
-1.690000000000137703e+01
-1.680000000000137561e+01
-1.670000000000137419e+01
-1.660000000000137277e+01
-1.650000000000137135e+01
-1.640000000000136993e+01
-1.630000000000136851e+01
-1.620000000000136708e+01
-1.610000000000136566e+01
-1.600000000000136424e+01
-1.590000000000136460e+01
-1.580000000000136495e+01
-1.570000000000136531e+01
-1.560000000000136566e+01
-1.550000000000136602e+01
-1.540000000000136637e+01
-1.530000000000136673e+01
-1.520000000000136708e+01
-1.510000000000136744e+01
-1.500000000000136779e+01
-1.490000000000136815e+01
-1.480000000000136851e+01
-1.470000000000136886e+01
-1.460000000000136922e+01
-1.450000000000136957e+01
-1.440000000000136993e+01
-1.430000000000137028e+01
-1.420000000000137064e+01
-1.410000000000137099e+01
-1.400000000000137135e+01
-1.390000000000137170e+01
-1.380000000000137206e+01
-1.370000000000137241e+01
-1.360000000000137277e+01
-1.350000000000137312e+01
-1.340000000000137348e+01
-1.330000000000137383e+01
-1.320000000000137419e+01
-1.310000000000137454e+01
-1.300000000000137490e+01
-1.290000000000137526e+01
-1.280000000000137561e+01
-1.270000000000137597e+01
-1.260000000000137632e+01
-1.250000000000137668e+01
-1.240000000000137703e+01
-1.230000000000137739e+01
-1.220000000000137774e+01
-1.210000000000137810e+01
-1.200000000000137845e+01
-1.190000000000137881e+01
-1.180000000000137916e+01
-1.170000000000137952e+01
-1.160000000000137987e+01
-1.150000000000138023e+01
-1.140000000000138058e+01
-1.130000000000138094e+01
-1.120000000000138130e+01
-1.110000000000138165e+01
-1.100000000000138201e+01
-1.090000000000138236e+01
-1.080000000000138272e+01
-1.070000000000138307e+01
-1.060000000000138343e+01
-1.050000000000138378e+01
-1.040000000000138414e+01
-1.030000000000138449e+01
-1.020000000000138485e+01
-1.010000000000138520e+01
-1.000000000000138556e+01
-9.900000000001385914e+00
-9.800000000001386269e+00
-9.700000000001386624e+00
-9.600000000001386979e+00
-9.500000000001387335e+00
-9.400000000001387690e+00
-9.300000000001388045e+00
-9.200000000001388401e+00
-9.100000000001388756e+00
-9.000000000001389111e+00
-8.900000000001389466e+00
-8.800000000001389822e+00
-8.700000000001390177e+00
-8.600000000001390532e+00
-8.500000000001390887e+00
-8.400000000001391243e+00
-8.300000000001391598e+00
-8.200000000001391953e+00
-8.100000000001392308e+00
-8.000000000001392664e+00
-7.900000000001393019e+00
-7.800000000001393374e+00
-7.700000000001393730e+00
-7.600000000001394085e+00
-7.500000000001394440e+00
-7.400000000001394795e+00
-7.300000000001395151e+00
-7.200000000001395506e+00
-7.100000000001395861e+00
-7.000000000001396216e+00
-6.900000000001396572e+00
-6.800000000001396927e+00
-6.700000000001397282e+00
-6.600000000001397638e+00
-6.500000000001397993e+00
-6.400000000001398348e+00
-6.300000000001398703e+00
-6.200000000001399059e+00
-6.100000000001399414e+00
-6.000000000001399769e+00
-5.900000000001400124e+00
-5.800000000001400480e+00
-5.700000000001400835e+00
-5.600000000001401190e+00
-5.500000000001401546e+00
-5.400000000001401901e+00
-5.300000000001402256e+00
-5.200000000001402611e+00
-5.100000000001402967e+00
-5.000000000001403322e+00
-4.900000000001403677e+00
-4.800000000001404032e+00
-4.700000000001404388e+00
-4.600000000001404743e+00
-4.500000000001405098e+00
-4.400000000001405454e+00
-4.300000000001405809e+00
-4.200000000001406164e+00
-4.100000000001406519e+00
-4.000000000001406875e+00
-3.900000000001406786e+00
-3.800000000001406697e+00
-3.700000000001406608e+00
-3.600000000001406519e+00
-3.500000000001406431e+00
-3.400000000001406342e+00
-3.300000000001406253e+00
-3.200000000001406164e+00
-3.100000000001406075e+00
-3.000000000001405986e+00
-2.900000000001405898e+00
-2.800000000001405809e+00
-2.700000000001405720e+00
-2.600000000001405631e+00
-2.500000000001405542e+00
-2.400000000001405454e+00
-2.300000000001405365e+00
-2.200000000001405276e+00
-2.100000000001405187e+00
-2.000000000001405098e+00
-1.900000000001405009e+00
-1.800000000001404921e+00
-1.700000000001404832e+00
-1.600000000001404743e+00
-1.500000000001404654e+00
-1.400000000001404565e+00
-1.300000000001404477e+00
-1.200000000001404388e+00
-1.100000000001404299e+00
-1.000000000001404210e+00
-9.000000000014042323e-01
-8.000000000014042545e-01
-7.000000000014042767e-01
-6.000000000014042989e-01
-5.000000000014043211e-01
-4.000000000014043433e-01
-3.000000000014043655e-01
-2.000000000014043600e-01
-1.000000000014043544e-01
-1.404348859423976137e-12
9.999999999859565669e-02
1.999999999985956622e-01
2.999999999985956678e-01
3.999999999985957011e-01
4.999999999985956789e-01
5.999999999985956567e-01
6.999999999985956345e-01
7.999999999985956123e-01
8.999999999985955901e-01
9.999999999985955679e-01
1.099999999998595657e+00
1.199999999998595746e+00
1.299999999998595834e+00
1.399999999998595923e+00
1.499999999998596012e+00
1.599999999998596101e+00
1.699999999998596190e+00
1.799999999998596278e+00
1.899999999998596367e+00
1.999999999998596456e+00
2.099999999998596323e+00
2.199999999998596412e+00
2.299999999998596500e+00
2.399999999998596589e+00
2.499999999998596678e+00
2.599999999998596767e+00
2.699999999998596856e+00
2.799999999998596945e+00
2.899999999998597033e+00
2.999999999998597122e+00
3.099999999998597211e+00
3.199999999998597300e+00
3.299999999998597389e+00
3.399999999998597477e+00
3.499999999998597566e+00
3.599999999998597655e+00
3.699999999998597744e+00
3.799999999998597833e+00
3.899999999998597922e+00
3.999999999998598010e+00
4.099999999998598099e+00
4.199999999998597744e+00
4.299999999998597389e+00
4.399999999998597033e+00
4.499999999998596678e+00
4.599999999998596323e+00
4.699999999998595968e+00
4.799999999998595612e+00
4.899999999998595257e+00
4.999999999998594902e+00
5.099999999998594546e+00
5.199999999998594191e+00
5.299999999998593836e+00
5.399999999998593481e+00
5.499999999998593125e+00
5.599999999998592770e+00
5.699999999998592415e+00
5.799999999998592060e+00
5.899999999998591704e+00
5.999999999998591349e+00
6.099999999998590994e+00
6.199999999998590638e+00
6.299999999998590283e+00
6.399999999998589928e+00
6.499999999998589573e+00
6.599999999998589217e+00
6.699999999998588862e+00
6.799999999998588507e+00
6.899999999998588152e+00
6.999999999998587796e+00
7.099999999998587441e+00
7.199999999998587086e+00
7.299999999998586730e+00
7.399999999998586375e+00
7.499999999998586020e+00
7.599999999998585665e+00
7.699999999998585309e+00
7.799999999998584954e+00
7.899999999998584599e+00
7.999999999998584244e+00
8.099999999998583888e+00
8.199999999998583533e+00
8.299999999998583178e+00
8.399999999998582823e+00
8.499999999998582467e+00
8.599999999998582112e+00
8.699999999998581757e+00
8.799999999998581401e+00
8.899999999998581046e+00
8.999999999998580691e+00
9.099999999998580336e+00
9.199999999998579980e+00
9.299999999998579625e+00
9.399999999998579270e+00
9.499999999998578915e+00
9.599999999998578559e+00
9.699999999998578204e+00
9.799999999998577849e+00
9.899999999998577493e+00
9.999999999998577138e+00
1.009999999999857678e+01
1.019999999999857643e+01
1.029999999999857607e+01
1.039999999999857572e+01
1.049999999999857536e+01
1.059999999999857501e+01
1.069999999999857465e+01
1.079999999999857430e+01
1.089999999999857394e+01
1.099999999999857359e+01
1.109999999999857323e+01
1.119999999999857287e+01
1.129999999999857252e+01
1.139999999999857216e+01
1.149999999999857181e+01
1.159999999999857145e+01
1.169999999999857110e+01
1.179999999999857074e+01
1.189999999999857039e+01
1.199999999999857003e+01
1.209999999999856968e+01
1.219999999999856932e+01
1.229999999999856897e+01
1.239999999999856861e+01
1.249999999999856826e+01
1.259999999999856790e+01
1.269999999999856755e+01
1.279999999999856719e+01
1.289999999999856684e+01
1.299999999999856648e+01
1.309999999999856612e+01
1.319999999999856577e+01
1.329999999999856541e+01
1.339999999999856506e+01
1.349999999999856470e+01
1.359999999999856435e+01
1.369999999999856399e+01
1.379999999999856364e+01
1.389999999999856328e+01
1.399999999999856293e+01
1.409999999999856257e+01
1.419999999999856222e+01
1.429999999999856186e+01
1.439999999999856151e+01
1.449999999999856115e+01
1.459999999999856080e+01
1.469999999999856044e+01
1.479999999999856009e+01
1.489999999999855973e+01
1.499999999999855937e+01
1.509999999999855902e+01
1.519999999999855866e+01
1.529999999999855831e+01
1.539999999999855795e+01
1.549999999999855760e+01
1.559999999999855724e+01
1.569999999999855689e+01
1.579999999999855653e+01
1.589999999999855618e+01
1.599999999999855582e+01
1.609999999999855547e+01
1.619999999999855689e+01
1.629999999999855831e+01
1.639999999999855973e+01
1.649999999999856115e+01
1.659999999999856257e+01
1.669999999999856399e+01
1.679999999999856541e+01
1.689999999999856684e+01
1.699999999999856826e+01
1.709999999999856968e+01
1.719999999999857110e+01
1.729999999999857252e+01
1.739999999999857394e+01
1.749999999999857536e+01
1.759999999999857678e+01
1.769999999999857820e+01
1.779999999999857963e+01
1.789999999999858105e+01
1.799999999999858247e+01
1.809999999999858389e+01
1.819999999999858531e+01
1.829999999999858673e+01
1.839999999999858815e+01
1.849999999999858957e+01
1.859999999999859099e+01
1.869999999999859241e+01
1.879999999999859384e+01
1.889999999999859526e+01
1.899999999999859668e+01
1.909999999999859810e+01
1.919999999999859952e+01
1.929999999999860094e+01
1.939999999999860236e+01
1.949999999999860378e+01
1.959999999999860520e+01
1.969999999999860663e+01
1.979999999999860805e+01
1.989999999999860947e+01
1.999999999999861089e+01
2.009999999999861231e+01
2.019999999999861373e+01
2.029999999999861515e+01
2.039999999999861657e+01
2.049999999999861799e+01
2.059999999999861942e+01
2.069999999999862084e+01
2.079999999999862226e+01
2.089999999999862368e+01
2.099999999999862510e+01
2.109999999999862652e+01
2.119999999999862794e+01
2.129999999999862936e+01
2.139999999999863078e+01
2.149999999999863221e+01
2.159999999999863363e+01
2.169999999999863505e+01
2.179999999999863647e+01
2.189999999999863789e+01
2.199999999999863931e+01
2.209999999999864073e+01
2.219999999999864215e+01
2.229999999999864357e+01
2.239999999999864500e+01
2.249999999999864642e+01
2.259999999999864784e+01
2.269999999999864926e+01
2.279999999999865068e+01
2.289999999999865210e+01
2.299999999999865352e+01
2.309999999999865494e+01
2.319999999999865636e+01
2.329999999999865778e+01
2.339999999999865921e+01
2.349999999999866063e+01
2.359999999999866205e+01
2.369999999999866347e+01
2.379999999999866489e+01
2.389999999999866631e+01
2.399999999999866773e+01
2.409999999999866915e+01
2.419999999999867057e+01
2.429999999999867200e+01
2.439999999999867342e+01
2.449999999999867484e+01
2.459999999999867626e+01
2.469999999999867768e+01
2.479999999999867910e+01
2.489999999999868052e+01
2.499999999999868194e+01
2.509999999999868336e+01
2.519999999999868479e+01
2.529999999999868621e+01
2.539999999999868763e+01
2.549999999999868905e+01
2.559999999999869047e+01
2.569999999999869189e+01
2.579999999999869331e+01
2.589999999999869473e+01
2.599999999999869615e+01
2.609999999999869758e+01
2.619999999999869900e+01
2.629999999999870042e+01
2.639999999999870184e+01
2.649999999999870326e+01
2.659999999999870468e+01
2.669999999999870610e+01
2.679999999999870752e+01
2.689999999999870894e+01
2.699999999999871036e+01
2.709999999999871179e+01
2.719999999999871321e+01
2.729999999999871463e+01
2.739999999999871605e+01
2.749999999999871747e+01
2.759999999999871889e+01
2.769999999999872031e+01
2.779999999999872173e+01
2.789999999999872315e+01
2.799999999999872458e+01
2.809999999999872600e+01
2.819999999999872742e+01
2.829999999999872884e+01
2.839999999999873026e+01
2.849999999999873168e+01
2.859999999999873310e+01
2.869999999999873452e+01
2.879999999999873594e+01
2.889999999999873737e+01
2.899999999999873879e+01
2.909999999999874021e+01
2.919999999999874163e+01
2.929999999999874305e+01
2.939999999999874447e+01
2.949999999999874589e+01
2.959999999999874731e+01
2.969999999999874873e+01
2.979999999999875016e+01
2.989999999999875158e+01
2.999999999999875300e+01
3.009999999999875442e+01
3.019999999999875584e+01
3.029999999999875726e+01
3.039999999999875868e+01
3.049999999999876010e+01
3.059999999999876152e+01
3.069999999999876295e+01
3.079999999999876437e+01
3.089999999999876579e+01
3.099999999999876721e+01
3.109999999999876863e+01
3.119999999999877005e+01
3.129999999999877147e+01
3.139999999999877289e+01
3.149999999999877431e+01
3.159999999999877573e+01
3.169999999999877716e+01
3.179999999999877858e+01
3.189999999999878000e+01
3.199999999999878142e+01
3.209999999999877929e+01
3.219999999999878071e+01
3.229999999999878213e+01
3.239999999999878355e+01
3.249999999999878497e+01
3.259999999999878639e+01
3.269999999999878781e+01
3.279999999999878924e+01
3.289999999999879066e+01
3.299999999999879208e+01
3.309999999999879350e+01
3.319999999999879492e+01
3.329999999999879634e+01
3.339999999999879776e+01
3.349999999999879918e+01
3.359999999999880060e+01
3.369999999999880202e+01
3.379999999999880345e+01
3.389999999999880487e+01
3.399999999999880629e+01
3.409999999999880771e+01
3.419999999999880913e+01
3.429999999999881055e+01
3.439999999999881197e+01
3.449999999999881339e+01
3.459999999999881481e+01
3.469999999999881624e+01
3.479999999999881766e+01
3.489999999999881908e+01
3.499999999999882050e+01
3.509999999999882192e+01
3.519999999999882334e+01
3.529999999999882476e+01
3.539999999999882618e+01
3.549999999999882760e+01
3.559999999999882903e+01
3.569999999999883045e+01
3.579999999999883187e+01
3.589999999999883329e+01
3.599999999999883471e+01
3.609999999999883613e+01
3.619999999999883755e+01
3.629999999999883897e+01
3.639999999999884039e+01
3.649999999999884182e+01
3.659999999999884324e+01
3.669999999999884466e+01
3.679999999999884608e+01
3.689999999999884750e+01
3.699999999999884892e+01
3.709999999999885034e+01
3.719999999999885176e+01
3.729999999999885318e+01
3.739999999999885461e+01
3.749999999999885603e+01
3.759999999999885745e+01
3.769999999999885887e+01
3.779999999999886029e+01
3.789999999999886171e+01
3.799999999999886313e+01
3.809999999999886455e+01
3.819999999999886597e+01
3.829999999999886739e+01
3.839999999999886882e+01
3.849999999999887024e+01
3.859999999999887166e+01
3.869999999999887308e+01
3.879999999999887450e+01
3.889999999999887592e+01
3.899999999999887734e+01
3.909999999999887876e+01
3.919999999999888018e+01
3.929999999999888161e+01
3.939999999999888303e+01
3.949999999999888445e+01
3.959999999999888587e+01
3.969999999999888729e+01
3.979999999999888871e+01
3.989999999999889013e+01
3.999999999999889155e+01
4.009999999999889297e+01
4.019999999999889440e+01
4.029999999999889582e+01
4.039999999999889724e+01
4.049999999999889866e+01
4.059999999999890008e+01
4.069999999999890150e+01
4.079999999999890292e+01
4.089999999999890434e+01
4.099999999999890576e+01
4.109999999999890719e+01
4.119999999999890861e+01
4.129999999999891003e+01
4.139999999999891145e+01
4.149999999999891287e+01
4.159999999999891429e+01
4.169999999999891571e+01
4.179999999999891713e+01
4.189999999999891855e+01
4.199999999999891998e+01
4.209999999999892140e+01
4.219999999999892282e+01
4.229999999999892424e+01
4.239999999999892566e+01
4.249999999999892708e+01
4.259999999999892850e+01
4.269999999999892992e+01
4.279999999999893134e+01
4.289999999999893276e+01
4.299999999999893419e+01
4.309999999999893561e+01
4.319999999999893703e+01
4.329999999999893845e+01
4.339999999999893987e+01
4.349999999999894129e+01
4.359999999999894271e+01
4.369999999999894413e+01
4.379999999999894555e+01
4.389999999999894698e+01
4.399999999999894840e+01
4.409999999999894982e+01
4.419999999999895124e+01
4.429999999999895266e+01
4.439999999999895408e+01
4.449999999999895550e+01
4.459999999999895692e+01
4.469999999999895834e+01
4.479999999999895977e+01
4.489999999999896119e+01
4.499999999999896261e+01
4.509999999999896403e+01
4.519999999999896545e+01
4.529999999999896687e+01
4.539999999999896829e+01
4.549999999999896971e+01
4.559999999999897113e+01
4.569999999999897256e+01
4.579999999999897398e+01
4.589999999999897540e+01
4.599999999999897682e+01
4.609999999999897824e+01
4.619999999999897966e+01
4.629999999999898108e+01
4.639999999999898250e+01
4.649999999999898392e+01
4.659999999999898534e+01
4.669999999999898677e+01
4.679999999999898819e+01
4.689999999999898961e+01
4.699999999999899103e+01
4.709999999999899245e+01
4.719999999999899387e+01
4.729999999999899529e+01
4.739999999999899671e+01
4.749999999999899813e+01
4.759999999999899956e+01
4.769999999999900098e+01
4.779999999999900240e+01
4.789999999999900382e+01
4.799999999999900524e+01
4.809999999999900666e+01
4.819999999999900808e+01
4.829999999999900950e+01
4.839999999999901092e+01
4.849999999999901235e+01
4.859999999999901377e+01
4.869999999999901519e+01
4.879999999999901661e+01
4.889999999999901803e+01
4.899999999999901945e+01
4.909999999999902087e+01
4.919999999999902229e+01
4.929999999999902371e+01
4.939999999999902514e+01
4.949999999999902656e+01
4.959999999999902798e+01
4.969999999999902940e+01
4.979999999999903082e+01
4.989999999999903224e+01
4.999999999999903366e+01
5.009999999999903508e+01
5.019999999999903650e+01
5.029999999999903793e+01
5.039999999999903935e+01
5.049999999999904077e+01
5.059999999999904219e+01
5.069999999999904361e+01
5.079999999999904503e+01
5.089999999999904645e+01
5.099999999999904787e+01
5.109999999999904929e+01
5.119999999999905071e+01
5.129999999999905214e+01
5.139999999999905356e+01
5.149999999999905498e+01
5.159999999999905640e+01
5.169999999999905782e+01
5.179999999999905924e+01
5.189999999999906066e+01
5.199999999999906208e+01
5.209999999999906350e+01
5.219999999999906493e+01
5.229999999999906635e+01
5.239999999999906777e+01
5.249999999999906919e+01
5.259999999999907061e+01
5.269999999999907203e+01
5.279999999999907345e+01
5.289999999999907487e+01
5.299999999999907629e+01
5.309999999999907772e+01
5.319999999999907914e+01
5.329999999999908056e+01
5.339999999999908198e+01
5.349999999999908340e+01
5.359999999999908482e+01
5.369999999999908624e+01
5.379999999999908766e+01
5.389999999999908908e+01
5.399999999999909051e+01
5.409999999999909193e+01
5.419999999999909335e+01
5.429999999999909477e+01
5.439999999999909619e+01
5.449999999999909761e+01
5.459999999999909903e+01
5.469999999999910045e+01
5.479999999999910187e+01
5.489999999999910330e+01
5.499999999999910472e+01
5.509999999999910614e+01
5.519999999999910756e+01
5.529999999999910898e+01
5.539999999999911040e+01
5.549999999999911182e+01
5.559999999999911324e+01
5.569999999999911466e+01
5.579999999999911608e+01
5.589999999999911751e+01
5.599999999999911893e+01
5.609999999999912035e+01
5.619999999999912177e+01
5.629999999999912319e+01
5.639999999999912461e+01
5.649999999999912603e+01
5.659999999999912745e+01
5.669999999999912887e+01
5.679999999999913030e+01
5.689999999999913172e+01
5.699999999999913314e+01
5.709999999999913456e+01
5.719999999999913598e+01
5.729999999999913740e+01
5.739999999999913882e+01
5.749999999999914024e+01
5.759999999999914166e+01
5.769999999999914309e+01
5.779999999999914451e+01
5.789999999999914593e+01
5.799999999999914735e+01
5.809999999999914877e+01
5.819999999999915019e+01
5.829999999999915161e+01
5.839999999999915303e+01
5.849999999999915445e+01
5.859999999999915588e+01
5.869999999999915730e+01
5.879999999999915872e+01
5.889999999999916014e+01
5.899999999999916156e+01
5.909999999999916298e+01
5.919999999999916440e+01
5.929999999999916582e+01
5.939999999999916724e+01
5.949999999999916866e+01
5.959999999999917009e+01
5.969999999999917151e+01
5.979999999999917293e+01
5.989999999999917435e+01
5.999999999999917577e+01
6.009999999999917719e+01
6.019999999999917861e+01
6.029999999999918003e+01
6.039999999999918145e+01
6.049999999999918288e+01
6.059999999999918430e+01
6.069999999999918572e+01
6.079999999999918714e+01
6.089999999999918856e+01
6.099999999999918998e+01
6.109999999999919140e+01
6.119999999999919282e+01
6.129999999999919424e+01
6.139999999999919567e+01
6.149999999999919709e+01
6.159999999999919851e+01
6.169999999999919993e+01
6.179999999999920135e+01
6.189999999999920277e+01
6.199999999999920419e+01
6.209999999999920561e+01
6.219999999999920703e+01
6.229999999999920846e+01
6.239999999999920988e+01
6.249999999999921130e+01
6.259999999999921272e+01
6.269999999999921414e+01
6.279999999999921556e+01
6.289999999999921698e+01
6.299999999999921840e+01
6.309999999999921982e+01
6.319999999999922125e+01
6.329999999999922267e+01
6.339999999999922409e+01
6.349999999999922551e+01
6.359999999999922693e+01
6.369999999999922835e+01
6.379999999999922977e+01
6.389999999999923119e+01
6.399999999999923261e+01
6.409999999999922693e+01
6.419999999999922125e+01
6.429999999999921556e+01
6.439999999999920988e+01
6.449999999999920419e+01
6.459999999999919851e+01
6.469999999999919282e+01
6.479999999999918714e+01
6.489999999999918145e+01
6.499999999999917577e+01
6.509999999999917009e+01
6.519999999999916440e+01
6.529999999999915872e+01
6.539999999999915303e+01
6.549999999999914735e+01
6.559999999999914166e+01
6.569999999999913598e+01
6.579999999999913030e+01
6.589999999999912461e+01
6.599999999999911893e+01
6.609999999999911324e+01
6.619999999999910756e+01
6.629999999999910187e+01
6.639999999999909619e+01
6.649999999999909051e+01
6.659999999999908482e+01
6.669999999999907914e+01
6.679999999999907345e+01
6.689999999999906777e+01
6.699999999999906208e+01
6.709999999999905640e+01
6.719999999999905071e+01
6.729999999999904503e+01
6.739999999999903935e+01
6.749999999999903366e+01
6.759999999999902798e+01
6.769999999999902229e+01
6.779999999999901661e+01
6.789999999999901092e+01
6.799999999999900524e+01
6.809999999999899956e+01
6.819999999999899387e+01
6.829999999999898819e+01
6.839999999999898250e+01
6.849999999999897682e+01
6.859999999999897113e+01
6.869999999999896545e+01
6.879999999999895977e+01
6.889999999999895408e+01
6.899999999999894840e+01
6.909999999999894271e+01
6.919999999999893703e+01
6.929999999999893134e+01
6.939999999999892566e+01
6.949999999999891998e+01
6.959999999999891429e+01
6.969999999999890861e+01
6.979999999999890292e+01
6.989999999999889724e+01
6.999999999999889155e+01
7.009999999999888587e+01
7.019999999999888018e+01
7.029999999999887450e+01
7.039999999999886882e+01
7.049999999999886313e+01
7.059999999999885745e+01
7.069999999999885176e+01
7.079999999999884608e+01
7.089999999999884039e+01
7.099999999999883471e+01
7.109999999999882903e+01
7.119999999999882334e+01
7.129999999999881766e+01
7.139999999999881197e+01
7.149999999999880629e+01
7.159999999999880060e+01
7.169999999999879492e+01
7.179999999999878924e+01
7.189999999999878355e+01
7.199999999999877787e+01
7.209999999999877218e+01
7.219999999999876650e+01
7.229999999999876081e+01
7.239999999999875513e+01
7.249999999999874944e+01
7.259999999999874376e+01
7.269999999999873808e+01
7.279999999999873239e+01
7.289999999999872671e+01
7.299999999999872102e+01
7.309999999999871534e+01
7.319999999999870965e+01
7.329999999999870397e+01
7.339999999999869829e+01
7.349999999999869260e+01
7.359999999999868692e+01
7.369999999999868123e+01
7.379999999999867555e+01
7.389999999999866986e+01
7.399999999999866418e+01
7.409999999999865850e+01
7.419999999999865281e+01
7.429999999999864713e+01
7.439999999999864144e+01
7.449999999999863576e+01
7.459999999999863007e+01
7.469999999999862439e+01
7.479999999999861870e+01
7.489999999999861302e+01
7.499999999999860734e+01
7.509999999999860165e+01
7.519999999999859597e+01
7.529999999999859028e+01
7.539999999999858460e+01
7.549999999999857891e+01
7.559999999999857323e+01
7.569999999999856755e+01
7.579999999999856186e+01
7.589999999999855618e+01
7.599999999999855049e+01
7.609999999999854481e+01
7.619999999999853912e+01
7.629999999999853344e+01
7.639999999999852776e+01
7.649999999999852207e+01
7.659999999999851639e+01
7.669999999999851070e+01
7.679999999999850502e+01
7.689999999999849933e+01
7.699999999999849365e+01
7.709999999999848797e+01
7.719999999999848228e+01
7.729999999999847660e+01
7.739999999999847091e+01
7.749999999999846523e+01
7.759999999999845954e+01
7.769999999999845386e+01
7.779999999999844817e+01
7.789999999999844249e+01
7.799999999999843681e+01
7.809999999999843112e+01
7.819999999999842544e+01
7.829999999999841975e+01
7.839999999999841407e+01
7.849999999999840838e+01
7.859999999999840270e+01
7.869999999999839702e+01
7.879999999999839133e+01
7.889999999999838565e+01
7.899999999999837996e+01
7.909999999999837428e+01
7.919999999999836859e+01
7.929999999999836291e+01
7.939999999999835723e+01
7.949999999999835154e+01
7.959999999999834586e+01
7.969999999999834017e+01
7.979999999999833449e+01
7.989999999999832880e+01
7.999999999999832312e+01
8.009999999999831743e+01
8.019999999999831175e+01
8.029999999999830607e+01
8.039999999999830038e+01
8.049999999999829470e+01
8.059999999999828901e+01
8.069999999999828333e+01
8.079999999999827764e+01
8.089999999999827196e+01
8.099999999999826628e+01
8.109999999999826059e+01
8.119999999999825491e+01
8.129999999999824922e+01
8.139999999999824354e+01
8.149999999999823785e+01
8.159999999999823217e+01
8.169999999999822649e+01
8.179999999999822080e+01
8.189999999999821512e+01
8.199999999999820943e+01
8.209999999999820375e+01
8.219999999999819806e+01
8.229999999999819238e+01
8.239999999999818669e+01
8.249999999999818101e+01
8.259999999999817533e+01
8.269999999999816964e+01
8.279999999999816396e+01
8.289999999999815827e+01
8.299999999999815259e+01
8.309999999999814690e+01
8.319999999999814122e+01
8.329999999999813554e+01
8.339999999999812985e+01
8.349999999999812417e+01
8.359999999999811848e+01
8.369999999999811280e+01
8.379999999999810711e+01
8.389999999999810143e+01
8.399999999999809575e+01
8.409999999999809006e+01
8.419999999999808438e+01
8.429999999999807869e+01
8.439999999999807301e+01
8.449999999999806732e+01
8.459999999999806164e+01
8.469999999999805596e+01
8.479999999999805027e+01
8.489999999999804459e+01
8.499999999999803890e+01
8.509999999999803322e+01
8.519999999999802753e+01
8.529999999999802185e+01
8.539999999999801616e+01
8.549999999999801048e+01
8.559999999999800480e+01
8.569999999999799911e+01
8.579999999999799343e+01
8.589999999999798774e+01
8.599999999999798206e+01
8.609999999999797637e+01
8.619999999999797069e+01
8.629999999999796501e+01
8.639999999999795932e+01
8.649999999999795364e+01
8.659999999999794795e+01
8.669999999999794227e+01
8.679999999999793658e+01
8.689999999999793090e+01
8.699999999999792522e+01
8.709999999999791953e+01
8.719999999999791385e+01
8.729999999999790816e+01
8.739999999999790248e+01
8.749999999999789679e+01
8.759999999999789111e+01
8.769999999999788542e+01
8.779999999999787974e+01
8.789999999999787406e+01
8.799999999999786837e+01
8.809999999999786269e+01
8.819999999999785700e+01
8.829999999999785132e+01
8.839999999999784563e+01
8.849999999999783995e+01
8.859999999999783427e+01
8.869999999999782858e+01
8.879999999999782290e+01
8.889999999999781721e+01
8.899999999999781153e+01
8.909999999999780584e+01
8.919999999999780016e+01
8.929999999999779448e+01
8.939999999999778879e+01
8.949999999999778311e+01
8.959999999999777742e+01
8.969999999999777174e+01
8.979999999999776605e+01
8.989999999999776037e+01
8.999999999999775468e+01
9.009999999999774900e+01
9.019999999999774332e+01
9.029999999999773763e+01
9.039999999999773195e+01
9.049999999999772626e+01
9.059999999999772058e+01
9.069999999999771489e+01
9.079999999999770921e+01
9.089999999999770353e+01
9.099999999999769784e+01
9.109999999999769216e+01
9.119999999999768647e+01
9.129999999999768079e+01
9.139999999999767510e+01
9.149999999999766942e+01
9.159999999999766374e+01
9.169999999999765805e+01
9.179999999999765237e+01
9.189999999999764668e+01
9.199999999999764100e+01
9.209999999999763531e+01
9.219999999999762963e+01
9.229999999999762395e+01
9.239999999999761826e+01
9.249999999999761258e+01
9.259999999999760689e+01
9.269999999999760121e+01
9.279999999999759552e+01
9.289999999999758984e+01
9.299999999999758415e+01
9.309999999999757847e+01
9.319999999999757279e+01
9.329999999999756710e+01
9.339999999999756142e+01
9.349999999999755573e+01
9.359999999999755005e+01
9.369999999999754436e+01
9.379999999999753868e+01
9.389999999999753300e+01
9.399999999999752731e+01
9.409999999999752163e+01
9.419999999999751594e+01
9.429999999999751026e+01
9.439999999999750457e+01
9.449999999999749889e+01
9.459999999999749321e+01
9.469999999999748752e+01
9.479999999999748184e+01
9.489999999999747615e+01
9.499999999999747047e+01
9.509999999999746478e+01
9.519999999999745910e+01
9.529999999999745341e+01
9.539999999999744773e+01
9.549999999999744205e+01
9.559999999999743636e+01
9.569999999999743068e+01
9.579999999999742499e+01
9.589999999999741931e+01
9.599999999999741362e+01
9.609999999999740794e+01
9.619999999999740226e+01
9.629999999999739657e+01
9.639999999999739089e+01
9.649999999999738520e+01
9.659999999999737952e+01
9.669999999999737383e+01
9.679999999999736815e+01
9.689999999999736247e+01
9.699999999999735678e+01
9.709999999999735110e+01
9.719999999999734541e+01
9.729999999999733973e+01
9.739999999999733404e+01
9.749999999999732836e+01
9.759999999999732267e+01
9.769999999999731699e+01
9.779999999999731131e+01
9.789999999999730562e+01
9.799999999999729994e+01
9.809999999999729425e+01
9.819999999999728857e+01
9.829999999999728288e+01
9.839999999999727720e+01
9.849999999999727152e+01
9.859999999999726583e+01
9.869999999999726015e+01
9.879999999999725446e+01
9.889999999999724878e+01
9.899999999999724309e+01
9.909999999999723741e+01
9.919999999999723173e+01
9.929999999999722604e+01
9.939999999999722036e+01
9.949999999999721467e+01
9.959999999999720899e+01
9.969999999999720330e+01
9.979999999999719762e+01
9.989999999999719194e+01
9.999999999999718625e+01
1.000000000000000000e+02
