-1.000000000000000000e+02
-9.990156028368963348e+01
-9.955515012217585991e+01
-9.920873996066208633e+01
-9.886232979914831276e+01
-9.851591963763453919e+01
-9.816950947612076561e+01
-9.782309931460699204e+01
-9.747668915309321847e+01
-9.713027899157944489e+01
-9.678386883006567132e+01
-9.643745866855189774e+01
-9.609104850703812417e+01
-9.574463834552435060e+01
-9.539822818401057702e+01
-9.505181802249680345e+01
-9.470540786098302988e+01
-9.435899769946925630e+01
-9.401258753795548273e+01
-9.366617737644170916e+01
-9.331976721492793558e+01
-9.297335705341416201e+01
-9.262694689190038844e+01
-9.228053673038661486e+01
-9.193412656887284129e+01
-9.158771640735906772e+01
-9.124130624584529414e+01
-9.089489608433152057e+01
-9.054848592281774700e+01
-9.020207576130397342e+01
-8.985566559979019985e+01
-8.950925543827642628e+01
-8.916284527676265270e+01
-8.881643511524887913e+01
-8.847002495373510556e+01
-8.812361479222133198e+01
-8.777720463070755841e+01
-8.743079446919378483e+01
-8.708438430768001126e+01
-8.673797414616623769e+01
-8.639156398465246411e+01
-8.604515382313869054e+01
-8.569874366162491697e+01
-8.535233350011114339e+01
-8.500592333859736982e+01
-8.465951317708359625e+01
-8.431310301556982267e+01
-8.396669285405604910e+01
-8.362028269254227553e+01
-8.327387253102850195e+01
-8.292746236951472838e+01
-8.258105220800095481e+01
-8.223464204648718123e+01
-8.188823188497340766e+01
-8.154182172345963409e+01
-8.119541156194586051e+01
-8.084900140043208694e+01
-8.050259123891831337e+01
-8.015618107740453979e+01
-7.980977091589076622e+01
-7.946336075437699265e+01
-7.911695059286321907e+01
-7.877054043134944550e+01
-7.842413026983567192e+01
-7.807772010832189835e+01
-7.773130994680812478e+01
-7.738489978529435120e+01
-7.703848962378057763e+01
-7.669207946226680406e+01
-7.634566930075303048e+01
-7.599925913923925691e+01
-7.565284897772548334e+01
-7.530643881621170976e+01
-7.496002865469793619e+01
-7.461361849318416262e+01
-7.426720833167038904e+01
-7.392079817015661547e+01
-7.357438800864284190e+01
-7.322797784712906832e+01
-7.288156768561529475e+01
-7.253515752410152118e+01
-7.218874736258774760e+01
-7.184233720107397403e+01
-7.149592703956020046e+01
-7.114951687804642688e+01
-7.080310671653265331e+01
-7.045669655501887974e+01
-7.011028639350510616e+01
-6.976387623199133259e+01
-6.941746607047755901e+01
-6.907105590896378544e+01
-6.872464574745001187e+01
-6.837823558593623829e+01
-6.803182542442246472e+01
-6.768541526290869115e+01
-6.733900510139491757e+01
-6.699259493988114400e+01
-6.664618477836737043e+01
-6.629977461685359685e+01
-6.595336445533982328e+01
-6.560695429382604971e+01
-6.526054413231227613e+01
-6.491413397079850256e+01
-6.456772380928472899e+01
-6.422131364777095541e+01
-6.387490348625718184e+01
-6.352849332474340827e+01
-6.318208316322963469e+01
-6.283567300171586112e+01
-6.248926284020208755e+01
-6.214285267868831397e+01
-6.179644251717454040e+01
-6.145003235566076683e+01
-6.110362219414699325e+01
-6.075721203263321968e+01
-6.041080187111944610e+01
-6.006439170960567253e+01
-5.971798154809189896e+01
-5.937157138657812538e+01
-5.902516122506435181e+01
-5.867875106355057824e+01
-5.833234090203680466e+01
-5.798593074052303109e+01
-5.763952057900925752e+01
-5.729311041749548394e+01
-5.694670025598171037e+01
-5.660029009446793680e+01
-5.625387993295416322e+01
-5.590746977144038965e+01
-5.556105960992661608e+01
-5.521464944841284250e+01
-5.486823928689906893e+01
-5.452182912538529536e+01
-5.417541896387152178e+01
-5.382900880235774821e+01
-5.348259864084397464e+01
-5.313618847933020106e+01
-5.278977831781642749e+01
-5.244336815630265392e+01
-5.209695799478888034e+01
-5.175054783327510677e+01
-5.140413767176133319e+01
-5.105772751024755962e+01
-5.071131734873378605e+01
-5.036490718722001247e+01
-5.001849702570623890e+01
-4.967208686419246533e+01
-4.932567670267869175e+01
-4.897926654116491818e+01
-4.863285637965114461e+01
-4.828644621813737103e+01
-4.794003605662359746e+01
-4.759362589510982389e+01
-4.724721573359605031e+01
-4.690080557208227674e+01
-4.655439541056850317e+01
-4.620798524905472959e+01
-4.586157508754095602e+01
-4.551516492602718245e+01
-4.516875476451340887e+01
-4.482234460299963530e+01
-4.447593444148586173e+01
-4.412952427997208815e+01
-4.378311411845831458e+01
-4.343670395694454101e+01
-4.309029379543076743e+01
-4.274388363391699386e+01
-4.239747347240322028e+01
-4.205106331088944671e+01
-4.170465314937567314e+01
-4.135824298786189956e+01
-4.101183282634812599e+01
-4.066542266483435242e+01
-4.031901250332057884e+01
-3.997260234180680527e+01
-3.962619218029303170e+01
-3.927978201877925812e+01
-3.893337185726548455e+01
-3.858696169575171098e+01
-3.824055153423793740e+01
-3.789414137272416383e+01
-3.754773121121039026e+01
-3.720132104969661668e+01
-3.685491088818284311e+01
-3.650850072666906954e+01
-3.616209056515529596e+01
-3.581568040364152239e+01
-3.546927024212774882e+01
-3.512286008061397524e+01
-3.477644991910020167e+01
-3.443003975758642810e+01
-3.408362959607265452e+01
-3.373721943455888095e+01
-3.339080927304510737e+01
-3.304439911153133380e+01
-3.269798895001756023e+01
-3.235157878850378665e+01
-3.200516862699001308e+01
-3.165875846547623595e+01
-3.131234830396245883e+01
-3.096593814244868170e+01
-3.061952798093490458e+01
-3.027311781942112745e+01
-2.992670765790735032e+01
-2.958029749639357320e+01
-2.923388733487979607e+01
-2.888747717336601895e+01
-2.854106701185224182e+01
-2.819465685033846469e+01
-2.784824668882468757e+01
-2.750183652731091044e+01
-2.715542636579713331e+01
-2.680901620428335619e+01
-2.646260604276957906e+01
-2.611619588125580194e+01
-2.576978571974202481e+01
-2.542337555822824768e+01
-2.507696539671447056e+01
-2.473055523520069343e+01
-2.438414507368691631e+01
-2.403773491217313918e+01
-2.369132475065936205e+01
-2.334491458914558493e+01
-2.299850442763180780e+01
-2.265209426611803067e+01
-2.230568410460425355e+01
-2.195927394309047642e+01
-2.161286378157669930e+01
-2.126645362006292217e+01
-2.092004345854914504e+01
-2.057363329703536792e+01
-2.022722313552159079e+01
-1.988081297400781366e+01
-1.953440281249403654e+01
-1.918799265098025941e+01
-1.884158248946648229e+01
-1.849517232795270516e+01
-1.814876216643892803e+01
-1.780235200492515091e+01
-1.745594184341137378e+01
-1.710953168189759666e+01
-1.676312152038381953e+01
-1.641671135887004240e+01
-1.607030119735626528e+01
-1.572389103584248993e+01
-1.537748087432871458e+01
-1.503107071281493923e+01
-1.468466055130116388e+01
-1.433825038978738853e+01
-1.399184022827361318e+01
-1.364543006675983783e+01
-1.329901990524606248e+01
-1.295260974373228713e+01
-1.260619958221851178e+01
-1.225978942070473643e+01
-1.191337925919096108e+01
-1.156696909767718573e+01
-1.122055893616341038e+01
-1.087414877464963503e+01
-1.052773861313585968e+01
-1.018132845162208433e+01
-9.834918290108308980e+00
-9.488508128594533630e+00
-9.142097967080758281e+00
-8.795687805566982931e+00
-8.449277644053207581e+00
-8.102867482539432231e+00
-7.756457321025656881e+00
-7.410047159511881532e+00
-7.063636997998106182e+00
-6.717226836484330832e+00
-6.370816674970555482e+00
-6.024406513456780132e+00
-5.677996351943004782e+00
-5.331586190429229433e+00
-4.985176028915454083e+00
-4.638765867401678733e+00
-4.292355705887903383e+00
-3.945945544374128033e+00
-3.599535382860352684e+00
-3.253125221346577334e+00
-2.906715059832801984e+00
-2.560304898319026634e+00
-2.213894736805251284e+00
-1.867484575291475934e+00
-1.521074413777700585e+00
-1.174664252263925235e+00
-8.282540907501497740e-01
-4.818439292363743132e-01
-1.354337677225988523e-01
2.109763937911766085e-01
5.573865553049520694e-01
9.037967168187275302e-01
1.250206878332503102e+00
1.596617039846278452e+00
1.943027201360053802e+00
2.289437362873829152e+00
2.635847524387604501e+00
2.982257685901379851e+00
3.328667847415155201e+00
3.675078008928930551e+00
4.021488170442705901e+00
4.367898331956481250e+00
4.714308493470256600e+00
5.060718654984031950e+00
5.407128816497807300e+00
5.753538978011582650e+00
6.099949139525358000e+00
6.446359301039133349e+00
6.792769462552908699e+00
7.139179624066684049e+00
7.485589785580459399e+00
7.831999947094234749e+00
8.178410108608010987e+00
8.524820270121786336e+00
8.871230431635561686e+00
9.217640593149337036e+00
9.564050754663112386e+00
9.910460916176887736e+00
1.025687107769066309e+01
1.060328123920443844e+01
1.094969140071821379e+01
1.129610156223198913e+01
1.164251172374576448e+01
1.198892188525953983e+01
1.233533204677331518e+01
1.268174220828709053e+01
1.302815236980086588e+01
1.337456253131464123e+01
1.372097269282841658e+01
1.406738285434219193e+01
1.441379301585596728e+01
1.476020317736974263e+01
1.510661333888351798e+01
1.545302350039729333e+01
1.579943366191106868e+01
1.614584382342484403e+01
1.649225398493862116e+01
1.683866414645239828e+01
1.718507430796617541e+01
1.753148446947995254e+01
1.787789463099372966e+01
1.822430479250750679e+01
1.857071495402128392e+01
1.891712511553506104e+01
1.926353527704883817e+01
1.960994543856261529e+01
1.995635560007639242e+01
2.030276576159016955e+01
2.064917592310394667e+01
2.099558608461772380e+01
2.134199624613150093e+01
2.168840640764527805e+01
2.203481656915905518e+01
2.238122673067283230e+01
2.272763689218660943e+01
2.307404705370038656e+01
2.342045721521416368e+01
2.376686737672794081e+01
2.411327753824171793e+01
2.445968769975549506e+01
2.480609786126927219e+01
2.515250802278304931e+01
2.549891818429682644e+01
2.584532834581060357e+01
2.619173850732438069e+01
2.653814866883815782e+01
2.688455883035193494e+01
2.723096899186571207e+01
2.757737915337948920e+01
2.792378931489326632e+01
2.827019947640704345e+01
2.861660963792082057e+01
2.896301979943459770e+01
2.930942996094837483e+01
2.965584012246215195e+01
3.000225028397592908e+01
3.034866044548970621e+01
3.069507060700348333e+01
3.104148076851726046e+01
3.138789093003103758e+01
3.173430109154481471e+01
3.208071125305858828e+01
3.242712141457236186e+01
3.277353157608613543e+01
3.311994173759990900e+01
3.346635189911368258e+01
3.381276206062745615e+01
3.415917222214122972e+01
3.450558238365500330e+01
3.485199254516877687e+01
3.519840270668255044e+01
3.554481286819632402e+01
3.589122302971009759e+01
3.623763319122387117e+01
3.658404335273764474e+01
3.693045351425141831e+01
3.727686367576519189e+01
3.762327383727896546e+01
3.796968399879273903e+01
3.831609416030651261e+01
3.866250432182028618e+01
3.900891448333405975e+01
3.935532464484783333e+01
3.970173480636160690e+01
4.004814496787538047e+01
4.039455512938915405e+01
4.074096529090292762e+01
4.108737545241670119e+01
4.143378561393047477e+01
4.178019577544424834e+01
4.212660593695802191e+01
4.247301609847179549e+01
4.281942625998556906e+01
4.316583642149934263e+01
4.351224658301311621e+01
4.385865674452688978e+01
4.420506690604066335e+01
4.455147706755443693e+01
4.489788722906821050e+01
4.524429739058198408e+01
4.559070755209575765e+01
4.593711771360953122e+01
4.628352787512330480e+01
4.662993803663707837e+01
4.697634819815085194e+01
4.732275835966462552e+01
4.766916852117839909e+01
4.801557868269217266e+01
4.836198884420594624e+01
4.870839900571971981e+01
4.905480916723349338e+01
4.940121932874726696e+01
4.974762949026104053e+01
5.009403965177481410e+01
5.044044981328858768e+01
5.078685997480236125e+01
5.113327013631613482e+01
5.147968029782990840e+01
5.182609045934368197e+01
5.217250062085745554e+01
5.251891078237122912e+01
5.286532094388500269e+01
5.321173110539877626e+01
5.355814126691254984e+01
5.390455142842632341e+01
5.425096158994009699e+01
5.459737175145387056e+01
5.494378191296764413e+01
5.529019207448141771e+01
5.563660223599519128e+01
5.598301239750896485e+01
5.632942255902273843e+01
5.667583272053651200e+01
5.702224288205028557e+01
5.736865304356405915e+01
5.771506320507783272e+01
5.806147336659160629e+01
5.840788352810537987e+01
5.875429368961915344e+01
5.910070385113292701e+01
5.944711401264670059e+01
5.979352417416047416e+01
6.013993433567424773e+01
6.048634449718802131e+01
6.083275465870179488e+01
6.117916482021556845e+01
6.152557498172934203e+01
6.187198514324311560e+01
6.221839530475688917e+01
6.256480546627066275e+01
6.291121562778443632e+01
6.325762578929820990e+01
6.360403595081198347e+01
6.395044611232575704e+01
6.429685627383953772e+01
6.464326643535331129e+01
6.498967659686708487e+01
6.533608675838085844e+01
6.568249691989463201e+01
6.602890708140840559e+01
6.637531724292217916e+01
6.672172740443595274e+01
6.706813756594972631e+01
6.741454772746349988e+01
6.776095788897727346e+01
6.810736805049104703e+01
6.845377821200482060e+01
6.880018837351859418e+01
6.914659853503236775e+01
6.949300869654614132e+01
6.983941885805991490e+01
7.018582901957368847e+01
7.053223918108746204e+01
7.087864934260123562e+01
7.122505950411500919e+01
7.157146966562878276e+01
7.191787982714255634e+01
7.226428998865632991e+01
7.261070015017010348e+01
7.295711031168387706e+01
7.330352047319765063e+01
7.364993063471142420e+01
7.399634079622519778e+01
7.434275095773897135e+01
7.468916111925274492e+01
7.503557128076651850e+01
7.538198144228029207e+01
7.572839160379406565e+01
7.607480176530783922e+01
7.642121192682161279e+01
7.676762208833538637e+01
7.711403224984915994e+01
7.746044241136293351e+01
7.780685257287670709e+01
7.815326273439048066e+01
7.849967289590425423e+01
7.884608305741802781e+01
7.919249321893180138e+01
7.953890338044557495e+01
7.988531354195934853e+01
8.023172370347312210e+01
8.057813386498689567e+01
8.092454402650066925e+01
8.127095418801444282e+01
8.161736434952821639e+01
8.196377451104198997e+01
8.231018467255576354e+01
8.265659483406953711e+01
8.300300499558331069e+01
8.334941515709708426e+01
8.369582531861085783e+01
8.404223548012463141e+01
8.438864564163840498e+01
8.473505580315217856e+01
8.508146596466595213e+01
8.542787612617972570e+01
8.577428628769349928e+01
8.612069644920727285e+01
8.646710661072104642e+01
8.681351677223482000e+01
8.715992693374859357e+01
8.750633709526236714e+01
8.785274725677614072e+01
8.819915741828991429e+01
8.854556757980368786e+01
8.889197774131746144e+01
8.923838790283123501e+01
8.958479806434500858e+01
8.993120822585878216e+01
9.027761838737255573e+01
9.062402854888632930e+01
9.097043871040010288e+01
9.131684887191387645e+01
9.166325903342765002e+01
9.200966919494142360e+01
9.235607935645519717e+01
9.270248951796897074e+01
9.304889967948274432e+01
9.339530984099651789e+01
9.374172000251029147e+01
9.408813016402406504e+01
9.443454032553783861e+01
9.478095048705161219e+01
9.512736064856538576e+01
9.547377081007915933e+01
9.582018097159293291e+01
9.616659113310670648e+01
9.651300129462048005e+01
9.685941145613425363e+01
9.720582161764802720e+01
9.755223177916180077e+01
9.789864194067557435e+01
9.824505210218934792e+01
9.859146226370312149e+01
9.893787242521689507e+01
9.928428258673066864e+01
9.963069274824444221e+01
9.997710290975821579e+01
1.000000000000000000e+02
