-1.000000000000000000e+02
-9.990300854306440215e+01
-9.965805956878608640e+01
-9.941311059450777066e+01
-9.916816162022945491e+01
-9.892321264595113917e+01
-9.867826367167282342e+01
-9.843331469739450768e+01
-9.818836572311619193e+01
-9.794341674883787618e+01
-9.769846777455956044e+01
-9.745351880028124469e+01
-9.720856982600292895e+01
-9.696362085172461320e+01
-9.671867187744629746e+01
-9.647372290316798171e+01
-9.622877392888966597e+01
-9.598382495461135022e+01
-9.573887598033303448e+01
-9.549392700605471873e+01
-9.524897803177640299e+01
-9.500402905749808724e+01
-9.475908008321977150e+01
-9.451413110894145575e+01
-9.426918213466314000e+01
-9.402423316038482426e+01
-9.377928418610650851e+01
-9.353433521182819277e+01
-9.328938623754987702e+01
-9.304443726327156128e+01
-9.279948828899324553e+01
-9.255453931471492979e+01
-9.230959034043661404e+01
-9.206464136615829830e+01
-9.181969239187998255e+01
-9.157474341760166681e+01
-9.132979444332335106e+01
-9.108484546904503532e+01
-9.083989649476671957e+01
-9.059494752048840382e+01
-9.034999854621008808e+01
-9.010504957193177233e+01
-8.986010059765345659e+01
-8.961515162337514084e+01
-8.937020264909682510e+01
-8.912525367481850935e+01
-8.888030470054019361e+01
-8.863535572626187786e+01
-8.839040675198356212e+01
-8.814545777770524637e+01
-8.790050880342693063e+01
-8.765555982914861488e+01
-8.741061085487029914e+01
-8.716566188059198339e+01
-8.692071290631366765e+01
-8.667576393203535190e+01
-8.643081495775703615e+01
-8.618586598347872041e+01
-8.594091700920040466e+01
-8.569596803492208892e+01
-8.545101906064377317e+01
-8.520607008636545743e+01
-8.496112111208714168e+01
-8.471617213780882594e+01
-8.447122316353051019e+01
-8.422627418925219445e+01
-8.398132521497387870e+01
-8.373637624069556296e+01
-8.349142726641724721e+01
-8.324647829213893147e+01
-8.300152931786061572e+01
-8.275658034358229997e+01
-8.251163136930398423e+01
-8.226668239502566848e+01
-8.202173342074735274e+01
-8.177678444646903699e+01
-8.153183547219072125e+01
-8.128688649791240550e+01
-8.104193752363408976e+01
-8.079698854935577401e+01
-8.055203957507745827e+01
-8.030709060079914252e+01
-8.006214162652082678e+01
-7.981719265224251103e+01
-7.957224367796419529e+01
-7.932729470368587954e+01
-7.908234572940756379e+01
-7.883739675512924805e+01
-7.859244778085093230e+01
-7.834749880657261656e+01
-7.810254983229430081e+01
-7.785760085801598507e+01
-7.761265188373766932e+01
-7.736770290945935358e+01
-7.712275393518103783e+01
-7.687780496090272209e+01
-7.663285598662440634e+01
-7.638790701234609060e+01
-7.614295803806777485e+01
-7.589800906378945911e+01
-7.565306008951114336e+01
-7.540811111523282761e+01
-7.516316214095451187e+01
-7.491821316667619612e+01
-7.467326419239788038e+01
-7.442831521811956463e+01
-7.418336624384124889e+01
-7.393841726956293314e+01
-7.369346829528461740e+01
-7.344851932100630165e+01
-7.320357034672798591e+01
-7.295862137244967016e+01
-7.271367239817135442e+01
-7.246872342389303867e+01
-7.222377444961472293e+01
-7.197882547533640718e+01
-7.173387650105809143e+01
-7.148892752677977569e+01
-7.124397855250145994e+01
-7.099902957822314420e+01
-7.075408060394482845e+01
-7.050913162966651271e+01
-7.026418265538819696e+01
-7.001923368110988122e+01
-6.977428470683156547e+01
-6.952933573255324973e+01
-6.928438675827493398e+01
-6.903943778399661824e+01
-6.879448880971830249e+01
-6.854953983543998675e+01
-6.830459086116167100e+01
-6.805964188688335526e+01
-6.781469291260503951e+01
-6.756974393832672376e+01
-6.732479496404840802e+01
-6.707984598977009227e+01
-6.683489701549177653e+01
-6.658994804121346078e+01
-6.634499906693514504e+01
-6.610005009265682929e+01
-6.585510111837851355e+01
-6.561015214410019780e+01
-6.536520316982188206e+01
-6.512025419554356631e+01
-6.487530522126525057e+01
-6.463035624698693482e+01
-6.438540727270861908e+01
-6.414045829843030333e+01
-6.389550932415198758e+01
-6.365056034987367184e+01
-6.340561137559535609e+01
-6.316066240131704035e+01
-6.291571342703872460e+01
-6.267076445276040886e+01
-6.242581547848209311e+01
-6.218086650420377737e+01
-6.193591752992546162e+01
-6.169096855564714588e+01
-6.144601958136883013e+01
-6.120107060709051439e+01
-6.095612163281219864e+01
-6.071117265853388290e+01
-6.046622368425556715e+01
-6.022127470997725140e+01
-5.997632573569893566e+01
-5.973137676142061991e+01
-5.948642778714230417e+01
-5.924147881286398842e+01
-5.899652983858567268e+01
-5.875158086430735693e+01
-5.850663189002904119e+01
-5.826168291575072544e+01
-5.801673394147240970e+01
-5.777178496719409395e+01
-5.752683599291577821e+01
-5.728188701863746246e+01
-5.703693804435914672e+01
-5.679198907008083097e+01
-5.654704009580251522e+01
-5.630209112152419948e+01
-5.605714214724588373e+01
-5.581219317296756799e+01
-5.556724419868925224e+01
-5.532229522441093650e+01
-5.507734625013262075e+01
-5.483239727585430501e+01
-5.458744830157598926e+01
-5.434249932729767352e+01
-5.409755035301935777e+01
-5.385260137874104203e+01
-5.360765240446272628e+01
-5.336270343018441054e+01
-5.311775445590609479e+01
-5.287280548162777905e+01
-5.262785650734946330e+01
-5.238290753307114755e+01
-5.213795855879283181e+01
-5.189300958451451606e+01
-5.164806061023620032e+01
-5.140311163595788457e+01
-5.115816266167956883e+01
-5.091321368740125308e+01
-5.066826471312293734e+01
-5.042331573884462159e+01
-5.017836676456630585e+01
-4.993341779028799010e+01
-4.968846881600967436e+01
-4.944351984173135861e+01
-4.919857086745304287e+01
-4.895362189317472712e+01
-4.870867291889641137e+01
-4.846372394461809563e+01
-4.821877497033977988e+01
-4.797382599606146414e+01
-4.772887702178314839e+01
-4.748392804750483265e+01
-4.723897907322651690e+01
-4.699403009894820116e+01
-4.674908112466988541e+01
-4.650413215039156967e+01
-4.625918317611325392e+01
-4.601423420183493818e+01
-4.576928522755662243e+01
-4.552433625327830669e+01
-4.527938727899999094e+01
-4.503443830472167519e+01
-4.478948933044335945e+01
-4.454454035616504370e+01
-4.429959138188672796e+01
-4.405464240760841221e+01
-4.380969343333009647e+01
-4.356474445905178072e+01
-4.331979548477346498e+01
-4.307484651049514923e+01
-4.282989753621683349e+01
-4.258494856193851774e+01
-4.233999958766020200e+01
-4.209505061338188625e+01
-4.185010163910357051e+01
-4.160515266482525476e+01
-4.136020369054693901e+01
-4.111525471626862327e+01
-4.087030574199030752e+01
-4.062535676771199178e+01
-4.038040779343367603e+01
-4.013545881915536029e+01
-3.989050984487704454e+01
-3.964556087059872880e+01
-3.940061189632041305e+01
-3.915566292204209731e+01
-3.891071394776378156e+01
-3.866576497348546582e+01
-3.842081599920715007e+01
-3.817586702492883433e+01
-3.793091805065051858e+01
-3.768596907637220284e+01
-3.744102010209388709e+01
-3.719607112781557134e+01
-3.695112215353725560e+01
-3.670617317925893985e+01
-3.646122420498062411e+01
-3.621627523070230836e+01
-3.597132625642399262e+01
-3.572637728214567687e+01
-3.548142830786736113e+01
-3.523647933358904538e+01
-3.499153035931072964e+01
-3.474658138503241389e+01
-3.450163241075409815e+01
-3.425668343647578240e+01
-3.401173446219746666e+01
-3.376678548791915091e+01
-3.352183651364083516e+01
-3.327688753936251942e+01
-3.303193856508420367e+01
-3.278698959080588793e+01
-3.254204061652757218e+01
-3.229709164224925644e+01
-3.205214266797094069e+01
-3.180719369369262139e+01
-3.156224471941430210e+01
-3.131729574513598280e+01
-3.107234677085766350e+01
-3.082739779657934420e+01
-3.058244882230102490e+01
-3.033749984802270561e+01
-3.009255087374438631e+01
-2.984760189946606701e+01
-2.960265292518774771e+01
-2.935770395090942841e+01
-2.911275497663110912e+01
-2.886780600235278982e+01
-2.862285702807447052e+01
-2.837790805379615122e+01
-2.813295907951783192e+01
-2.788801010523951263e+01
-2.764306113096119333e+01
-2.739811215668287403e+01
-2.715316318240455473e+01
-2.690821420812623543e+01
-2.666326523384791614e+01
-2.641831625956959684e+01
-2.617336728529127754e+01
-2.592841831101295824e+01
-2.568346933673463894e+01
-2.543852036245631965e+01
-2.519357138817800035e+01
-2.494862241389968105e+01
-2.470367343962136175e+01
-2.445872446534304245e+01
-2.421377549106472316e+01
-2.396882651678640386e+01
-2.372387754250808456e+01
-2.347892856822976526e+01
-2.323397959395144596e+01
-2.298903061967312667e+01
-2.274408164539480737e+01
-2.249913267111648807e+01
-2.225418369683816877e+01
-2.200923472255984947e+01
-2.176428574828153018e+01
-2.151933677400321088e+01
-2.127438779972489158e+01
-2.102943882544657228e+01
-2.078448985116825298e+01
-2.053954087688993368e+01
-2.029459190261161439e+01
-2.004964292833329509e+01
-1.980469395405497579e+01
-1.955974497977665649e+01
-1.931479600549833719e+01
-1.906984703122001790e+01
-1.882489805694169860e+01
-1.857994908266337930e+01
-1.833500010838506000e+01
-1.809005113410674070e+01
-1.784510215982842141e+01
-1.760015318555010211e+01
-1.735520421127178281e+01
-1.711025523699346351e+01
-1.686530626271514421e+01
-1.662035728843682492e+01
-1.637540831415850562e+01
-1.613045933988018632e+01
-1.588551036560186880e+01
-1.564056139132355128e+01
-1.539561241704523376e+01
-1.515066344276691623e+01
-1.490571446848859871e+01
-1.466076549421028119e+01
-1.441581651993196367e+01
-1.417086754565364615e+01
-1.392591857137532863e+01
-1.368096959709701110e+01
-1.343602062281869358e+01
-1.319107164854037606e+01
-1.294612267426205854e+01
-1.270117369998374102e+01
-1.245622472570542350e+01
-1.221127575142710597e+01
-1.196632677714878845e+01
-1.172137780287047093e+01
-1.147642882859215341e+01
-1.123147985431383589e+01
-1.098653088003551836e+01
-1.074158190575720084e+01
-1.049663293147888332e+01
-1.025168395720056580e+01
-1.000673498292224828e+01
-9.761786008643930757e+00
-9.516837034365613235e+00
-9.271888060087295713e+00
-9.026939085808978191e+00
-8.781990111530660670e+00
-8.537041137252343148e+00
-8.292092162974025626e+00
-8.047143188695708105e+00
-7.802194214417390583e+00
-7.557245240139073061e+00
-7.312296265860755540e+00
-7.067347291582438018e+00
-6.822398317304120496e+00
-6.577449343025802975e+00
-6.332500368747485453e+00
-6.087551394469167931e+00
-5.842602420190850410e+00
-5.597653445912532888e+00
-5.352704471634215366e+00
-5.107755497355897845e+00
-4.862806523077580323e+00
-4.617857548799262801e+00
-4.372908574520945280e+00
-4.127959600242627758e+00
-3.883010625964309792e+00
-3.638061651685991826e+00
-3.393112677407673861e+00
-3.148163703129355895e+00
-2.903214728851037929e+00
-2.658265754572719963e+00
-2.413316780294401998e+00
-2.168367806016084032e+00
-1.923418831737766288e+00
-1.678469857459448544e+00
-1.433520883181130801e+00
-1.188571908902813057e+00
-9.436229346244953131e-01
-6.986739603461775694e-01
-4.537249860678597702e-01
-2.087760117895419709e-01
3.617296248877582832e-02
2.811219367670936276e-01
5.260709110454113713e-01
7.710198853237291150e-01
1.015968859602046859e+00
1.260917833880364602e+00
1.505866808158682346e+00
1.750815782437000090e+00
1.995764756715317834e+00
2.240713730993635799e+00
2.485662705271953765e+00
2.730611679550271731e+00
2.975560653828589697e+00
3.220509628106907662e+00
3.465458602385225628e+00
3.710407576663543594e+00
3.955356550941861560e+00
4.200305525220179526e+00
4.445254499498497047e+00
4.690203473776814569e+00
4.935152448055132091e+00
5.180101422333449612e+00
5.425050396611767134e+00
5.669999370890084656e+00
5.914948345168402177e+00
6.159897319446719699e+00
6.404846293725037221e+00
6.649795268003354742e+00
6.894744242281672264e+00
7.139693216559989786e+00
7.384642190838307307e+00
7.629591165116624829e+00
7.874540139394942351e+00
8.119489113673260761e+00
8.364438087951578282e+00
8.609387062229895804e+00
8.854336036508213326e+00
9.099285010786530847e+00
9.344233985064848369e+00
9.589182959343165891e+00
9.834131933621483412e+00
1.007908090789980093e+01
1.032402988217811846e+01
1.056897885645643598e+01
1.081392783073475350e+01
1.105887680501307102e+01
1.130382577929138854e+01
1.154877475356970606e+01
1.179372372784802359e+01
1.203867270212634111e+01
1.228362167640465863e+01
1.252857065068297615e+01
1.277351962496129367e+01
1.301846859923961119e+01
1.326341757351792872e+01
1.350836654779624624e+01
1.375331552207456376e+01
1.399826449635288128e+01
1.424321347063119880e+01
1.448816244490951632e+01
1.473311141918783385e+01
1.497806039346615137e+01
1.522300936774446889e+01
1.546795834202278641e+01
1.571290731630110393e+01
1.595785629057942145e+01
1.620280526485774075e+01
1.644775423913606005e+01
1.669270321341437935e+01
1.693765218769269865e+01
1.718260116197101794e+01
1.742755013624933724e+01
1.767249911052765654e+01
1.791744808480597584e+01
1.816239705908429514e+01
1.840734603336261443e+01
1.865229500764093373e+01
1.889724398191925303e+01
1.914219295619757233e+01
1.938714193047589163e+01
1.963209090475421092e+01
1.987703987903253022e+01
2.012198885331084952e+01
2.036693782758916882e+01
2.061188680186748812e+01
2.085683577614580742e+01
2.110178475042412671e+01
2.134673372470244601e+01
2.159168269898076531e+01
2.183663167325908461e+01
2.208158064753740391e+01
2.232652962181572320e+01
2.257147859609404250e+01
2.281642757037236180e+01
2.306137654465068110e+01
2.330632551892900040e+01
2.355127449320731969e+01
2.379622346748563899e+01
2.404117244176395829e+01
2.428612141604227759e+01
2.453107039032059689e+01
2.477601936459891618e+01
2.502096833887723548e+01
2.526591731315555478e+01
2.551086628743387408e+01
2.575581526171219338e+01
2.600076423599051267e+01
2.624571321026883197e+01
2.649066218454715127e+01
2.673561115882547057e+01
2.698056013310378987e+01
2.722550910738210916e+01
2.747045808166042846e+01
2.771540705593874776e+01
2.796035603021706706e+01
2.820530500449538636e+01
2.845025397877370565e+01
2.869520295305202495e+01
2.894015192733034425e+01
2.918510090160866355e+01
2.943004987588698285e+01
2.967499885016530214e+01
2.991994782444362144e+01
3.016489679872194074e+01
3.040984577300026004e+01
3.065479474727857934e+01
3.089974372155689863e+01
3.114469269583521793e+01
3.138964167011353723e+01
3.163459064439185653e+01
3.187953961867017583e+01
3.212448859294849512e+01
3.236943756722681087e+01
3.261438654150512662e+01
3.285933551578344236e+01
3.310428449006175811e+01
3.334923346434007385e+01
3.359418243861838960e+01
3.383913141289670534e+01
3.408408038717502109e+01
3.432902936145333683e+01
3.457397833573165258e+01
3.481892731000996832e+01
3.506387628428828407e+01
3.530882525856659981e+01
3.555377423284491556e+01
3.579872320712323130e+01
3.604367218140154705e+01
3.628862115567986280e+01
3.653357012995817854e+01
3.677851910423649429e+01
3.702346807851481003e+01
3.726841705279312578e+01
3.751336602707144152e+01
3.775831500134975727e+01
3.800326397562807301e+01
3.824821294990638876e+01
3.849316192418470450e+01
3.873811089846302025e+01
3.898305987274133599e+01
3.922800884701965174e+01
3.947295782129796748e+01
3.971790679557628323e+01
3.996285576985459898e+01
4.020780474413291472e+01
4.045275371841123047e+01
4.069770269268954621e+01
4.094265166696786196e+01
4.118760064124617770e+01
4.143254961552449345e+01
4.167749858980280919e+01
4.192244756408112494e+01
4.216739653835944068e+01
4.241234551263775643e+01
4.265729448691607217e+01
4.290224346119438792e+01
4.314719243547270366e+01
4.339214140975101941e+01
4.363709038402933515e+01
4.388203935830765090e+01
4.412698833258596665e+01
4.437193730686428239e+01
4.461688628114259814e+01
4.486183525542091388e+01
4.510678422969922963e+01
4.535173320397754537e+01
4.559668217825586112e+01
4.584163115253417686e+01
4.608658012681249261e+01
4.633152910109080835e+01
4.657647807536912410e+01
4.682142704964743984e+01
4.706637602392575559e+01
4.731132499820407133e+01
4.755627397248238708e+01
4.780122294676070283e+01
4.804617192103901857e+01
4.829112089531733432e+01
4.853606986959565006e+01
4.878101884387396581e+01
4.902596781815228155e+01
4.927091679243059730e+01
4.951586576670891304e+01
4.976081474098722879e+01
5.000576371526554453e+01
5.025071268954386028e+01
5.049566166382217602e+01
5.074061063810049177e+01
5.098555961237880751e+01
5.123050858665712326e+01
5.147545756093543901e+01
5.172040653521375475e+01
5.196535550949207050e+01
5.221030448377038624e+01
5.245525345804870199e+01
5.270020243232701773e+01
5.294515140660533348e+01
5.319010038088364922e+01
5.343504935516196497e+01
5.367999832944028071e+01
5.392494730371859646e+01
5.416989627799691220e+01
5.441484525227522795e+01
5.465979422655354369e+01
5.490474320083185944e+01
5.514969217511017519e+01
5.539464114938849093e+01
5.563959012366680668e+01
5.588453909794512242e+01
5.612948807222343817e+01
5.637443704650175391e+01
5.661938602078006966e+01
5.686433499505838540e+01
5.710928396933670115e+01
5.735423294361501689e+01
5.759918191789333264e+01
5.784413089217164838e+01
5.808907986644996413e+01
5.833402884072827987e+01
5.857897781500659562e+01
5.882392678928491137e+01
5.906887576356322711e+01
5.931382473784154286e+01
5.955877371211985860e+01
5.980372268639817435e+01
6.004867166067649009e+01
6.029362063495480584e+01
6.053856960923312158e+01
6.078351858351143733e+01
6.102846755778975307e+01
6.127341653206806882e+01
6.151836550634638456e+01
6.176331448062470031e+01
6.200826345490301605e+01
6.225321242918133180e+01
6.249816140345964754e+01
6.274311037773796329e+01
6.298805935201627904e+01
6.323300832629459478e+01
6.347795730057291053e+01
6.372290627485122627e+01
6.396785524912954202e+01
6.421280422340785776e+01
6.445775319768617351e+01
6.470270217196448925e+01
6.494765114624280500e+01
6.519260012052112074e+01
6.543754909479943649e+01
6.568249806907775223e+01
6.592744704335606798e+01
6.617239601763438372e+01
6.641734499191269947e+01
6.666229396619101522e+01
6.690724294046933096e+01
6.715219191474764671e+01
6.739714088902596245e+01
6.764208986330427820e+01
6.788703883758259394e+01
6.813198781186090969e+01
6.837693678613922543e+01
6.862188576041754118e+01
6.886683473469585692e+01
6.911178370897417267e+01
6.935673268325248841e+01
6.960168165753080416e+01
6.984663063180911990e+01
7.009157960608743565e+01
7.033652858036575140e+01
7.058147755464406714e+01
7.082642652892238289e+01
7.107137550320069863e+01
7.131632447747901438e+01
7.156127345175733012e+01
7.180622242603564587e+01
7.205117140031396161e+01
7.229612037459227736e+01
7.254106934887059310e+01
7.278601832314890885e+01
7.303096729742722459e+01
7.327591627170554034e+01
7.352086524598385608e+01
7.376581422026217183e+01
7.401076319454048758e+01
7.425571216881880332e+01
7.450066114309711907e+01
7.474561011737543481e+01
7.499055909165375056e+01
7.523550806593206630e+01
7.548045704021038205e+01
7.572540601448869779e+01
7.597035498876701354e+01
7.621530396304532928e+01
7.646025293732364503e+01
7.670520191160196077e+01
7.695015088588027652e+01
7.719509986015859226e+01
7.744004883443690801e+01
7.768499780871522375e+01
7.792994678299353950e+01
7.817489575727185525e+01
7.841984473155017099e+01
7.866479370582848674e+01
7.890974268010680248e+01
7.915469165438511823e+01
7.939964062866343397e+01
7.964458960294174972e+01
7.988953857722006546e+01
8.013448755149838121e+01
8.037943652577669695e+01
8.062438550005501270e+01
8.086933447433332844e+01
8.111428344861164419e+01
8.135923242288995993e+01
8.160418139716827568e+01
8.184913037144659143e+01
8.209407934572490717e+01
8.233902832000322292e+01
8.258397729428153866e+01
8.282892626855985441e+01
8.307387524283817015e+01
8.331882421711648590e+01
8.356377319139480164e+01
8.380872216567311739e+01
8.405367113995143313e+01
8.429862011422974888e+01
8.454356908850806462e+01
8.478851806278638037e+01
8.503346703706469611e+01
8.527841601134301186e+01
8.552336498562132761e+01
8.576831395989964335e+01
8.601326293417795910e+01
8.625821190845627484e+01
8.650316088273459059e+01
8.674810985701290633e+01
8.699305883129122208e+01
8.723800780556953782e+01
8.748295677984785357e+01
8.772790575412616931e+01
8.797285472840448506e+01
8.821780370268280080e+01
8.846275267696111655e+01
8.870770165123943229e+01
8.895265062551774804e+01
8.919759959979606379e+01
8.944254857407437953e+01
8.968749754835269528e+01
8.993244652263101102e+01
9.017739549690932677e+01
9.042234447118764251e+01
9.066729344546595826e+01
9.091224241974427400e+01
9.115719139402258975e+01
9.140214036830090549e+01
9.164708934257922124e+01
9.189203831685753698e+01
9.213698729113585273e+01
9.238193626541416847e+01
9.262688523969248422e+01
9.287183421397079996e+01
9.311678318824911571e+01
9.336173216252743146e+01
9.360668113680574720e+01
9.385163011108406295e+01
9.409657908536237869e+01
9.434152805964069444e+01
9.458647703391901018e+01
9.483142600819732593e+01
9.507637498247564167e+01
9.532132395675395742e+01
9.556627293103227316e+01
9.581122190531058891e+01
9.605617087958890465e+01
9.630111985386722040e+01
9.654606882814553614e+01
9.679101780242385189e+01
9.703596677670216764e+01
9.728091575098048338e+01
9.752586472525879913e+01
9.777081369953711487e+01
9.801576267381543062e+01
9.826071164809374636e+01
9.850566062237206211e+01
9.875060959665037785e+01
9.899555857092869360e+01
9.924050754520700934e+01
9.948545651948532509e+01
9.973040549376364083e+01
9.997535446804195658e+01
1.000000000000000000e+02
