-5.000000000000000000e+02
-4.999020574753628239e+02
-4.996020574753628125e+02
-4.993020574753628011e+02
-4.990020574753627898e+02
-4.987020574753627784e+02
-4.984020574753627670e+02
-4.981020574753627557e+02
-4.978020574753627443e+02
-4.975020574753627329e+02
-4.972020574753627216e+02
-4.969020574753627102e+02
-4.966020574753626988e+02
-4.963020574753626875e+02
-4.960020574753626761e+02
-4.957020574753626647e+02
-4.954020574753626533e+02
-4.951020574753626420e+02
-4.948020574753626306e+02
-4.945020574753626192e+02
-4.942020574753626079e+02
-4.939020574753625965e+02
-4.936020574753625851e+02
-4.933020574753625738e+02
-4.930020574753625624e+02
-4.927020574753625510e+02
-4.924020574753625397e+02
-4.921020574753625283e+02
-4.918020574753625169e+02
-4.915020574753625056e+02
-4.912020574753624942e+02
-4.909020574753624828e+02
-4.906020574753624715e+02
-4.903020574753624601e+02
-4.900020574753624487e+02
-4.897020574753624373e+02
-4.894020574753624260e+02
-4.891020574753624146e+02
-4.888020574753624032e+02
-4.885020574753623919e+02
-4.882020574753623805e+02
-4.879020574753623691e+02
-4.876020574753623578e+02
-4.873020574753623464e+02
-4.870020574753623350e+02
-4.867020574753623237e+02
-4.864020574753623123e+02
-4.861020574753623009e+02
-4.858020574753622896e+02
-4.855020574753622782e+02
-4.852020574753622668e+02
-4.849020574753622554e+02
-4.846020574753622441e+02
-4.843020574753622327e+02
-4.840020574753622213e+02
-4.837020574753622100e+02
-4.834020574753621986e+02
-4.831020574753621872e+02
-4.828020574753621759e+02
-4.825020574753621645e+02
-4.822020574753621531e+02
-4.819020574753621418e+02
-4.816020574753621304e+02
-4.813020574753621190e+02
-4.810020574753621077e+02
-4.807020574753620963e+02
-4.804020574753620849e+02
-4.801020574753620735e+02
-4.798020574753620622e+02
-4.795020574753620508e+02
-4.792020574753620394e+02
-4.789020574753620281e+02
-4.786020574753620167e+02
-4.783020574753620053e+02
-4.780020574753619940e+02
-4.777020574753619826e+02
-4.774020574753619712e+02
-4.771020574753619599e+02
-4.768020574753619485e+02
-4.765020574753619371e+02
-4.762020574753619258e+02
-4.759020574753619144e+02
-4.756020574753619030e+02
-4.753020574753618916e+02
-4.750020574753618803e+02
-4.747020574753618689e+02
-4.744020574753618575e+02
-4.741020574753618462e+02
-4.738020574753618348e+02
-4.735020574753618234e+02
-4.732020574753618121e+02
-4.729020574753618007e+02
-4.726020574753617893e+02
-4.723020574753617780e+02
-4.720020574753617666e+02
-4.717020574753617552e+02
-4.714020574753617439e+02
-4.711020574753617325e+02
-4.708020574753617211e+02
-4.705020574753617097e+02
-4.702020574753616984e+02
-4.699020574753616870e+02
-4.696020574753616756e+02
-4.693020574753616643e+02
-4.690020574753616529e+02
-4.687020574753616415e+02
-4.684020574753616302e+02
-4.681020574753616188e+02
-4.678020574753616074e+02
-4.675020574753615961e+02
-4.672020574753615847e+02
-4.669020574753615733e+02
-4.666020574753615620e+02
-4.663020574753615506e+02
-4.660020574753615392e+02
-4.657020574753615278e+02
-4.654020574753615165e+02
-4.651020574753615051e+02
-4.648020574753614937e+02
-4.645020574753614824e+02
-4.642020574753614710e+02
-4.639020574753614596e+02
-4.636020574753614483e+02
-4.633020574753614369e+02
-4.630020574753614255e+02
-4.627020574753614142e+02
-4.624020574753614028e+02
-4.621020574753613914e+02
-4.618020574753613801e+02
-4.615020574753613687e+02
-4.612020574753613573e+02
-4.609020574753613460e+02
-4.606020574753613346e+02
-4.603020574753613232e+02
-4.600020574753613118e+02
-4.597020574753613005e+02
-4.594020574753612891e+02
-4.591020574753612777e+02
-4.588020574753612664e+02
-4.585020574753612550e+02
-4.582020574753612436e+02
-4.579020574753612323e+02
-4.576020574753612209e+02
-4.573020574753612095e+02
-4.570020574753611982e+02
-4.567020574753611868e+02
-4.564020574753611754e+02
-4.561020574753611641e+02
-4.558020574753611527e+02
-4.555020574753611413e+02
-4.552020574753611299e+02
-4.549020574753611186e+02
-4.546020574753611072e+02
-4.543020574753610958e+02
-4.540020574753610845e+02
-4.537020574753610731e+02
-4.534020574753610617e+02
-4.531020574753610504e+02
-4.528020574753610390e+02
-4.525020574753610276e+02
-4.522020574753610163e+02
-4.519020574753610049e+02
-4.516020574753609935e+02
-4.513020574753609822e+02
-4.510020574753609708e+02
-4.507020574753609594e+02
-4.504020574753609480e+02
-4.501020574753609367e+02
-4.498020574753609253e+02
-4.495020574753609139e+02
-4.492020574753609026e+02
-4.489020574753608912e+02
-4.486020574753608798e+02
-4.483020574753608685e+02
-4.480020574753608571e+02
-4.477020574753608457e+02
-4.474020574753608344e+02
-4.471020574753608230e+02
-4.468020574753608116e+02
-4.465020574753608003e+02
-4.462020574753607889e+02
-4.459020574753607775e+02
-4.456020574753607661e+02
-4.453020574753607548e+02
-4.450020574753607434e+02
-4.447020574753607320e+02
-4.444020574753607207e+02
-4.441020574753607093e+02
-4.438020574753606979e+02
-4.435020574753606866e+02
-4.432020574753606752e+02
-4.429020574753606638e+02
-4.426020574753606525e+02
-4.423020574753606411e+02
-4.420020574753606297e+02
-4.417020574753606184e+02
-4.414020574753606070e+02
-4.411020574753605956e+02
-4.408020574753605842e+02
-4.405020574753605729e+02
-4.402020574753605615e+02
-4.399020574753605501e+02
-4.396020574753605388e+02
-4.393020574753605274e+02
-4.390020574753605160e+02
-4.387020574753605047e+02
-4.384020574753604933e+02
-4.381020574753604819e+02
-4.378020574753604706e+02
-4.375020574753604592e+02
-4.372020574753604478e+02
-4.369020574753604365e+02
-4.366020574753604251e+02
-4.363020574753604137e+02
-4.360020574753604023e+02
-4.357020574753603910e+02
-4.354020574753603796e+02
-4.351020574753603682e+02
-4.348020574753603569e+02
-4.345020574753603455e+02
-4.342020574753603341e+02
-4.339020574753603228e+02
-4.336020574753603114e+02
-4.333020574753603000e+02
-4.330020574753602887e+02
-4.327020574753602773e+02
-4.324020574753602659e+02
-4.321020574753602546e+02
-4.318020574753602432e+02
-4.315020574753602318e+02
-4.312020574753602205e+02
-4.309020574753602091e+02
-4.306020574753601977e+02
-4.303020574753601863e+02
-4.300020574753601750e+02
-4.297020574753601636e+02
-4.294020574753601522e+02
-4.291020574753601409e+02
-4.288020574753601295e+02
-4.285020574753601181e+02
-4.282020574753601068e+02
-4.279020574753600954e+02
-4.276020574753600840e+02
-4.273020574753600727e+02
-4.270020574753600613e+02
-4.267020574753600499e+02
-4.264020574753600386e+02
-4.261020574753600272e+02
-4.258020574753600158e+02
-4.255020574753600044e+02
-4.252020574753599931e+02
-4.249020574753599817e+02
-4.246020574753599703e+02
-4.243020574753599590e+02
-4.240020574753599476e+02
-4.237020574753599362e+02
-4.234020574753599249e+02
-4.231020574753599135e+02
-4.228020574753599021e+02
-4.225020574753598908e+02
-4.222020574753598794e+02
-4.219020574753598680e+02
-4.216020574753598567e+02
-4.213020574753598453e+02
-4.210020574753598339e+02
-4.207020574753598225e+02
-4.204020574753598112e+02
-4.201020574753597998e+02
-4.198020574753597884e+02
-4.195020574753597771e+02
-4.192020574753597657e+02
-4.189020574753597543e+02
-4.186020574753597430e+02
-4.183020574753597316e+02
-4.180020574753597202e+02
-4.177020574753597089e+02
-4.174020574753596975e+02
-4.171020574753596861e+02
-4.168020574753596748e+02
-4.165020574753596634e+02
-4.162020574753596520e+02
-4.159020574753596406e+02
-4.156020574753596293e+02
-4.153020574753596179e+02
-4.150020574753596065e+02
-4.147020574753595952e+02
-4.144020574753595838e+02
-4.141020574753595724e+02
-4.138020574753595611e+02
-4.135020574753595497e+02
-4.132020574753595383e+02
-4.129020574753595270e+02
-4.126020574753595156e+02
-4.123020574753595042e+02
-4.120020574753594929e+02
-4.117020574753594815e+02
-4.114020574753594701e+02
-4.111020574753594587e+02
-4.108020574753594474e+02
-4.105020574753594360e+02
-4.102020574753594246e+02
-4.099020574753594133e+02
-4.096020574753594019e+02
-4.093020574753593905e+02
-4.090020574753593792e+02
-4.087020574753593678e+02
-4.084020574753593564e+02
-4.081020574753593451e+02
-4.078020574753593337e+02
-4.075020574753593223e+02
-4.072020574753593110e+02
-4.069020574753592996e+02
-4.066020574753592882e+02
-4.063020574753592769e+02
-4.060020574753592655e+02
-4.057020574753592541e+02
-4.054020574753592427e+02
-4.051020574753592314e+02
-4.048020574753592200e+02
-4.045020574753592086e+02
-4.042020574753591973e+02
-4.039020574753591859e+02
-4.036020574753591745e+02
-4.033020574753591632e+02
-4.030020574753591518e+02
-4.027020574753591404e+02
-4.024020574753591291e+02
-4.021020574753591177e+02
-4.018020574753591063e+02
-4.015020574753590950e+02
-4.012020574753590836e+02
-4.009020574753590722e+02
-4.006020574753590608e+02
-4.003020574753590495e+02
-4.000020574753590381e+02
-3.997020574753590267e+02
-3.994020574753590154e+02
-3.991020574753590040e+02
-3.988020574753589926e+02
-3.985020574753589813e+02
-3.982020574753589699e+02
-3.979020574753589585e+02
-3.976020574753589472e+02
-3.973020574753589358e+02
-3.970020574753589244e+02
-3.967020574753589131e+02
-3.964020574753589017e+02
-3.961020574753588903e+02
-3.958020574753588789e+02
-3.955020574753588676e+02
-3.952020574753588562e+02
-3.949020574753588448e+02
-3.946020574753588335e+02
-3.943020574753588221e+02
-3.940020574753588107e+02
-3.937020574753587994e+02
-3.934020574753587880e+02
-3.931020574753587766e+02
-3.928020574753587653e+02
-3.925020574753587539e+02
-3.922020574753587425e+02
-3.919020574753587312e+02
-3.916020574753587198e+02
-3.913020574753587084e+02
-3.910020574753586970e+02
-3.907020574753586857e+02
-3.904020574753586743e+02
-3.901020574753586629e+02
-3.898020574753586516e+02
-3.895020574753586402e+02
-3.892020574753586288e+02
-3.889020574753586175e+02
-3.886020574753586061e+02
-3.883020574753585947e+02
-3.880020574753585834e+02
-3.877020574753585720e+02
-3.874020574753585606e+02
-3.871020574753585493e+02
-3.868020574753585379e+02
-3.865020574753585265e+02
-3.862020574753585151e+02
-3.859020574753585038e+02
-3.856020574753584924e+02
-3.853020574753584810e+02
-3.850020574753584697e+02
-3.847020574753584583e+02
-3.844020574753584469e+02
-3.841020574753584356e+02
-3.838020574753584242e+02
-3.835020574753584128e+02
-3.832020574753584015e+02
-3.829020574753583901e+02
-3.826020574753583787e+02
-3.823020574753583674e+02
-3.820020574753583560e+02
-3.817020574753583446e+02
-3.814020574753583332e+02
-3.811020574753583219e+02
-3.808020574753583105e+02
-3.805020574753582991e+02
-3.802020574753582878e+02
-3.799020574753582764e+02
-3.796020574753582650e+02
-3.793020574753582537e+02
-3.790020574753582423e+02
-3.787020574753582309e+02
-3.784020574753582196e+02
-3.781020574753582082e+02
-3.778020574753581968e+02
-3.775020574753581855e+02
-3.772020574753581741e+02
-3.769020574753581627e+02
-3.766020574753581514e+02
-3.763020574753581400e+02
-3.760020574753581286e+02
-3.757020574753581172e+02
-3.754020574753581059e+02
-3.751020574753580945e+02
-3.748020574753580831e+02
-3.745020574753580718e+02
-3.742020574753580604e+02
-3.739020574753580490e+02
-3.736020574753580377e+02
-3.733020574753580263e+02
-3.730020574753580149e+02
-3.727020574753580036e+02
-3.724020574753579922e+02
-3.721020574753579808e+02
-3.718020574753579695e+02
-3.715020574753579581e+02
-3.712020574753579467e+02
-3.709020574753579353e+02
-3.706020574753579240e+02
-3.703020574753579126e+02
-3.700020574753579012e+02
-3.697020574753578899e+02
-3.694020574753578785e+02
-3.691020574753578671e+02
-3.688020574753578558e+02
-3.685020574753578444e+02
-3.682020574753578330e+02
-3.679020574753578217e+02
-3.676020574753578103e+02
-3.673020574753577989e+02
-3.670020574753577876e+02
-3.667020574753577762e+02
-3.664020574753577648e+02
-3.661020574753577534e+02
-3.658020574753577421e+02
-3.655020574753577307e+02
-3.652020574753577193e+02
-3.649020574753577080e+02
-3.646020574753576966e+02
-3.643020574753576852e+02
-3.640020574753576739e+02
-3.637020574753576625e+02
-3.634020574753576511e+02
-3.631020574753576398e+02
-3.628020574753576284e+02
-3.625020574753576170e+02
-3.622020574753576057e+02
-3.619020574753575943e+02
-3.616020574753575829e+02
-3.613020574753575715e+02
-3.610020574753575602e+02
-3.607020574753575488e+02
-3.604020574753575374e+02
-3.601020574753575261e+02
-3.598020574753575147e+02
-3.595020574753575033e+02
-3.592020574753574920e+02
-3.589020574753574806e+02
-3.586020574753574692e+02
-3.583020574753574579e+02
-3.580020574753574465e+02
-3.577020574753574351e+02
-3.574020574753574238e+02
-3.571020574753574124e+02
-3.568020574753574010e+02
-3.565020574753573896e+02
-3.562020574753573783e+02
-3.559020574753573669e+02
-3.556020574753573555e+02
-3.553020574753573442e+02
-3.550020574753573328e+02
-3.547020574753573214e+02
-3.544020574753573101e+02
-3.541020574753572987e+02
-3.538020574753572873e+02
-3.535020574753572760e+02
-3.532020574753572646e+02
-3.529020574753572532e+02
-3.526020574753572419e+02
-3.523020574753572305e+02
-3.520020574753572191e+02
-3.517020574753572077e+02
-3.514020574753571964e+02
-3.511020574753571850e+02
-3.508020574753571736e+02
-3.505020574753571623e+02
-3.502020574753571509e+02
-3.499020574753571395e+02
-3.496020574753571282e+02
-3.493020574753571168e+02
-3.490020574753571054e+02
-3.487020574753570941e+02
-3.484020574753570827e+02
-3.481020574753570713e+02
-3.478020574753570600e+02
-3.475020574753570486e+02
-3.472020574753570372e+02
-3.469020574753570259e+02
-3.466020574753570145e+02
-3.463020574753570031e+02
-3.460020574753569917e+02
-3.457020574753569804e+02
-3.454020574753569690e+02
-3.451020574753569576e+02
-3.448020574753569463e+02
-3.445020574753569349e+02
-3.442020574753569235e+02
-3.439020574753569122e+02
-3.436020574753569008e+02
-3.433020574753568894e+02
-3.430020574753568781e+02
-3.427020574753568667e+02
-3.424020574753568553e+02
-3.421020574753568440e+02
-3.418020574753568326e+02
-3.415020574753568212e+02
-3.412020574753568098e+02
-3.409020574753567985e+02
-3.406020574753567871e+02
-3.403020574753567757e+02
-3.400020574753567644e+02
-3.397020574753567530e+02
-3.394020574753567416e+02
-3.391020574753567303e+02
-3.388020574753567189e+02
-3.385020574753567075e+02
-3.382020574753566962e+02
-3.379020574753566848e+02
-3.376020574753566734e+02
-3.373020574753566621e+02
-3.370020574753566507e+02
-3.367020574753566393e+02
-3.364020574753566279e+02
-3.361020574753566166e+02
-3.358020574753566052e+02
-3.355020574753565938e+02
-3.352020574753565825e+02
-3.349020574753565711e+02
-3.346020574753565597e+02
-3.343020574753565484e+02
-3.340020574753565370e+02
-3.337020574753565256e+02
-3.334020574753565143e+02
-3.331020574753565029e+02
-3.328020574753564915e+02
-3.325020574753564802e+02
-3.322020574753564688e+02
-3.319020574753564574e+02
-3.316020574753564460e+02
-3.313020574753564347e+02
-3.310020574753564233e+02
-3.307020574753564119e+02
-3.304020574753564006e+02
-3.301020574753563892e+02
-3.298020574753563778e+02
-3.295020574753563665e+02
-3.292020574753563551e+02
-3.289020574753563437e+02
-3.286020574753563324e+02
-3.283020574753563210e+02
-3.280020574753563096e+02
-3.277020574753562983e+02
-3.274020574753562869e+02
-3.271020574753562755e+02
-3.268020574753562641e+02
-3.265020574753562528e+02
-3.262020574753562414e+02
-3.259020574753562300e+02
-3.256020574753562187e+02
-3.253020574753562073e+02
-3.250020574753561959e+02
-3.247020574753561846e+02
-3.244020574753561732e+02
-3.241020574753561618e+02
-3.238020574753561505e+02
-3.235020574753561391e+02
-3.232020574753561277e+02
-3.229020574753561164e+02
-3.226020574753561050e+02
-3.223020574753560936e+02
-3.220020574753560823e+02
-3.217020574753560709e+02
-3.214020574753560595e+02
-3.211020574753560481e+02
-3.208020574753560368e+02
-3.205020574753560254e+02
-3.202020574753560140e+02
-3.199020574753560027e+02
-3.196020574753559913e+02
-3.193020574753559799e+02
-3.190020574753559686e+02
-3.187020574753559572e+02
-3.184020574753559458e+02
-3.181020574753559345e+02
-3.178020574753559231e+02
-3.175020574753559117e+02
-3.172020574753559004e+02
-3.169020574753558890e+02
-3.166020574753558776e+02
-3.163020574753558662e+02
-3.160020574753558549e+02
-3.157020574753558435e+02
-3.154020574753558321e+02
-3.151020574753558208e+02
-3.148020574753558094e+02
-3.145020574753557980e+02
-3.142020574753557867e+02
-3.139020574753557753e+02
-3.136020574753557639e+02
-3.133020574753557526e+02
-3.130020574753557412e+02
-3.127020574753557298e+02
-3.124020574753557185e+02
-3.121020574753557071e+02
-3.118020574753556957e+02
-3.115020574753556843e+02
-3.112020574753556730e+02
-3.109020574753556616e+02
-3.106020574753556502e+02
-3.103020574753556389e+02
-3.100020574753556275e+02
-3.097020574753556161e+02
-3.094020574753556048e+02
-3.091020574753555934e+02
-3.088020574753555820e+02
-3.085020574753555707e+02
-3.082020574753555593e+02
-3.079020574753555479e+02
-3.076020574753555366e+02
-3.073020574753555252e+02
-3.070020574753555138e+02
-3.067020574753555024e+02
-3.064020574753554911e+02
-3.061020574753554797e+02
-3.058020574753554683e+02
-3.055020574753554570e+02
-3.052020574753554456e+02
-3.049020574753554342e+02
-3.046020574753554229e+02
-3.043020574753554115e+02
-3.040020574753554001e+02
-3.037020574753553888e+02
-3.034020574753553774e+02
-3.031020574753553660e+02
-3.028020574753553547e+02
-3.025020574753553433e+02
-3.022020574753553319e+02
-3.019020574753553205e+02
-3.016020574753553092e+02
-3.013020574753552978e+02
-3.010020574753552864e+02
-3.007020574753552751e+02
-3.004020574753552637e+02
-3.001020574753552523e+02
-2.998020574753552410e+02
-2.995020574753552296e+02
-2.992020574753552182e+02
-2.989020574753552069e+02
-2.986020574753551955e+02
-2.983020574753551841e+02
-2.980020574753551728e+02
-2.977020574753551614e+02
-2.974020574753551500e+02
-2.971020574753551386e+02
-2.968020574753551273e+02
-2.965020574753551159e+02
-2.962020574753551045e+02
-2.959020574753550932e+02
-2.956020574753550818e+02
-2.953020574753550704e+02
-2.950020574753550591e+02
-2.947020574753550477e+02
-2.944020574753550363e+02
-2.941020574753550250e+02
-2.938020574753550136e+02
-2.935020574753550022e+02
-2.932020574753549909e+02
-2.929020574753549795e+02
-2.926020574753549681e+02
-2.923020574753549568e+02
-2.920020574753549454e+02
-2.917020574753549340e+02
-2.914020574753549226e+02
-2.911020574753549113e+02
-2.908020574753548999e+02
-2.905020574753548885e+02
-2.902020574753548772e+02
-2.899020574753548658e+02
-2.896020574753548544e+02
-2.893020574753548431e+02
-2.890020574753548317e+02
-2.887020574753548203e+02
-2.884020574753548090e+02
-2.881020574753547976e+02
-2.878020574753547862e+02
-2.875020574753547749e+02
-2.872020574753547635e+02
-2.869020574753547521e+02
-2.866020574753547407e+02
-2.863020574753547294e+02
-2.860020574753547180e+02
-2.857020574753547066e+02
-2.854020574753546953e+02
-2.851020574753546839e+02
-2.848020574753546725e+02
-2.845020574753546612e+02
-2.842020574753546498e+02
-2.839020574753546384e+02
-2.836020574753546271e+02
-2.833020574753546157e+02
-2.830020574753546043e+02
-2.827020574753545930e+02
-2.824020574753545816e+02
-2.821020574753545702e+02
-2.818020574753545588e+02
-2.815020574753545475e+02
-2.812020574753545361e+02
-2.809020574753545247e+02
-2.806020574753545134e+02
-2.803020574753545020e+02
-2.800020574753544906e+02
-2.797020574753544793e+02
-2.794020574753544679e+02
-2.791020574753544565e+02
-2.788020574753544452e+02
-2.785020574753544338e+02
-2.782020574753544224e+02
-2.779020574753544111e+02
-2.776020574753543997e+02
-2.773020574753543883e+02
-2.770020574753543769e+02
-2.767020574753543656e+02
-2.764020574753543542e+02
-2.761020574753543428e+02
-2.758020574753543315e+02
-2.755020574753543201e+02
-2.752020574753543087e+02
-2.749020574753542974e+02
-2.746020574753542860e+02
-2.743020574753542746e+02
-2.740020574753542633e+02
-2.737020574753542519e+02
-2.734020574753542405e+02
-2.731020574753542292e+02
-2.728020574753542178e+02
-2.725020574753542064e+02
-2.722020574753541950e+02
-2.719020574753541837e+02
-2.716020574753541723e+02
-2.713020574753541609e+02
-2.710020574753541496e+02
-2.707020574753541382e+02
-2.704020574753541268e+02
-2.701020574753541155e+02
-2.698020574753541041e+02
-2.695020574753540927e+02
-2.692020574753540814e+02
-2.689020574753540700e+02
-2.686020574753540586e+02
-2.683020574753540473e+02
-2.680020574753540359e+02
-2.677020574753540245e+02
-2.674020574753540131e+02
-2.671020574753540018e+02
-2.668020574753539904e+02
-2.665020574753539790e+02
-2.662020574753539677e+02
-2.659020574753539563e+02
-2.656020574753539449e+02
-2.653020574753539336e+02
-2.650020574753539222e+02
-2.647020574753539108e+02
-2.644020574753538995e+02
-2.641020574753538881e+02
-2.638020574753538767e+02
-2.635020574753538654e+02
-2.632020574753538540e+02
-2.629020574753538426e+02
-2.626020574753538313e+02
-2.623020574753538199e+02
-2.620020574753538085e+02
-2.617020574753537971e+02
-2.614020574753537858e+02
-2.611020574753537744e+02
-2.608020574753537630e+02
-2.605020574753537517e+02
-2.602020574753537403e+02
-2.599020574753537289e+02
-2.596020574753537176e+02
-2.593020574753537062e+02
-2.590020574753536948e+02
-2.587020574753536835e+02
-2.584020574753536721e+02
-2.581020574753536607e+02
-2.578020574753536494e+02
-2.575020574753536380e+02
-2.572020574753536266e+02
-2.569020574753536152e+02
-2.566020574753536039e+02
-2.563020574753535925e+02
-2.560020574753535811e+02
-2.557020574753535698e+02
-2.554020574753535584e+02
-2.551020574753535470e+02
-2.548020574753535357e+02
-2.545020574753535243e+02
-2.542020574753535129e+02
-2.539020574753535016e+02
-2.536020574753534902e+02
-2.533020574753534788e+02
-2.530020574753534675e+02
-2.527020574753534561e+02
-2.524020574753534447e+02
-2.521020574753534333e+02
-2.518020574753534220e+02
-2.515020574753534106e+02
-2.512020574753533992e+02
-2.509020574753533879e+02
-2.506020574753533765e+02
-2.503020574753533651e+02
-2.500020574753533538e+02
-2.497020574753533424e+02
-2.494020574753533310e+02
-2.491020574753533197e+02
-2.488020574753533083e+02
-2.485020574753532969e+02
-2.482020574753532856e+02
-2.479020574753532742e+02
-2.476020574753532628e+02
-2.473020574753532514e+02
-2.470020574753532401e+02
-2.467020574753532287e+02
-2.464020574753532173e+02
-2.461020574753532060e+02
-2.458020574753531946e+02
-2.455020574753531832e+02
-2.452020574753531719e+02
-2.449020574753531605e+02
-2.446020574753531491e+02
-2.443020574753531378e+02
-2.440020574753531264e+02
-2.437020574753531150e+02
-2.434020574753531037e+02
-2.431020574753530923e+02
-2.428020574753530809e+02
-2.425020574753530695e+02
-2.422020574753530582e+02
-2.419020574753530468e+02
-2.416020574753530354e+02
-2.413020574753530241e+02
-2.410020574753530127e+02
-2.407020574753530013e+02
-2.404020574753529900e+02
-2.401020574753529786e+02
-2.398020574753529672e+02
-2.395020574753529559e+02
-2.392020574753529445e+02
-2.389020574753529331e+02
-2.386020574753529218e+02
-2.383020574753529104e+02
-2.380020574753528990e+02
-2.377020574753528876e+02
-2.374020574753528763e+02
-2.371020574753528649e+02
-2.368020574753528535e+02
-2.365020574753528422e+02
-2.362020574753528308e+02
-2.359020574753528194e+02
-2.356020574753528081e+02
-2.353020574753527967e+02
-2.350020574753527853e+02
-2.347020574753527740e+02
-2.344020574753527626e+02
-2.341020574753527512e+02
-2.338020574753527399e+02
-2.335020574753527285e+02
-2.332020574753527171e+02
-2.329020574753527058e+02
-2.326020574753526944e+02
-2.323020574753526830e+02
-2.320020574753526716e+02
-2.317020574753526603e+02
-2.314020574753526489e+02
-2.311020574753526375e+02
-2.308020574753526262e+02
-2.305020574753526148e+02
-2.302020574753526034e+02
-2.299020574753525921e+02
-2.296020574753525807e+02
-2.293020574753525693e+02
-2.290020574753525580e+02
-2.287020574753525466e+02
-2.284020574753525352e+02
-2.281020574753525239e+02
-2.278020574753525125e+02
-2.275020574753525011e+02
-2.272020574753524897e+02
-2.269020574753524784e+02
-2.266020574753524670e+02
-2.263020574753524556e+02
-2.260020574753524443e+02
-2.257020574753524329e+02
-2.254020574753524215e+02
-2.251020574753524102e+02
-2.248020574753523988e+02
-2.245020574753523874e+02
-2.242020574753523761e+02
-2.239020574753523647e+02
-2.236020574753523533e+02
-2.233020574753523420e+02
-2.230020574753523306e+02
-2.227020574753523192e+02
-2.224020574753523078e+02
-2.221020574753522965e+02
-2.218020574753522851e+02
-2.215020574753522737e+02
-2.212020574753522624e+02
-2.209020574753522510e+02
-2.206020574753522396e+02
-2.203020574753522283e+02
-2.200020574753522169e+02
-2.197020574753522055e+02
-2.194020574753521942e+02
-2.191020574753521828e+02
-2.188020574753521714e+02
-2.185020574753521601e+02
-2.182020574753521487e+02
-2.179020574753521373e+02
-2.176020574753521259e+02
-2.173020574753521146e+02
-2.170020574753521032e+02
-2.167020574753520918e+02
-2.164020574753520805e+02
-2.161020574753520691e+02
-2.158020574753520577e+02
-2.155020574753520464e+02
-2.152020574753520350e+02
-2.149020574753520236e+02
-2.146020574753520123e+02
-2.143020574753520009e+02
-2.140020574753519895e+02
-2.137020574753519782e+02
-2.134020574753519668e+02
-2.131020574753519554e+02
-2.128020574753519440e+02
-2.125020574753519327e+02
-2.122020574753519213e+02
-2.119020574753519099e+02
-2.116020574753518986e+02
-2.113020574753518872e+02
-2.110020574753518758e+02
-2.107020574753518645e+02
-2.104020574753518531e+02
-2.101020574753518417e+02
-2.098020574753518304e+02
-2.095020574753518190e+02
-2.092020574753518076e+02
-2.089020574753517963e+02
-2.086020574753517849e+02
-2.083020574753517735e+02
-2.080020574753517622e+02
-2.077020574753517508e+02
-2.074020574753517394e+02
-2.071020574753517280e+02
-2.068020574753517167e+02
-2.065020574753517053e+02
-2.062020574753516939e+02
-2.059020574753516826e+02
-2.056020574753516712e+02
-2.053020574753516598e+02
-2.050020574753516485e+02
-2.047020574753516371e+02
-2.044020574753516257e+02
-2.041020574753516144e+02
-2.038020574753516030e+02
-2.035020574753515916e+02
-2.032020574753515803e+02
-2.029020574753515689e+02
-2.026020574753515575e+02
-2.023020574753515461e+02
-2.020020574753515348e+02
-2.017020574753515234e+02
-2.014020574753515120e+02
-2.011020574753515007e+02
-2.008020574753514893e+02
-2.005020574753514779e+02
-2.002020574753514666e+02
-1.999020574753514552e+02
-1.996020574753514438e+02
-1.993020574753514325e+02
-1.990020574753514211e+02
-1.987020574753514097e+02
-1.984020574753513984e+02
-1.981020574753513870e+02
-1.978020574753513756e+02
-1.975020574753513642e+02
-1.972020574753513529e+02
-1.969020574753513415e+02
-1.966020574753513301e+02
-1.963020574753513188e+02
-1.960020574753513074e+02
-1.957020574753512960e+02
-1.954020574753512847e+02
-1.951020574753512733e+02
-1.948020574753512619e+02
-1.945020574753512506e+02
-1.942020574753512392e+02
-1.939020574753512278e+02
-1.936020574753512165e+02
-1.933020574753512051e+02
-1.930020574753511937e+02
-1.927020574753511823e+02
-1.924020574753511710e+02
-1.921020574753511596e+02
-1.918020574753511482e+02
-1.915020574753511369e+02
-1.912020574753511255e+02
-1.909020574753511141e+02
-1.906020574753511028e+02
-1.903020574753510914e+02
-1.900020574753510800e+02
-1.897020574753510687e+02
-1.894020574753510573e+02
-1.891020574753510459e+02
-1.888020574753510346e+02
-1.885020574753510232e+02
-1.882020574753510118e+02
-1.879020574753510004e+02
-1.876020574753509891e+02
-1.873020574753509777e+02
-1.870020574753509663e+02
-1.867020574753509550e+02
-1.864020574753509436e+02
-1.861020574753509322e+02
-1.858020574753509209e+02
-1.855020574753509095e+02
-1.852020574753508981e+02
-1.849020574753508868e+02
-1.846020574753508754e+02
-1.843020574753508640e+02
-1.840020574753508527e+02
-1.837020574753508413e+02
-1.834020574753508299e+02
-1.831020574753508185e+02
-1.828020574753508072e+02
-1.825020574753507958e+02
-1.822020574753507844e+02
-1.819020574753507731e+02
-1.816020574753507617e+02
-1.813020574753507503e+02
-1.810020574753507390e+02
-1.807020574753507276e+02
-1.804020574753507162e+02
-1.801020574753507049e+02
-1.798020574753506935e+02
-1.795020574753506821e+02
-1.792020574753506708e+02
-1.789020574753506594e+02
-1.786020574753506480e+02
-1.783020574753506367e+02
-1.780020574753506253e+02
-1.777020574753506139e+02
-1.774020574753506025e+02
-1.771020574753505912e+02
-1.768020574753505798e+02
-1.765020574753505684e+02
-1.762020574753505571e+02
-1.759020574753505457e+02
-1.756020574753505343e+02
-1.753020574753505230e+02
-1.750020574753505116e+02
-1.747020574753505002e+02
-1.744020574753504889e+02
-1.741020574753504775e+02
-1.738020574753504661e+02
-1.735020574753504548e+02
-1.732020574753504434e+02
-1.729020574753504320e+02
-1.726020574753504206e+02
-1.723020574753504093e+02
-1.720020574753503979e+02
-1.717020574753503865e+02
-1.714020574753503752e+02
-1.711020574753503638e+02
-1.708020574753503524e+02
-1.705020574753503411e+02
-1.702020574753503297e+02
-1.699020574753503183e+02
-1.696020574753503070e+02
-1.693020574753502956e+02
-1.690020574753502842e+02
-1.687020574753502729e+02
-1.684020574753502615e+02
-1.681020574753502501e+02
-1.678020574753502387e+02
-1.675020574753502274e+02
-1.672020574753502160e+02
-1.669020574753502046e+02
-1.666020574753501933e+02
-1.663020574753501819e+02
-1.660020574753501705e+02
-1.657020574753501592e+02
-1.654020574753501478e+02
-1.651020574753501364e+02
-1.648020574753501251e+02
-1.645020574753501137e+02
-1.642020574753501023e+02
-1.639020574753500910e+02
-1.636020574753500796e+02
-1.633020574753500682e+02
-1.630020574753500568e+02
-1.627020574753500455e+02
-1.624020574753500341e+02
-1.621020574753500227e+02
-1.618020574753500114e+02
-1.615020574753500000e+02
-1.612020574753499886e+02
-1.609020574753499773e+02
-1.606020574753499659e+02
-1.603020574753499545e+02
-1.600020574753499432e+02
-1.597020574753499318e+02
-1.594020574753499204e+02
-1.591020574753499091e+02
-1.588020574753498977e+02
-1.585020574753498863e+02
-1.582020574753498749e+02
-1.579020574753498636e+02
-1.576020574753498522e+02
-1.573020574753498408e+02
-1.570020574753498295e+02
-1.567020574753498181e+02
-1.564020574753498067e+02
-1.561020574753497954e+02
-1.558020574753497840e+02
-1.555020574753497726e+02
-1.552020574753497613e+02
-1.549020574753497499e+02
-1.546020574753497385e+02
-1.543020574753497272e+02
-1.540020574753497158e+02
-1.537020574753497044e+02
-1.534020574753496930e+02
-1.531020574753496817e+02
-1.528020574753496703e+02
-1.525020574753496589e+02
-1.522020574753496476e+02
-1.519020574753496362e+02
-1.516020574753496248e+02
-1.513020574753496135e+02
-1.510020574753496021e+02
-1.507020574753495907e+02
-1.504020574753495794e+02
-1.501020574753495680e+02
-1.498020574753495566e+02
-1.495020574753495453e+02
-1.492020574753495339e+02
-1.489020574753495225e+02
-1.486020574753495112e+02
-1.483020574753494998e+02
-1.480020574753494884e+02
-1.477020574753494770e+02
-1.474020574753494657e+02
-1.471020574753494543e+02
-1.468020574753494429e+02
-1.465020574753494316e+02
-1.462020574753494202e+02
-1.459020574753494088e+02
-1.456020574753493975e+02
-1.453020574753493861e+02
-1.450020574753493747e+02
-1.447020574753493634e+02
-1.444020574753493520e+02
-1.441020574753493406e+02
-1.438020574753493293e+02
-1.435020574753493179e+02
-1.432020574753493065e+02
-1.429020574753492951e+02
-1.426020574753492838e+02
-1.423020574753492724e+02
-1.420020574753492610e+02
-1.417020574753492497e+02
-1.414020574753492383e+02
-1.411020574753492269e+02
-1.408020574753492156e+02
-1.405020574753492042e+02
-1.402020574753491928e+02
-1.399020574753491815e+02
-1.396020574753491701e+02
-1.393020574753491587e+02
-1.390020574753491474e+02
-1.387020574753491360e+02
-1.384020574753491246e+02
-1.381020574753491132e+02
-1.378020574753491019e+02
-1.375020574753490905e+02
-1.372020574753490791e+02
-1.369020574753490678e+02
-1.366020574753490564e+02
-1.363020574753490450e+02
-1.360020574753490337e+02
-1.357020574753490223e+02
-1.354020574753490109e+02
-1.351020574753489996e+02
-1.348020574753489882e+02
-1.345020574753489768e+02
-1.342020574753489655e+02
-1.339020574753489541e+02
-1.336020574753489427e+02
-1.333020574753489313e+02
-1.330020574753489200e+02
-1.327020574753489086e+02
-1.324020574753488972e+02
-1.321020574753488859e+02
-1.318020574753488745e+02
-1.315020574753488631e+02
-1.312020574753488518e+02
-1.309020574753488404e+02
-1.306020574753488290e+02
-1.303020574753488177e+02
-1.300020574753488063e+02
-1.297020574753487949e+02
-1.294020574753487836e+02
-1.291020574753487722e+02
-1.288020574753487608e+02
-1.285020574753487494e+02
-1.282020574753487381e+02
-1.279020574753487409e+02
-1.276020574753487438e+02
-1.273020574753487466e+02
-1.270020574753487494e+02
-1.267020574753487523e+02
-1.264020574753487551e+02
-1.261020574753487580e+02
-1.258020574753487608e+02
-1.255020574753487637e+02
-1.252020574753487665e+02
-1.249020574753487693e+02
-1.246020574753487722e+02
-1.243020574753487750e+02
-1.240020574753487779e+02
-1.237020574753487807e+02
-1.234020574753487836e+02
-1.231020574753487864e+02
-1.228020574753487892e+02
-1.225020574753487921e+02
-1.222020574753487949e+02
-1.219020574753487978e+02
-1.216020574753488006e+02
-1.213020574753488035e+02
-1.210020574753488063e+02
-1.207020574753488091e+02
-1.204020574753488120e+02
-1.201020574753488148e+02
-1.198020574753488177e+02
-1.195020574753488205e+02
-1.192020574753488233e+02
-1.189020574753488262e+02
-1.186020574753488290e+02
-1.183020574753488319e+02
-1.180020574753488347e+02
-1.177020574753488376e+02
-1.174020574753488404e+02
-1.171020574753488432e+02
-1.168020574753488461e+02
-1.165020574753488489e+02
-1.162020574753488518e+02
-1.159020574753488546e+02
-1.156020574753488575e+02
-1.153020574753488603e+02
-1.150020574753488631e+02
-1.147020574753488660e+02
-1.144020574753488688e+02
-1.141020574753488717e+02
-1.138020574753488745e+02
-1.135020574753488773e+02
-1.132020574753488802e+02
-1.129020574753488830e+02
-1.126020574753488859e+02
-1.123020574753488887e+02
-1.120020574753488916e+02
-1.117020574753488944e+02
-1.114020574753488972e+02
-1.111020574753489001e+02
-1.108020574753489029e+02
-1.105020574753489058e+02
-1.102020574753489086e+02
-1.099020574753489115e+02
-1.096020574753489143e+02
-1.093020574753489171e+02
-1.090020574753489200e+02
-1.087020574753489228e+02
-1.084020574753489257e+02
-1.081020574753489285e+02
-1.078020574753489313e+02
-1.075020574753489342e+02
-1.072020574753489370e+02
-1.069020574753489399e+02
-1.066020574753489427e+02
-1.063020574753489456e+02
-1.060020574753489484e+02
-1.057020574753489512e+02
-1.054020574753489541e+02
-1.051020574753489569e+02
-1.048020574753489598e+02
-1.045020574753489626e+02
-1.042020574753489655e+02
-1.039020574753489683e+02
-1.036020574753489711e+02
-1.033020574753489740e+02
-1.030020574753489768e+02
-1.027020574753489797e+02
-1.024020574753489825e+02
-1.021020574753489853e+02
-1.018020574753489882e+02
-1.015020574753489910e+02
-1.012020574753489939e+02
-1.009020574753489967e+02
-1.006020574753489996e+02
-1.003020574753490024e+02
-1.000020574753490052e+02
-9.970205747534900809e+01
-9.940205747534901093e+01
-9.910205747534901377e+01
-9.880205747534901661e+01
-9.850205747534901946e+01
-9.820205747534902230e+01
-9.790205747534902514e+01
-9.760205747534902798e+01
-9.730205747534903082e+01
-9.700205747534903367e+01
-9.670205747534903651e+01
-9.640205747534903935e+01
-9.610205747534904219e+01
-9.580205747534904503e+01
-9.550205747534904788e+01
-9.520205747534905072e+01
-9.490205747534905356e+01
-9.460205747534905640e+01
-9.430205747534905925e+01
-9.400205747534906209e+01
-9.370205747534906493e+01
-9.340205747534906777e+01
-9.310205747534907061e+01
-9.280205747534907346e+01
-9.250205747534907630e+01
-9.220205747534907914e+01
-9.190205747534908198e+01
-9.160205747534908483e+01
-9.130205747534908767e+01
-9.100205747534909051e+01
-9.070205747534909335e+01
-9.040205747534909619e+01
-9.010205747534909904e+01
-8.980205747534910188e+01
-8.950205747534910472e+01
-8.920205747534910756e+01
-8.890205747534911040e+01
-8.860205747534911325e+01
-8.830205747534911609e+01
-8.800205747534911893e+01
-8.770205747534912177e+01
-8.740205747534912462e+01
-8.710205747534912746e+01
-8.680205747534913030e+01
-8.650205747534913314e+01
-8.620205747534913598e+01
-8.590205747534913883e+01
-8.560205747534914167e+01
-8.530205747534914451e+01
-8.500205747534914735e+01
-8.470205747534915020e+01
-8.440205747534915304e+01
-8.410205747534915588e+01
-8.380205747534915872e+01
-8.350205747534916156e+01
-8.320205747534916441e+01
-8.290205747534916725e+01
-8.260205747534917009e+01
-8.230205747534917293e+01
-8.200205747534917577e+01
-8.170205747534917862e+01
-8.140205747534918146e+01
-8.110205747534918430e+01
-8.080205747534918714e+01
-8.050205747534918999e+01
-8.020205747534919283e+01
-7.990205747534919567e+01
-7.960205747534919851e+01
-7.930205747534920135e+01
-7.900205747534920420e+01
-7.870205747534920704e+01
-7.840205747534920988e+01
-7.810205747534921272e+01
-7.780205747534921557e+01
-7.750205747534921841e+01
-7.720205747534922125e+01
-7.690205747534922409e+01
-7.660205747534922693e+01
-7.630205747534922978e+01
-7.600205747534923262e+01
-7.570205747534923546e+01
-7.540205747534923830e+01
-7.510205747534924114e+01
-7.480205747534924399e+01
-7.450205747534924683e+01
-7.420205747534924967e+01
-7.390205747534925251e+01
-7.360205747534925536e+01
-7.330205747534925820e+01
-7.300205747534926104e+01
-7.270205747534926388e+01
-7.240205747534926672e+01
-7.210205747534926957e+01
-7.180205747534927241e+01
-7.150205747534927525e+01
-7.120205747534927809e+01
-7.090205747534928094e+01
-7.060205747534928378e+01
-7.030205747534928662e+01
-7.000205747534928946e+01
-6.970205747534929230e+01
-6.940205747534929515e+01
-6.910205747534929799e+01
-6.880205747534930083e+01
-6.850205747534930367e+01
-6.820205747534930651e+01
-6.790205747534930936e+01
-6.760205747534931220e+01
-6.730205747534931504e+01
-6.700205747534931788e+01
-6.670205747534932073e+01
-6.640205747534932357e+01
-6.610205747534932641e+01
-6.580205747534932925e+01
-6.550205747534933209e+01
-6.520205747534933494e+01
-6.490205747534933778e+01
-6.460205747534934062e+01
-6.430205747534934346e+01
-6.400205747534934630e+01
-6.370205747534934915e+01
-6.340205747534935199e+01
-6.310205747534935483e+01
-6.280205747534935767e+01
-6.250205747534936052e+01
-6.220205747534936336e+01
-6.190205747534936620e+01
-6.160205747534936904e+01
-6.130205747534937188e+01
-6.100205747534937473e+01
-6.070205747534937757e+01
-6.040205747534938041e+01
-6.010205747534938325e+01
-5.980205747534938610e+01
-5.950205747534938894e+01
-5.920205747534939178e+01
-5.890205747534939462e+01
-5.860205747534939746e+01
-5.830205747534940031e+01
-5.800205747534940315e+01
-5.770205747534940599e+01
-5.740205747534940883e+01
-5.710205747534941167e+01
-5.680205747534941452e+01
-5.650205747534941736e+01
-5.620205747534942020e+01
-5.590205747534942304e+01
-5.560205747534942589e+01
-5.530205747534942873e+01
-5.500205747534943157e+01
-5.470205747534943441e+01
-5.440205747534943725e+01
-5.410205747534944010e+01
-5.380205747534944294e+01
-5.350205747534944578e+01
-5.320205747534944862e+01
-5.290205747534945147e+01
-5.260205747534945431e+01
-5.230205747534945715e+01
-5.200205747534945999e+01
-5.170205747534946283e+01
-5.140205747534946568e+01
-5.110205747534946852e+01
-5.080205747534947136e+01
-5.050205747534947420e+01
-5.020205747534947704e+01
-4.990205747534947989e+01
-4.960205747534948273e+01
-4.930205747534948557e+01
-4.900205747534948841e+01
-4.870205747534949126e+01
-4.840205747534949410e+01
-4.810205747534949694e+01
-4.780205747534949978e+01
-4.750205747534950262e+01
-4.720205747534950547e+01
-4.690205747534950831e+01
-4.660205747534951115e+01
-4.630205747534951399e+01
-4.600205747534951684e+01
-4.570205747534951968e+01
-4.540205747534952252e+01
-4.510205747534952536e+01
-4.480205747534952820e+01
-4.450205747534953105e+01
-4.420205747534953389e+01
-4.390205747534953673e+01
-4.360205747534953957e+01
-4.330205747534954241e+01
-4.300205747534954526e+01
-4.270205747534954810e+01
-4.240205747534955094e+01
-4.210205747534955378e+01
-4.180205747534955663e+01
-4.150205747534955947e+01
-4.120205747534956231e+01
-4.090205747534956515e+01
-4.060205747534956799e+01
-4.030205747534957084e+01
-4.000205747534957368e+01
-3.970205747534957652e+01
-3.940205747534957936e+01
-3.910205747534958221e+01
-3.880205747534958505e+01
-3.850205747534958789e+01
-3.820205747534959073e+01
-3.790205747534959357e+01
-3.760205747534959642e+01
-3.730205747534959926e+01
-3.700205747534960210e+01
-3.670205747534960494e+01
-3.640205747534960778e+01
-3.610205747534961063e+01
-3.580205747534961347e+01
-3.550205747534961631e+01
-3.520205747534961915e+01
-3.490205747534962200e+01
-3.460205747534962484e+01
-3.430205747534962768e+01
-3.400205747534963052e+01
-3.370205747534963336e+01
-3.340205747534963621e+01
-3.310205747534963905e+01
-3.280205747534964189e+01
-3.250205747534964473e+01
-3.220205747534964758e+01
-3.190205747534964686e+01
-3.160205747534964615e+01
-3.130205747534964544e+01
-3.100205747534964473e+01
-3.070205747534964402e+01
-3.040205747534964331e+01
-3.010205747534964260e+01
-2.980205747534964189e+01
-2.950205747534964118e+01
-2.920205747534964047e+01
-2.890205747534963976e+01
-2.860205747534963905e+01
-2.830205747534963834e+01
-2.800205747534963763e+01
-2.770205747534963692e+01
-2.740205747534963621e+01
-2.710205747534963550e+01
-2.680205747534963479e+01
-2.650205747534963407e+01
-2.620205747534963336e+01
-2.590205747534963265e+01
-2.560205747534963194e+01
-2.530205747534963123e+01
-2.500205747534963052e+01
-2.470205747534962981e+01
-2.440205747534962910e+01
-2.410205747534962839e+01
-2.380205747534962768e+01
-2.350205747534962697e+01
-2.320205747534962626e+01
-2.290205747534962555e+01
-2.260205747534962484e+01
-2.230205747534962413e+01
-2.200205747534962342e+01
-2.170205747534962271e+01
-2.140205747534962200e+01
-2.110205747534962128e+01
-2.080205747534962057e+01
-2.050205747534961986e+01
-2.020205747534961915e+01
-1.990205747534961844e+01
-1.960205747534961773e+01
-1.930205747534961702e+01
-1.900205747534961631e+01
-1.870205747534961560e+01
-1.840205747534961489e+01
-1.810205747534961418e+01
-1.780205747534961347e+01
-1.750205747534961276e+01
-1.720205747534961205e+01
-1.690205747534961134e+01
-1.660205747534961063e+01
-1.630205747534960992e+01
-1.600205747534960921e+01
-1.570205747534960850e+01
-1.540205747534960778e+01
-1.510205747534960707e+01
-1.480205747534960636e+01
-1.450205747534960565e+01
-1.420205747534960494e+01
-1.390205747534960423e+01
-1.360205747534960352e+01
-1.330205747534960281e+01
-1.300205747534960210e+01
-1.270205747534960139e+01
-1.240205747534960068e+01
-1.210205747534959997e+01
-1.180205747534959926e+01
-1.150205747534959855e+01
-1.120205747534959784e+01
-1.090205747534959713e+01
-1.060205747534959642e+01
-1.030205747534959571e+01
-1.000205747534959499e+01
-9.702057475349594284e+00
-9.402057475349593574e+00
-9.102057475349592863e+00
-8.802057475349592153e+00
-8.502057475349591442e+00
-8.202057475349590732e+00
-7.902057475349590909e+00
-7.602057475349591087e+00
-7.302057475349591265e+00
-7.002057475349591442e+00
-6.702057475349591620e+00
-6.402057475349591797e+00
-6.102057475349591975e+00
-5.802057475349592153e+00
-5.502057475349592330e+00
-5.202057475349592508e+00
-4.902057475349592686e+00
-4.602057475349592863e+00
-4.302057475349593041e+00
-4.002057475349593219e+00
-3.702057475349593396e+00
-3.402057475349593574e+00
-3.102057475349593751e+00
-2.802057475349593929e+00
-2.502057475349594107e+00
-2.202057475349594284e+00
-1.902057475349594240e+00
-1.602057475349594196e+00
-1.302057475349594151e+00
-1.002057475349594107e+00
-7.020574753495940623e-01
-4.020574753495940179e-01
-1.020574753495939735e-01
1.979425246504060709e-01
4.979425246504061153e-01
7.979425246504061597e-01
1.097942524650406204e+00
1.397942524650406249e+00
1.697942524650406293e+00
1.997942524650406337e+00
2.297942524650406604e+00
2.597942524650406426e+00
2.897942524650406249e+00
3.197942524650406071e+00
3.497942524650405893e+00
3.797942524650405716e+00
4.097942524650405538e+00
4.397942524650405360e+00
4.697942524650405183e+00
4.997942524650405005e+00
5.297942524650404827e+00
5.597942524650404650e+00
5.897942524650404472e+00
6.197942524650404295e+00
6.497942524650404117e+00
6.797942524650403939e+00
7.097942524650403762e+00
7.397942524650403584e+00
7.697942524650403406e+00
7.997942524650403229e+00
8.297942524650403939e+00
8.597942524650404650e+00
8.897942524650405360e+00
9.197942524650406071e+00
9.497942524650406781e+00
9.797942524650407492e+00
1.009794252465040820e+01
1.039794252465040891e+01
1.069794252465040962e+01
1.099794252465041033e+01
1.129794252465041104e+01
1.159794252465041176e+01
1.189794252465041247e+01
1.219794252465041318e+01
1.249794252465041389e+01
1.279794252465041460e+01
1.309794252465041531e+01
1.339794252465041602e+01
1.369794252465041673e+01
1.399794252465041744e+01
1.429794252465041815e+01
1.459794252465041886e+01
1.489794252465041957e+01
1.519794252465042028e+01
1.549794252465042099e+01
1.579794252465042170e+01
1.609794252465042064e+01
1.639794252465042135e+01
1.669794252465042206e+01
1.699794252465042277e+01
1.729794252465042348e+01
1.759794252465042419e+01
1.789794252465042490e+01
1.819794252465042561e+01
1.849794252465042632e+01
1.879794252465042703e+01
1.909794252465042774e+01
1.939794252465042845e+01
1.969794252465042916e+01
1.999794252465042987e+01
2.029794252465043058e+01
2.059794252465043130e+01
2.089794252465043201e+01
2.119794252465043272e+01
2.149794252465043343e+01
2.179794252465043414e+01
2.209794252465043485e+01
2.239794252465043556e+01
2.269794252465043627e+01
2.299794252465043698e+01
2.329794252465043769e+01
2.359794252465043840e+01
2.389794252465043911e+01
2.419794252465043982e+01
2.449794252465044053e+01
2.479794252465044124e+01
2.509794252465044195e+01
2.539794252465044266e+01
2.569794252465044337e+01
2.599794252465044408e+01
2.629794252465044480e+01
2.659794252465044551e+01
2.689794252465044622e+01
2.719794252465044693e+01
2.749794252465044764e+01
2.779794252465044835e+01
2.809794252465044906e+01
2.839794252465044977e+01
2.869794252465045048e+01
2.899794252465045119e+01
2.929794252465045190e+01
2.959794252465045261e+01
2.989794252465045332e+01
3.019794252465045403e+01
3.049794252465045474e+01
3.079794252465045545e+01
3.109794252465045616e+01
3.139794252465045687e+01
3.169794252465045759e+01
3.199794252465045830e+01
3.229794252465045901e+01
3.259794252465045616e+01
3.289794252465045332e+01
3.319794252465045048e+01
3.349794252465044764e+01
3.379794252465044480e+01
3.409794252465044195e+01
3.439794252465043911e+01
3.469794252465043627e+01
3.499794252465043343e+01
3.529794252465043058e+01
3.559794252465042774e+01
3.589794252465042490e+01
3.619794252465042206e+01
3.649794252465041922e+01
3.679794252465041637e+01
3.709794252465041353e+01
3.739794252465041069e+01
3.769794252465040785e+01
3.799794252465040501e+01
3.829794252465040216e+01
3.859794252465039932e+01
3.889794252465039648e+01
3.919794252465039364e+01
3.949794252465039079e+01
3.979794252465038795e+01
4.009794252465038511e+01
4.039794252465038227e+01
4.069794252465037943e+01
4.099794252465037658e+01
4.129794252465037374e+01
4.159794252465037090e+01
4.189794252465036806e+01
4.219794252465036521e+01
4.249794252465036237e+01
4.279794252465035953e+01
4.309794252465035669e+01
4.339794252465035385e+01
4.369794252465035100e+01
4.399794252465034816e+01
4.429794252465034532e+01
4.459794252465034248e+01
4.489794252465033964e+01
4.519794252465033679e+01
4.549794252465033395e+01
4.579794252465033111e+01
4.609794252465032827e+01
4.639794252465032542e+01
4.669794252465032258e+01
4.699794252465031974e+01
4.729794252465031690e+01
4.759794252465031406e+01
4.789794252465031121e+01
4.819794252465030837e+01
4.849794252465030553e+01
4.879794252465030269e+01
4.909794252465029984e+01
4.939794252465029700e+01
4.969794252465029416e+01
4.999794252465029132e+01
5.029794252465028848e+01
5.059794252465028563e+01
5.089794252465028279e+01
5.119794252465027995e+01
5.149794252465027711e+01
5.179794252465027427e+01
5.209794252465027142e+01
5.239794252465026858e+01
5.269794252465026574e+01
5.299794252465026290e+01
5.329794252465026005e+01
5.359794252465025721e+01
5.389794252465025437e+01
5.419794252465025153e+01
5.449794252465024869e+01
5.479794252465024584e+01
5.509794252465024300e+01
5.539794252465024016e+01
5.569794252465023732e+01
5.599794252465023447e+01
5.629794252465023163e+01
5.659794252465022879e+01
5.689794252465022595e+01
5.719794252465022311e+01
5.749794252465022026e+01
5.779794252465021742e+01
5.809794252465021458e+01
5.839794252465021174e+01
5.869794252465020890e+01
5.899794252465020605e+01
5.929794252465020321e+01
5.959794252465020037e+01
5.989794252465019753e+01
6.019794252465019468e+01
6.049794252465019184e+01
6.079794252465018900e+01
6.109794252465018616e+01
6.139794252465018332e+01
6.169794252465018047e+01
6.199794252465017763e+01
6.229794252465017479e+01
6.259794252465017195e+01
6.289794252465016910e+01
6.319794252465016626e+01
6.349794252465016342e+01
6.379794252465016058e+01
6.409794252465016484e+01
6.439794252465016200e+01
6.469794252465015916e+01
6.499794252465015632e+01
6.529794252465015347e+01
6.559794252465015063e+01
6.589794252465014779e+01
6.619794252465014495e+01
6.649794252465014210e+01
6.679794252465013926e+01
6.709794252465013642e+01
6.739794252465013358e+01
6.769794252465013074e+01
6.799794252465012789e+01
6.829794252465012505e+01
6.859794252465012221e+01
6.889794252465011937e+01
6.919794252465011652e+01
6.949794252465011368e+01
6.979794252465011084e+01
7.009794252465010800e+01
7.039794252465010516e+01
7.069794252465010231e+01
7.099794252465009947e+01
7.129794252465009663e+01
7.159794252465009379e+01
7.189794252465009095e+01
7.219794252465008810e+01
7.249794252465008526e+01
7.279794252465008242e+01
7.309794252465007958e+01
7.339794252465007673e+01
7.369794252465007389e+01
7.399794252465007105e+01
7.429794252465006821e+01
7.459794252465006537e+01
7.489794252465006252e+01
7.519794252465005968e+01
7.549794252465005684e+01
7.579794252465005400e+01
7.609794252465005115e+01
7.639794252465004831e+01
7.669794252465004547e+01
7.699794252465004263e+01
7.729794252465003979e+01
7.759794252465003694e+01
7.789794252465003410e+01
7.819794252465003126e+01
7.849794252465002842e+01
7.879794252465002558e+01
7.909794252465002273e+01
7.939794252465001989e+01
7.969794252465001705e+01
7.999794252465001421e+01
8.029794252465001136e+01
8.059794252465000852e+01
8.089794252465000568e+01
8.119794252465000284e+01
8.149794252465000000e+01
8.179794252464999715e+01
8.209794252464999431e+01
8.239794252464999147e+01
8.269794252464998863e+01
8.299794252464998578e+01
8.329794252464998294e+01
8.359794252464998010e+01
8.389794252464997726e+01
8.419794252464997442e+01
8.449794252464997157e+01
8.479794252464996873e+01
8.509794252464996589e+01
8.539794252464996305e+01
8.569794252464996021e+01
8.599794252464995736e+01
8.629794252464995452e+01
8.659794252464995168e+01
8.689794252464994884e+01
8.719794252464994599e+01
8.749794252464994315e+01
8.779794252464994031e+01
8.809794252464993747e+01
8.839794252464993463e+01
8.869794252464993178e+01
8.899794252464992894e+01
8.929794252464992610e+01
8.959794252464992326e+01
8.989794252464992041e+01
9.019794252464991757e+01
9.049794252464991473e+01
9.079794252464991189e+01
9.109794252464990905e+01
9.139794252464990620e+01
9.169794252464990336e+01
9.199794252464990052e+01
9.229794252464989768e+01
9.259794252464989484e+01
9.289794252464989199e+01
9.319794252464988915e+01
9.349794252464988631e+01
9.379794252464988347e+01
9.409794252464988062e+01
9.439794252464987778e+01
9.469794252464987494e+01
9.499794252464987210e+01
9.529794252464986926e+01
9.559794252464986641e+01
9.589794252464986357e+01
9.619794252464986073e+01
9.649794252464985789e+01
9.679794252464985505e+01
9.709794252464985220e+01
9.739794252464984936e+01
9.769794252464984652e+01
9.799794252464984368e+01
9.829794252464984083e+01
9.859794252464983799e+01
9.889794252464983515e+01
9.919794252464983231e+01
9.949794252464982947e+01
9.979794252464982662e+01
1.000979425246498238e+02
1.003979425246498209e+02
1.006979425246498181e+02
1.009979425246498153e+02
1.012979425246498124e+02
1.015979425246498096e+02
1.018979425246498067e+02
1.021979425246498039e+02
1.024979425246498010e+02
1.027979425246497982e+02
1.030979425246497954e+02
1.033979425246497925e+02
1.036979425246497897e+02
1.039979425246497868e+02
1.042979425246497840e+02
1.045979425246497811e+02
1.048979425246497783e+02
1.051979425246497755e+02
1.054979425246497726e+02
1.057979425246497698e+02
1.060979425246497669e+02
1.063979425246497641e+02
1.066979425246497613e+02
1.069979425246497584e+02
1.072979425246497556e+02
1.075979425246497527e+02
1.078979425246497499e+02
1.081979425246497470e+02
1.084979425246497442e+02
1.087979425246497414e+02
1.090979425246497385e+02
1.093979425246497357e+02
1.096979425246497328e+02
1.099979425246497300e+02
1.102979425246497271e+02
1.105979425246497243e+02
1.108979425246497215e+02
1.111979425246497186e+02
1.114979425246497158e+02
1.117979425246497129e+02
1.120979425246497101e+02
1.123979425246497073e+02
1.126979425246497044e+02
1.129979425246497016e+02
1.132979425246496987e+02
1.135979425246496959e+02
1.138979425246496930e+02
1.141979425246496902e+02
1.144979425246496874e+02
1.147979425246496845e+02
1.150979425246496817e+02
1.153979425246496788e+02
1.156979425246496760e+02
1.159979425246496731e+02
1.162979425246496703e+02
1.165979425246496675e+02
1.168979425246496646e+02
1.171979425246496618e+02
1.174979425246496589e+02
1.177979425246496561e+02
1.180979425246496533e+02
1.183979425246496504e+02
1.186979425246496476e+02
1.189979425246496447e+02
1.192979425246496419e+02
1.195979425246496390e+02
1.198979425246496362e+02
1.201979425246496334e+02
1.204979425246496305e+02
1.207979425246496277e+02
1.210979425246496248e+02
1.213979425246496220e+02
1.216979425246496191e+02
1.219979425246496163e+02
1.222979425246496135e+02
1.225979425246496106e+02
1.228979425246496078e+02
1.231979425246496049e+02
1.234979425246496021e+02
1.237979425246495992e+02
1.240979425246495964e+02
1.243979425246495936e+02
1.246979425246495907e+02
1.249979425246495879e+02
1.252979425246495850e+02
1.255979425246495822e+02
1.258979425246495794e+02
1.261979425246495765e+02
1.264979425246495737e+02
1.267979425246495708e+02
1.270979425246495680e+02
1.273979425246495651e+02
1.276979425246495623e+02
1.279979425246495595e+02
1.282979425246495566e+02
1.285979425246495680e+02
1.288979425246495794e+02
1.291979425246495907e+02
1.294979425246496021e+02
1.297979425246496135e+02
1.300979425246496248e+02
1.303979425246496362e+02
1.306979425246496476e+02
1.309979425246496589e+02
1.312979425246496703e+02
1.315979425246496817e+02
1.318979425246496930e+02
1.321979425246497044e+02
1.324979425246497158e+02
1.327979425246497271e+02
1.330979425246497385e+02
1.333979425246497499e+02
1.336979425246497613e+02
1.339979425246497726e+02
1.342979425246497840e+02
1.345979425246497954e+02
1.348979425246498067e+02
1.351979425246498181e+02
1.354979425246498295e+02
1.357979425246498408e+02
1.360979425246498522e+02
1.363979425246498636e+02
1.366979425246498749e+02
1.369979425246498863e+02
1.372979425246498977e+02
1.375979425246499090e+02
1.378979425246499204e+02
1.381979425246499318e+02
1.384979425246499432e+02
1.387979425246499545e+02
1.390979425246499659e+02
1.393979425246499773e+02
1.396979425246499886e+02
1.399979425246500000e+02
1.402979425246500114e+02
1.405979425246500227e+02
1.408979425246500341e+02
1.411979425246500455e+02
1.414979425246500568e+02
1.417979425246500682e+02
1.420979425246500796e+02
1.423979425246500909e+02
1.426979425246501023e+02
1.429979425246501137e+02
1.432979425246501251e+02
1.435979425246501364e+02
1.438979425246501478e+02
1.441979425246501592e+02
1.444979425246501705e+02
1.447979425246501819e+02
1.450979425246501933e+02
1.453979425246502046e+02
1.456979425246502160e+02
1.459979425246502274e+02
1.462979425246502387e+02
1.465979425246502501e+02
1.468979425246502615e+02
1.471979425246502728e+02
1.474979425246502842e+02
1.477979425246502956e+02
1.480979425246503070e+02
1.483979425246503183e+02
1.486979425246503297e+02
1.489979425246503411e+02
1.492979425246503524e+02
1.495979425246503638e+02
1.498979425246503752e+02
1.501979425246503865e+02
1.504979425246503979e+02
1.507979425246504093e+02
1.510979425246504206e+02
1.513979425246504320e+02
1.516979425246504434e+02
1.519979425246504547e+02
1.522979425246504661e+02
1.525979425246504775e+02
1.528979425246504888e+02
1.531979425246505002e+02
1.534979425246505116e+02
1.537979425246505230e+02
1.540979425246505343e+02
1.543979425246505457e+02
1.546979425246505571e+02
1.549979425246505684e+02
1.552979425246505798e+02
1.555979425246505912e+02
1.558979425246506025e+02
1.561979425246506139e+02
1.564979425246506253e+02
1.567979425246506366e+02
1.570979425246506480e+02
1.573979425246506594e+02
1.576979425246506707e+02
1.579979425246506821e+02
1.582979425246506935e+02
1.585979425246507049e+02
1.588979425246507162e+02
1.591979425246507276e+02
1.594979425246507390e+02
1.597979425246507503e+02
1.600979425246507617e+02
1.603979425246507731e+02
1.606979425246507844e+02
1.609979425246507958e+02
1.612979425246508072e+02
1.615979425246508185e+02
1.618979425246508299e+02
1.621979425246508413e+02
1.624979425246508526e+02
1.627979425246508640e+02
1.630979425246508754e+02
1.633979425246508868e+02
1.636979425246508981e+02
1.639979425246509095e+02
1.642979425246509209e+02
1.645979425246509322e+02
1.648979425246509436e+02
1.651979425246509550e+02
1.654979425246509663e+02
1.657979425246509777e+02
1.660979425246509891e+02
1.663979425246510004e+02
1.666979425246510118e+02
1.669979425246510232e+02
1.672979425246510345e+02
1.675979425246510459e+02
1.678979425246510573e+02
1.681979425246510687e+02
1.684979425246510800e+02
1.687979425246510914e+02
1.690979425246511028e+02
1.693979425246511141e+02
1.696979425246511255e+02
1.699979425246511369e+02
1.702979425246511482e+02
1.705979425246511596e+02
1.708979425246511710e+02
1.711979425246511823e+02
1.714979425246511937e+02
1.717979425246512051e+02
1.720979425246512164e+02
1.723979425246512278e+02
1.726979425246512392e+02
1.729979425246512506e+02
1.732979425246512619e+02
1.735979425246512733e+02
1.738979425246512847e+02
1.741979425246512960e+02
1.744979425246513074e+02
1.747979425246513188e+02
1.750979425246513301e+02
1.753979425246513415e+02
1.756979425246513529e+02
1.759979425246513642e+02
1.762979425246513756e+02
1.765979425246513870e+02
1.768979425246513983e+02
1.771979425246514097e+02
1.774979425246514211e+02
1.777979425246514324e+02
1.780979425246514438e+02
1.783979425246514552e+02
1.786979425246514666e+02
1.789979425246514779e+02
1.792979425246514893e+02
1.795979425246515007e+02
1.798979425246515120e+02
1.801979425246515234e+02
1.804979425246515348e+02
1.807979425246515461e+02
1.810979425246515575e+02
1.813979425246515689e+02
1.816979425246515802e+02
1.819979425246515916e+02
1.822979425246516030e+02
1.825979425246516143e+02
1.828979425246516257e+02
1.831979425246516371e+02
1.834979425246516485e+02
1.837979425246516598e+02
1.840979425246516712e+02
1.843979425246516826e+02
1.846979425246516939e+02
1.849979425246517053e+02
1.852979425246517167e+02
1.855979425246517280e+02
1.858979425246517394e+02
1.861979425246517508e+02
1.864979425246517621e+02
1.867979425246517735e+02
1.870979425246517849e+02
1.873979425246517962e+02
1.876979425246518076e+02
1.879979425246518190e+02
1.882979425246518304e+02
1.885979425246518417e+02
1.888979425246518531e+02
1.891979425246518645e+02
1.894979425246518758e+02
1.897979425246518872e+02
1.900979425246518986e+02
1.903979425246519099e+02
1.906979425246519213e+02
1.909979425246519327e+02
1.912979425246519440e+02
1.915979425246519554e+02
1.918979425246519668e+02
1.921979425246519781e+02
1.924979425246519895e+02
1.927979425246520009e+02
1.930979425246520123e+02
1.933979425246520236e+02
1.936979425246520350e+02
1.939979425246520464e+02
1.942979425246520577e+02
1.945979425246520691e+02
1.948979425246520805e+02
1.951979425246520918e+02
1.954979425246521032e+02
1.957979425246521146e+02
1.960979425246521259e+02
1.963979425246521373e+02
1.966979425246521487e+02
1.969979425246521600e+02
1.972979425246521714e+02
1.975979425246521828e+02
1.978979425246521942e+02
1.981979425246522055e+02
1.984979425246522169e+02
1.987979425246522283e+02
1.990979425246522396e+02
1.993979425246522510e+02
1.996979425246522624e+02
1.999979425246522737e+02
2.002979425246522851e+02
2.005979425246522965e+02
2.008979425246523078e+02
2.011979425246523192e+02
2.014979425246523306e+02
2.017979425246523419e+02
2.020979425246523533e+02
2.023979425246523647e+02
2.026979425246523761e+02
2.029979425246523874e+02
2.032979425246523988e+02
2.035979425246524102e+02
2.038979425246524215e+02
2.041979425246524329e+02
2.044979425246524443e+02
2.047979425246524556e+02
2.050979425246524670e+02
2.053979425246524784e+02
2.056979425246524897e+02
2.059979425246525011e+02
2.062979425246525125e+02
2.065979425246525238e+02
2.068979425246525352e+02
2.071979425246525466e+02
2.074979425246525579e+02
2.077979425246525693e+02
2.080979425246525807e+02
2.083979425246525921e+02
2.086979425246526034e+02
2.089979425246526148e+02
2.092979425246526262e+02
2.095979425246526375e+02
2.098979425246526489e+02
2.101979425246526603e+02
2.104979425246526716e+02
2.107979425246526830e+02
2.110979425246526944e+02
2.113979425246527057e+02
2.116979425246527171e+02
2.119979425246527285e+02
2.122979425246527398e+02
2.125979425246527512e+02
2.128979425246527626e+02
2.131979425246527740e+02
2.134979425246527853e+02
2.137979425246527967e+02
2.140979425246528081e+02
2.143979425246528194e+02
2.146979425246528308e+02
2.149979425246528422e+02
2.152979425246528535e+02
2.155979425246528649e+02
2.158979425246528763e+02
2.161979425246528876e+02
2.164979425246528990e+02
2.167979425246529104e+02
2.170979425246529217e+02
2.173979425246529331e+02
2.176979425246529445e+02
2.179979425246529559e+02
2.182979425246529672e+02
2.185979425246529786e+02
2.188979425246529900e+02
2.191979425246530013e+02
2.194979425246530127e+02
2.197979425246530241e+02
2.200979425246530354e+02
2.203979425246530468e+02
2.206979425246530582e+02
2.209979425246530695e+02
2.212979425246530809e+02
2.215979425246530923e+02
2.218979425246531036e+02
2.221979425246531150e+02
2.224979425246531264e+02
2.227979425246531378e+02
2.230979425246531491e+02
2.233979425246531605e+02
2.236979425246531719e+02
2.239979425246531832e+02
2.242979425246531946e+02
2.245979425246532060e+02
2.248979425246532173e+02
2.251979425246532287e+02
2.254979425246532401e+02
2.257979425246532514e+02
2.260979425246532628e+02
2.263979425246532742e+02
2.266979425246532855e+02
2.269979425246532969e+02
2.272979425246533083e+02
2.275979425246533197e+02
2.278979425246533310e+02
2.281979425246533424e+02
2.284979425246533538e+02
2.287979425246533651e+02
2.290979425246533765e+02
2.293979425246533879e+02
2.296979425246533992e+02
2.299979425246534106e+02
2.302979425246534220e+02
2.305979425246534333e+02
2.308979425246534447e+02
2.311979425246534561e+02
2.314979425246534674e+02
2.317979425246534788e+02
2.320979425246534902e+02
2.323979425246535016e+02
2.326979425246535129e+02
2.329979425246535243e+02
2.332979425246535357e+02
2.335979425246535470e+02
2.338979425246535584e+02
2.341979425246535698e+02
2.344979425246535811e+02
2.347979425246535925e+02
2.350979425246536039e+02
2.353979425246536152e+02
2.356979425246536266e+02
2.359979425246536380e+02
2.362979425246536493e+02
2.365979425246536607e+02
2.368979425246536721e+02
2.371979425246536834e+02
2.374979425246536948e+02
2.377979425246537062e+02
2.380979425246537176e+02
2.383979425246537289e+02
2.386979425246537403e+02
2.389979425246537517e+02
2.392979425246537630e+02
2.395979425246537744e+02
2.398979425246537858e+02
2.401979425246537971e+02
2.404979425246538085e+02
2.407979425246538199e+02
2.410979425246538312e+02
2.413979425246538426e+02
2.416979425246538540e+02
2.419979425246538653e+02
2.422979425246538767e+02
2.425979425246538881e+02
2.428979425246538995e+02
2.431979425246539108e+02
2.434979425246539222e+02
2.437979425246539336e+02
2.440979425246539449e+02
2.443979425246539563e+02
2.446979425246539677e+02
2.449979425246539790e+02
2.452979425246539904e+02
2.455979425246540018e+02
2.458979425246540131e+02
2.461979425246540245e+02
2.464979425246540359e+02
2.467979425246540472e+02
2.470979425246540586e+02
2.473979425246540700e+02
2.476979425246540814e+02
2.479979425246540927e+02
2.482979425246541041e+02
2.485979425246541155e+02
2.488979425246541268e+02
2.491979425246541382e+02
2.494979425246541496e+02
2.497979425246541609e+02
2.500979425246541723e+02
2.503979425246541837e+02
2.506979425246541950e+02
2.509979425246542064e+02
2.512979425246542178e+02
2.515979425246542291e+02
2.518979425246542405e+02
2.521979425246542519e+02
2.524979425246542633e+02
2.527979425246542746e+02
2.530979425246542860e+02
2.533979425246542974e+02
2.536979425246543087e+02
2.539979425246543201e+02
2.542979425246543315e+02
2.545979425246543428e+02
2.548979425246543542e+02
2.551979425246543656e+02
2.554979425246543769e+02
2.557979425246543883e+02
2.560979425246543997e+02
2.563979425246544110e+02
2.566979425246544224e+02
2.569979425246544338e+02
2.572979425246544452e+02
2.575979425246544565e+02
2.578979425246544679e+02
2.581979425246544793e+02
2.584979425246544906e+02
2.587979425246545020e+02
2.590979425246545134e+02
2.593979425246545247e+02
2.596979425246545361e+02
2.599979425246545475e+02
2.602979425246545588e+02
2.605979425246545702e+02
2.608979425246545816e+02
2.611979425246545929e+02
2.614979425246546043e+02
2.617979425246546157e+02
2.620979425246546271e+02
2.623979425246546384e+02
2.626979425246546498e+02
2.629979425246546612e+02
2.632979425246546725e+02
2.635979425246546839e+02
2.638979425246546953e+02
2.641979425246547066e+02
2.644979425246547180e+02
2.647979425246547294e+02
2.650979425246547407e+02
2.653979425246547521e+02
2.656979425246547635e+02
2.659979425246547748e+02
2.662979425246547862e+02
2.665979425246547976e+02
2.668979425246548089e+02
2.671979425246548203e+02
2.674979425246548317e+02
2.677979425246548431e+02
2.680979425246548544e+02
2.683979425246548658e+02
2.686979425246548772e+02
2.689979425246548885e+02
2.692979425246548999e+02
2.695979425246549113e+02
2.698979425246549226e+02
2.701979425246549340e+02
2.704979425246549454e+02
2.707979425246549567e+02
2.710979425246549681e+02
2.713979425246549795e+02
2.716979425246549908e+02
2.719979425246550022e+02
2.722979425246550136e+02
2.725979425246550250e+02
2.728979425246550363e+02
2.731979425246550477e+02
2.734979425246550591e+02
2.737979425246550704e+02
2.740979425246550818e+02
2.743979425246550932e+02
2.746979425246551045e+02
2.749979425246551159e+02
2.752979425246551273e+02
2.755979425246551386e+02
2.758979425246551500e+02
2.761979425246551614e+02
2.764979425246551727e+02
2.767979425246551841e+02
2.770979425246551955e+02
2.773979425246552069e+02
2.776979425246552182e+02
2.779979425246552296e+02
2.782979425246552410e+02
2.785979425246552523e+02
2.788979425246552637e+02
2.791979425246552751e+02
2.794979425246552864e+02
2.797979425246552978e+02
2.800979425246553092e+02
2.803979425246553205e+02
2.806979425246553319e+02
2.809979425246553433e+02
2.812979425246553546e+02
2.815979425246553660e+02
2.818979425246553774e+02
2.821979425246553888e+02
2.824979425246554001e+02
2.827979425246554115e+02
2.830979425246554229e+02
2.833979425246554342e+02
2.836979425246554456e+02
2.839979425246554570e+02
2.842979425246554683e+02
2.845979425246554797e+02
2.848979425246554911e+02
2.851979425246555024e+02
2.854979425246555138e+02
2.857979425246555252e+02
2.860979425246555365e+02
2.863979425246555479e+02
2.866979425246555593e+02
2.869979425246555707e+02
2.872979425246555820e+02
2.875979425246555934e+02
2.878979425246556048e+02
2.881979425246556161e+02
2.884979425246556275e+02
2.887979425246556389e+02
2.890979425246556502e+02
2.893979425246556616e+02
2.896979425246556730e+02
2.899979425246556843e+02
2.902979425246556957e+02
2.905979425246557071e+02
2.908979425246557184e+02
2.911979425246557298e+02
2.914979425246557412e+02
2.917979425246557525e+02
2.920979425246557639e+02
2.923979425246557753e+02
2.926979425246557867e+02
2.929979425246557980e+02
2.932979425246558094e+02
2.935979425246558208e+02
2.938979425246558321e+02
2.941979425246558435e+02
2.944979425246558549e+02
2.947979425246558662e+02
2.950979425246558776e+02
2.953979425246558890e+02
2.956979425246559003e+02
2.959979425246559117e+02
2.962979425246559231e+02
2.965979425246559344e+02
2.968979425246559458e+02
2.971979425246559572e+02
2.974979425246559686e+02
2.977979425246559799e+02
2.980979425246559913e+02
2.983979425246560027e+02
2.986979425246560140e+02
2.989979425246560254e+02
2.992979425246560368e+02
2.995979425246560481e+02
2.998979425246560595e+02
3.001979425246560709e+02
3.004979425246560822e+02
3.007979425246560936e+02
3.010979425246561050e+02
3.013979425246561163e+02
3.016979425246561277e+02
3.019979425246561391e+02
3.022979425246561505e+02
3.025979425246561618e+02
3.028979425246561732e+02
3.031979425246561846e+02
3.034979425246561959e+02
3.037979425246562073e+02
3.040979425246562187e+02
3.043979425246562300e+02
3.046979425246562414e+02
3.049979425246562528e+02
3.052979425246562641e+02
3.055979425246562755e+02
3.058979425246562869e+02
3.061979425246562982e+02
3.064979425246563096e+02
3.067979425246563210e+02
3.070979425246563324e+02
3.073979425246563437e+02
3.076979425246563551e+02
3.079979425246563665e+02
3.082979425246563778e+02
3.085979425246563892e+02
3.088979425246564006e+02
3.091979425246564119e+02
3.094979425246564233e+02
3.097979425246564347e+02
3.100979425246564460e+02
3.103979425246564574e+02
3.106979425246564688e+02
3.109979425246564801e+02
3.112979425246564915e+02
3.115979425246565029e+02
3.118979425246565143e+02
3.121979425246565256e+02
3.124979425246565370e+02
3.127979425246565484e+02
3.130979425246565597e+02
3.133979425246565711e+02
3.136979425246565825e+02
3.139979425246565938e+02
3.142979425246566052e+02
3.145979425246566166e+02
3.148979425246566279e+02
3.151979425246566393e+02
3.154979425246566507e+02
3.157979425246566620e+02
3.160979425246566734e+02
3.163979425246566848e+02
3.166979425246566962e+02
3.169979425246567075e+02
3.172979425246567189e+02
3.175979425246567303e+02
3.178979425246567416e+02
3.181979425246567530e+02
3.184979425246567644e+02
3.187979425246567757e+02
3.190979425246567871e+02
3.193979425246567985e+02
3.196979425246568098e+02
3.199979425246568212e+02
3.202979425246568326e+02
3.205979425246568439e+02
3.208979425246568553e+02
3.211979425246568667e+02
3.214979425246568780e+02
3.217979425246568894e+02
3.220979425246569008e+02
3.223979425246569122e+02
3.226979425246569235e+02
3.229979425246569349e+02
3.232979425246569463e+02
3.235979425246569576e+02
3.238979425246569690e+02
3.241979425246569804e+02
3.244979425246569917e+02
3.247979425246570031e+02
3.250979425246570145e+02
3.253979425246570258e+02
3.256979425246570372e+02
3.259979425246570486e+02
3.262979425246570599e+02
3.265979425246570713e+02
3.268979425246570827e+02
3.271979425246570941e+02
3.274979425246571054e+02
3.277979425246571168e+02
3.280979425246571282e+02
3.283979425246571395e+02
3.286979425246571509e+02
3.289979425246571623e+02
3.292979425246571736e+02
3.295979425246571850e+02
3.298979425246571964e+02
3.301979425246572077e+02
3.304979425246572191e+02
3.307979425246572305e+02
3.310979425246572418e+02
3.313979425246572532e+02
3.316979425246572646e+02
3.319979425246572760e+02
3.322979425246572873e+02
3.325979425246572987e+02
3.328979425246573101e+02
3.331979425246573214e+02
3.334979425246573328e+02
3.337979425246573442e+02
3.340979425246573555e+02
3.343979425246573669e+02
3.346979425246573783e+02
3.349979425246573896e+02
3.352979425246574010e+02
3.355979425246574124e+02
3.358979425246574237e+02
3.361979425246574351e+02
3.364979425246574465e+02
3.367979425246574579e+02
3.370979425246574692e+02
3.373979425246574806e+02
3.376979425246574920e+02
3.379979425246575033e+02
3.382979425246575147e+02
3.385979425246575261e+02
3.388979425246575374e+02
3.391979425246575488e+02
3.394979425246575602e+02
3.397979425246575715e+02
3.400979425246575829e+02
3.403979425246575943e+02
3.406979425246576056e+02
3.409979425246576170e+02
3.412979425246576284e+02
3.415979425246576398e+02
3.418979425246576511e+02
3.421979425246576625e+02
3.424979425246576739e+02
3.427979425246576852e+02
3.430979425246576966e+02
3.433979425246577080e+02
3.436979425246577193e+02
3.439979425246577307e+02
3.442979425246577421e+02
3.445979425246577534e+02
3.448979425246577648e+02
3.451979425246577762e+02
3.454979425246577875e+02
3.457979425246577989e+02
3.460979425246578103e+02
3.463979425246578217e+02
3.466979425246578330e+02
3.469979425246578444e+02
3.472979425246578558e+02
3.475979425246578671e+02
3.478979425246578785e+02
3.481979425246578899e+02
3.484979425246579012e+02
3.487979425246579126e+02
3.490979425246579240e+02
3.493979425246579353e+02
3.496979425246579467e+02
3.499979425246579581e+02
3.502979425246579694e+02
3.505979425246579808e+02
3.508979425246579922e+02
3.511979425246580035e+02
3.514979425246580149e+02
3.517979425246580263e+02
3.520979425246580377e+02
3.523979425246580490e+02
3.526979425246580604e+02
3.529979425246580718e+02
3.532979425246580831e+02
3.535979425246580945e+02
3.538979425246581059e+02
3.541979425246581172e+02
3.544979425246581286e+02
3.547979425246581400e+02
3.550979425246581513e+02
3.553979425246581627e+02
3.556979425246581741e+02
3.559979425246581854e+02
3.562979425246581968e+02
3.565979425246582082e+02
3.568979425246582196e+02
3.571979425246582309e+02
3.574979425246582423e+02
3.577979425246582537e+02
3.580979425246582650e+02
3.583979425246582764e+02
3.586979425246582878e+02
3.589979425246582991e+02
3.592979425246583105e+02
3.595979425246583219e+02
3.598979425246583332e+02
3.601979425246583446e+02
3.604979425246583560e+02
3.607979425246583673e+02
3.610979425246583787e+02
3.613979425246583901e+02
3.616979425246584015e+02
3.619979425246584128e+02
3.622979425246584242e+02
3.625979425246584356e+02
3.628979425246584469e+02
3.631979425246584583e+02
3.634979425246584697e+02
3.637979425246584810e+02
3.640979425246584924e+02
3.643979425246585038e+02
3.646979425246585151e+02
3.649979425246585265e+02
3.652979425246585379e+02
3.655979425246585492e+02
3.658979425246585606e+02
3.661979425246585720e+02
3.664979425246585834e+02
3.667979425246585947e+02
3.670979425246586061e+02
3.673979425246586175e+02
3.676979425246586288e+02
3.679979425246586402e+02
3.682979425246586516e+02
3.685979425246586629e+02
3.688979425246586743e+02
3.691979425246586857e+02
3.694979425246586970e+02
3.697979425246587084e+02
3.700979425246587198e+02
3.703979425246587311e+02
3.706979425246587425e+02
3.709979425246587539e+02
3.712979425246587653e+02
3.715979425246587766e+02
3.718979425246587880e+02
3.721979425246587994e+02
3.724979425246588107e+02
3.727979425246588221e+02
3.730979425246588335e+02
3.733979425246588448e+02
3.736979425246588562e+02
3.739979425246588676e+02
3.742979425246588789e+02
3.745979425246588903e+02
3.748979425246589017e+02
3.751979425246589130e+02
3.754979425246589244e+02
3.757979425246589358e+02
3.760979425246589471e+02
3.763979425246589585e+02
3.766979425246589699e+02
3.769979425246589813e+02
3.772979425246589926e+02
3.775979425246590040e+02
3.778979425246590154e+02
3.781979425246590267e+02
3.784979425246590381e+02
3.787979425246590495e+02
3.790979425246590608e+02
3.793979425246590722e+02
3.796979425246590836e+02
3.799979425246590949e+02
3.802979425246591063e+02
3.805979425246591177e+02
3.808979425246591290e+02
3.811979425246591404e+02
3.814979425246591518e+02
3.817979425246591632e+02
3.820979425246591745e+02
3.823979425246591859e+02
3.826979425246591973e+02
3.829979425246592086e+02
3.832979425246592200e+02
3.835979425246592314e+02
3.838979425246592427e+02
3.841979425246592541e+02
3.844979425246592655e+02
3.847979425246592768e+02
3.850979425246592882e+02
3.853979425246592996e+02
3.856979425246593109e+02
3.859979425246593223e+02
3.862979425246593337e+02
3.865979425246593451e+02
3.868979425246593564e+02
3.871979425246593678e+02
3.874979425246593792e+02
3.877979425246593905e+02
3.880979425246594019e+02
3.883979425246594133e+02
3.886979425246594246e+02
3.889979425246594360e+02
3.892979425246594474e+02
3.895979425246594587e+02
3.898979425246594701e+02
3.901979425246594815e+02
3.904979425246594928e+02
3.907979425246595042e+02
3.910979425246595156e+02
3.913979425246595270e+02
3.916979425246595383e+02
3.919979425246595497e+02
3.922979425246595611e+02
3.925979425246595724e+02
3.928979425246595838e+02
3.931979425246595952e+02
3.934979425246596065e+02
3.937979425246596179e+02
3.940979425246596293e+02
3.943979425246596406e+02
3.946979425246596520e+02
3.949979425246596634e+02
3.952979425246596747e+02
3.955979425246596861e+02
3.958979425246596975e+02
3.961979425246597089e+02
3.964979425246597202e+02
3.967979425246597316e+02
3.970979425246597430e+02
3.973979425246597543e+02
3.976979425246597657e+02
3.979979425246597771e+02
3.982979425246597884e+02
3.985979425246597998e+02
3.988979425246598112e+02
3.991979425246598225e+02
3.994979425246598339e+02
3.997979425246598453e+02
4.000979425246598566e+02
4.003979425246598680e+02
4.006979425246598794e+02
4.009979425246598908e+02
4.012979425246599021e+02
4.015979425246599135e+02
4.018979425246599249e+02
4.021979425246599362e+02
4.024979425246599476e+02
4.027979425246599590e+02
4.030979425246599703e+02
4.033979425246599817e+02
4.036979425246599931e+02
4.039979425246600044e+02
4.042979425246600158e+02
4.045979425246600272e+02
4.048979425246600385e+02
4.051979425246600499e+02
4.054979425246600613e+02
4.057979425246600726e+02
4.060979425246600840e+02
4.063979425246600954e+02
4.066979425246601068e+02
4.069979425246601181e+02
4.072979425246601295e+02
4.075979425246601409e+02
4.078979425246601522e+02
4.081979425246601636e+02
4.084979425246601750e+02
4.087979425246601863e+02
4.090979425246601977e+02
4.093979425246602091e+02
4.096979425246602204e+02
4.099979425246602318e+02
4.102979425246602432e+02
4.105979425246602545e+02
4.108979425246602659e+02
4.111979425246602773e+02
4.114979425246602887e+02
4.117979425246603000e+02
4.120979425246603114e+02
4.123979425246603228e+02
4.126979425246603341e+02
4.129979425246603455e+02
4.132979425246603569e+02
4.135979425246603682e+02
4.138979425246603796e+02
4.141979425246603910e+02
4.144979425246604023e+02
4.147979425246604137e+02
4.150979425246604251e+02
4.153979425246604364e+02
4.156979425246604478e+02
4.159979425246604592e+02
4.162979425246604706e+02
4.165979425246604819e+02
4.168979425246604933e+02
4.171979425246605047e+02
4.174979425246605160e+02
4.177979425246605274e+02
4.180979425246605388e+02
4.183979425246605501e+02
4.186979425246605615e+02
4.189979425246605729e+02
4.192979425246605842e+02
4.195979425246605956e+02
4.198979425246606070e+02
4.201979425246606183e+02
4.204979425246606297e+02
4.207979425246606411e+02
4.210979425246606525e+02
4.213979425246606638e+02
4.216979425246606752e+02
4.219979425246606866e+02
4.222979425246606979e+02
4.225979425246607093e+02
4.228979425246607207e+02
4.231979425246607320e+02
4.234979425246607434e+02
4.237979425246607548e+02
4.240979425246607661e+02
4.243979425246607775e+02
4.246979425246607889e+02
4.249979425246608002e+02
4.252979425246608116e+02
4.255979425246608230e+02
4.258979425246608344e+02
4.261979425246608457e+02
4.264979425246608571e+02
4.267979425246608685e+02
4.270979425246608798e+02
4.273979425246608912e+02
4.276979425246609026e+02
4.279979425246609139e+02
4.282979425246609253e+02
4.285979425246609367e+02
4.288979425246609480e+02
4.291979425246609594e+02
4.294979425246609708e+02
4.297979425246609821e+02
4.300979425246609935e+02
4.303979425246610049e+02
4.306979425246610163e+02
4.309979425246610276e+02
4.312979425246610390e+02
4.315979425246610504e+02
4.318979425246610617e+02
4.321979425246610731e+02
4.324979425246610845e+02
4.327979425246610958e+02
4.330979425246611072e+02
4.333979425246611186e+02
4.336979425246611299e+02
4.339979425246611413e+02
4.342979425246611527e+02
4.345979425246611640e+02
4.348979425246611754e+02
4.351979425246611868e+02
4.354979425246611981e+02
4.357979425246612095e+02
4.360979425246612209e+02
4.363979425246612323e+02
4.366979425246612436e+02
4.369979425246612550e+02
4.372979425246612664e+02
4.375979425246612777e+02
4.378979425246612891e+02
4.381979425246613005e+02
4.384979425246613118e+02
4.387979425246613232e+02
4.390979425246613346e+02
4.393979425246613459e+02
4.396979425246613573e+02
4.399979425246613687e+02
4.402979425246613800e+02
4.405979425246613914e+02
4.408979425246614028e+02
4.411979425246614142e+02
4.414979425246614255e+02
4.417979425246614369e+02
4.420979425246614483e+02
4.423979425246614596e+02
4.426979425246614710e+02
4.429979425246614824e+02
4.432979425246614937e+02
4.435979425246615051e+02
4.438979425246615165e+02
4.441979425246615278e+02
4.444979425246615392e+02
4.447979425246615506e+02
4.450979425246615619e+02
4.453979425246615733e+02
4.456979425246615847e+02
4.459979425246615961e+02
4.462979425246616074e+02
4.465979425246616188e+02
4.468979425246616302e+02
4.471979425246616415e+02
4.474979425246616529e+02
4.477979425246616643e+02
4.480979425246616756e+02
4.483979425246616870e+02
4.486979425246616984e+02
4.489979425246617097e+02
4.492979425246617211e+02
4.495979425246617325e+02
4.498979425246617438e+02
4.501979425246617552e+02
4.504979425246617666e+02
4.507979425246617780e+02
4.510979425246617893e+02
4.513979425246618007e+02
4.516979425246618121e+02
4.519979425246618234e+02
4.522979425246618348e+02
4.525979425246618462e+02
4.528979425246618575e+02
4.531979425246618689e+02
4.534979425246618803e+02
4.537979425246618916e+02
4.540979425246619030e+02
4.543979425246619144e+02
4.546979425246619257e+02
4.549979425246619371e+02
4.552979425246619485e+02
4.555979425246619599e+02
4.558979425246619712e+02
4.561979425246619826e+02
4.564979425246619940e+02
4.567979425246620053e+02
4.570979425246620167e+02
4.573979425246620281e+02
4.576979425246620394e+02
4.579979425246620508e+02
4.582979425246620622e+02
4.585979425246620735e+02
4.588979425246620849e+02
4.591979425246620963e+02
4.594979425246621076e+02
4.597979425246621190e+02
4.600979425246621304e+02
4.603979425246621418e+02
4.606979425246621531e+02
4.609979425246621645e+02
4.612979425246621759e+02
4.615979425246621872e+02
4.618979425246621986e+02
4.621979425246622100e+02
4.624979425246622213e+02
4.627979425246622327e+02
4.630979425246622441e+02
4.633979425246622554e+02
4.636979425246622668e+02
4.639979425246622782e+02
4.642979425246622895e+02
4.645979425246623009e+02
4.648979425246623123e+02
4.651979425246623236e+02
4.654979425246623350e+02
4.657979425246623464e+02
4.660979425246623578e+02
4.663979425246623691e+02
4.666979425246623805e+02
4.669979425246623919e+02
4.672979425246624032e+02
4.675979425246624146e+02
4.678979425246624260e+02
4.681979425246624373e+02
4.684979425246624487e+02
4.687979425246624601e+02
4.690979425246624714e+02
4.693979425246624828e+02
4.696979425246624942e+02
4.699979425246625055e+02
4.702979425246625169e+02
4.705979425246625283e+02
4.708979425246625397e+02
4.711979425246625510e+02
4.714979425246625624e+02
4.717979425246625738e+02
4.720979425246625851e+02
4.723979425246625965e+02
4.726979425246626079e+02
4.729979425246626192e+02
4.732979425246626306e+02
4.735979425246626420e+02
4.738979425246626533e+02
4.741979425246626647e+02
4.744979425246626761e+02
4.747979425246626874e+02
4.750979425246626988e+02
4.753979425246627102e+02
4.756979425246627216e+02
4.759979425246627329e+02
4.762979425246627443e+02
4.765979425246627557e+02
4.768979425246627670e+02
4.771979425246627784e+02
4.774979425246627898e+02
4.777979425246628011e+02
4.780979425246628125e+02
4.783979425246628239e+02
4.786979425246628352e+02
4.789979425246628466e+02
4.792979425246628580e+02
4.795979425246628693e+02
4.798979425246628807e+02
4.801979425246628921e+02
4.804979425246629035e+02
4.807979425246629148e+02
4.810979425246629262e+02
4.813979425246629376e+02
4.816979425246629489e+02
4.819979425246629603e+02
4.822979425246629717e+02
4.825979425246629830e+02
4.828979425246629944e+02
4.831979425246630058e+02
4.834979425246630171e+02
4.837979425246630285e+02
4.840979425246630399e+02
4.843979425246630512e+02
4.846979425246630626e+02
4.849979425246630740e+02
4.852979425246630854e+02
4.855979425246630967e+02
4.858979425246631081e+02
4.861979425246631195e+02
4.864979425246631308e+02
4.867979425246631422e+02
4.870979425246631536e+02
4.873979425246631649e+02
4.876979425246631763e+02
4.879979425246631877e+02
4.882979425246631990e+02
4.885979425246632104e+02
4.888979425246632218e+02
4.891979425246632331e+02
4.894979425246632445e+02
4.897979425246632559e+02
4.900979425246632672e+02
4.903979425246632786e+02
4.906979425246632900e+02
4.909979425246633014e+02
4.912979425246633127e+02
4.915979425246633241e+02
4.918979425246633355e+02
4.921979425246633468e+02
4.924979425246633582e+02
4.927979425246633696e+02
4.930979425246633809e+02
4.933979425246633923e+02
4.936979425246634037e+02
4.939979425246634150e+02
4.942979425246634264e+02
4.945979425246634378e+02
4.948979425246634491e+02
4.951979425246634605e+02
4.954979425246634719e+02
4.957979425246634833e+02
4.960979425246634946e+02
4.963979425246635060e+02
4.966979425246635174e+02
4.969979425246635287e+02
4.972979425246635401e+02
4.975979425246635515e+02
4.978979425246635628e+02
4.981979425246635742e+02
4.984979425246635856e+02
4.987979425246635969e+02
4.990979425246636083e+02
4.993979425246636197e+02
4.996979425246636310e+02
4.999979425246636424e+02
5.000000000000000000e+02
