-1.000000000000000000e+02
-9.992928932188134183e+01
-9.985857864376268367e+01
-9.978786796564402550e+01
-9.971715728752536734e+01
-9.964644660940670917e+01
-9.957573593128805101e+01
-9.950502525316939284e+01
-9.943431457505073467e+01
-9.936360389693207651e+01
-9.929289321881341834e+01
-9.922218254069476018e+01
-9.915147186257610201e+01
-9.908076118445744385e+01
-9.901005050633878568e+01
-9.893933982822012752e+01
-9.886862915010146935e+01
-9.879791847198281118e+01
-9.872720779386415302e+01
-9.865649711574549485e+01
-9.858578643762683669e+01
-9.851507575950817852e+01
-9.844436508138952036e+01
-9.837365440327086219e+01
-9.830294372515220402e+01
-9.823223304703354586e+01
-9.816152236891488769e+01
-9.809081169079622953e+01
-9.802010101267757136e+01
-9.794939033455891320e+01
-9.787867965644025503e+01
-9.780796897832159686e+01
-9.773725830020293870e+01
-9.766654762208428053e+01
-9.759583694396562237e+01
-9.752512626584696420e+01
-9.745441558772830604e+01
-9.738370490960964787e+01
-9.731299423149098970e+01
-9.724228355337233154e+01
-9.717157287525367337e+01
-9.710086219713501521e+01
-9.703015151901635704e+01
-9.695944084089769888e+01
-9.688873016277904071e+01
-9.681801948466038255e+01
-9.674730880654172438e+01
-9.667659812842306621e+01
-9.660588745030440805e+01
-9.653517677218574988e+01
-9.646446609406709172e+01
-9.639375541594843355e+01
-9.632304473782977539e+01
-9.625233405971111722e+01
-9.618162338159245905e+01
-9.611091270347380089e+01
-9.604020202535514272e+01
-9.596949134723648456e+01
-9.589878066911782639e+01
-9.582806999099916823e+01
-9.575735931288051006e+01
-9.568664863476185189e+01
-9.561593795664319373e+01
-9.554522727852453556e+01
-9.547451660040587740e+01
-9.540380592228721923e+01
-9.533309524416856107e+01
-9.526238456604990290e+01
-9.519167388793124474e+01
-9.512096320981258657e+01
-9.505025253169392840e+01
-9.497954185357527024e+01
-9.490883117545661207e+01
-9.483812049733795391e+01
-9.476740981921929574e+01
-9.469669914110063758e+01
-9.462598846298197941e+01
-9.455527778486332124e+01
-9.448456710674466308e+01
-9.441385642862600491e+01
-9.434314575050734675e+01
-9.427243507238868858e+01
-9.420172439427003042e+01
-9.413101371615137225e+01
-9.406030303803271408e+01
-9.398959235991405592e+01
-9.391888168179539775e+01
-9.384817100367673959e+01
-9.377746032555808142e+01
-9.370674964743942326e+01
-9.363603896932076509e+01
-9.356532829120210693e+01
-9.349461761308344876e+01
-9.342390693496479059e+01
-9.335319625684613243e+01
-9.328248557872747426e+01
-9.321177490060881610e+01
-9.314106422249015793e+01
-9.307035354437149977e+01
-9.299964286625284160e+01
-9.292893218813418343e+01
-9.285822151001552527e+01
-9.278751083189686710e+01
-9.271680015377820894e+01
-9.264608947565955077e+01
-9.257537879754089261e+01
-9.250466811942223444e+01
-9.243395744130357627e+01
-9.236324676318491811e+01
-9.229253608506625994e+01
-9.222182540694760178e+01
-9.215111472882894361e+01
-9.208040405071028545e+01
-9.200969337259162728e+01
-9.193898269447296911e+01
-9.186827201635431095e+01
-9.179756133823565278e+01
-9.172685066011699462e+01
-9.165613998199833645e+01
-9.158542930387967829e+01
-9.151471862576102012e+01
-9.144400794764236196e+01
-9.137329726952370379e+01
-9.130258659140504562e+01
-9.123187591328638746e+01
-9.116116523516772929e+01
-9.109045455704907113e+01
-9.101974387893041296e+01
-9.094903320081175480e+01
-9.087832252269309663e+01
-9.080761184457443846e+01
-9.073690116645578030e+01
-9.066619048833712213e+01
-9.059547981021846397e+01
-9.052476913209980580e+01
-9.045405845398114764e+01
-9.038334777586248947e+01
-9.031263709774383130e+01
-9.024192641962517314e+01
-9.017121574150651497e+01
-9.010050506338785681e+01
-9.002979438526919864e+01
-8.995908370715054048e+01
-8.988837302903188231e+01
-8.981766235091322415e+01
-8.974695167279456598e+01
-8.967624099467590781e+01
-8.960553031655724965e+01
-8.953481963843859148e+01
-8.946410896031993332e+01
-8.939339828220127515e+01
-8.932268760408261699e+01
-8.925197692596395882e+01
-8.918126624784530065e+01
-8.911055556972664249e+01
-8.903984489160798432e+01
-8.896913421348932616e+01
-8.889842353537066799e+01
-8.882771285725200983e+01
-8.875700217913335166e+01
-8.868629150101469349e+01
-8.861558082289603533e+01
-8.854487014477737716e+01
-8.847415946665871900e+01
-8.840344878854006083e+01
-8.833273811042140267e+01
-8.826202743230274450e+01
-8.819131675418408634e+01
-8.812060607606542817e+01
-8.804989539794677000e+01
-8.797918471982811184e+01
-8.790847404170945367e+01
-8.783776336359079551e+01
-8.776705268547213734e+01
-8.769634200735347918e+01
-8.762563132923482101e+01
-8.755492065111616284e+01
-8.748420997299750468e+01
-8.741349929487884651e+01
-8.734278861676018835e+01
-8.727207793864153018e+01
-8.720136726052287202e+01
-8.713065658240421385e+01
-8.705994590428555568e+01
-8.698923522616689752e+01
-8.691852454804823935e+01
-8.684781386992958119e+01
-8.677710319181092302e+01
-8.670639251369226486e+01
-8.663568183557360669e+01
-8.656497115745494852e+01
-8.649426047933629036e+01
-8.642354980121763219e+01
-8.635283912309897403e+01
-8.628212844498031586e+01
-8.621141776686165770e+01
-8.614070708874299953e+01
-8.606999641062434137e+01
-8.599928573250568320e+01
-8.592857505438702503e+01
-8.585786437626836687e+01
-8.578715369814970870e+01
-8.571644302003105054e+01
-8.564573234191239237e+01
-8.557502166379373421e+01
-8.550431098567507604e+01
-8.543360030755641787e+01
-8.536288962943775971e+01
-8.529217895131910154e+01
-8.522146827320044338e+01
-8.515075759508178521e+01
-8.508004691696312705e+01
-8.500933623884446888e+01
-8.493862556072581071e+01
-8.486791488260715255e+01
-8.479720420448849438e+01
-8.472649352636983622e+01
-8.465578284825117805e+01
-8.458507217013251989e+01
-8.451436149201386172e+01
-8.444365081389520356e+01
-8.437294013577654539e+01
-8.430222945765788722e+01
-8.423151877953922906e+01
-8.416080810142057089e+01
-8.409009742330191273e+01
-8.401938674518325456e+01
-8.394867606706459640e+01
-8.387796538894593823e+01
-8.380725471082728006e+01
-8.373654403270862190e+01
-8.366583335458996373e+01
-8.359512267647130557e+01
-8.352441199835264740e+01
-8.345370132023398924e+01
-8.338299064211533107e+01
-8.331227996399667290e+01
-8.324156928587801474e+01
-8.317085860775935657e+01
-8.310014792964069841e+01
-8.302943725152204024e+01
-8.295872657340338208e+01
-8.288801589528472391e+01
-8.281730521716606575e+01
-8.274659453904740758e+01
-8.267588386092874941e+01
-8.260517318281009125e+01
-8.253446250469143308e+01
-8.246375182657277492e+01
-8.239304114845411675e+01
-8.232233047033545859e+01
-8.225161979221680042e+01
-8.218090911409814225e+01
-8.211019843597948409e+01
-8.203948775786082592e+01
-8.196877707974216776e+01
-8.189806640162350959e+01
-8.182735572350485143e+01
-8.175664504538619326e+01
-8.168593436726753509e+01
-8.161522368914887693e+01
-8.154451301103021876e+01
-8.147380233291156060e+01
-8.140309165479290243e+01
-8.133238097667424427e+01
-8.126167029855558610e+01
-8.119095962043692793e+01
-8.112024894231826977e+01
-8.104953826419961160e+01
-8.097882758608095344e+01
-8.090811690796229527e+01
-8.083740622984363711e+01
-8.076669555172497894e+01
-8.069598487360632078e+01
-8.062527419548766261e+01
-8.055456351736900444e+01
-8.048385283925034628e+01
-8.041314216113168811e+01
-8.034243148301302995e+01
-8.027172080489437178e+01
-8.020101012677571362e+01
-8.013029944865705545e+01
-8.005958877053839728e+01
-7.998887809241973912e+01
-7.991816741430108095e+01
-7.984745673618242279e+01
-7.977674605806376462e+01
-7.970603537994510646e+01
-7.963532470182644829e+01
-7.956461402370779012e+01
-7.949390334558913196e+01
-7.942319266747047379e+01
-7.935248198935181563e+01
-7.928177131123315746e+01
-7.921106063311449930e+01
-7.914034995499584113e+01
-7.906963927687718297e+01
-7.899892859875852480e+01
-7.892821792063986663e+01
-7.885750724252120847e+01
-7.878679656440255030e+01
-7.871608588628389214e+01
-7.864537520816523397e+01
-7.857466453004657581e+01
-7.850395385192791764e+01
-7.843324317380925947e+01
-7.836253249569060131e+01
-7.829182181757194314e+01
-7.822111113945328498e+01
-7.815040046133462681e+01
-7.807968978321596865e+01
-7.800897910509731048e+01
-7.793826842697865231e+01
-7.786755774885999415e+01
-7.779684707074133598e+01
-7.772613639262267782e+01
-7.765542571450401965e+01
-7.758471503638536149e+01
-7.751400435826670332e+01
-7.744329368014804515e+01
-7.737258300202938699e+01
-7.730187232391072882e+01
-7.723116164579207066e+01
-7.716045096767341249e+01
-7.708974028955475433e+01
-7.701902961143609616e+01
-7.694831893331743800e+01
-7.687760825519877983e+01
-7.680689757708012166e+01
-7.673618689896146350e+01
-7.666547622084280533e+01
-7.659476554272414717e+01
-7.652405486460548900e+01
-7.645334418648683084e+01
-7.638263350836817267e+01
-7.631192283024951450e+01
-7.624121215213085634e+01
-7.617050147401219817e+01
-7.609979079589354001e+01
-7.602908011777488184e+01
-7.595836943965622368e+01
-7.588765876153756551e+01
-7.581694808341890734e+01
-7.574623740530024918e+01
-7.567552672718159101e+01
-7.560481604906293285e+01
-7.553410537094427468e+01
-7.546339469282561652e+01
-7.539268401470695835e+01
-7.532197333658830019e+01
-7.525126265846964202e+01
-7.518055198035098385e+01
-7.510984130223232569e+01
-7.503913062411366752e+01
-7.496841994599500936e+01
-7.489770926787635119e+01
-7.482699858975769303e+01
-7.475628791163903486e+01
-7.468557723352037669e+01
-7.461486655540171853e+01
-7.454415587728306036e+01
-7.447344519916440220e+01
-7.440273452104574403e+01
-7.433202384292708587e+01
-7.426131316480842770e+01
-7.419060248668976953e+01
-7.411989180857111137e+01
-7.404918113045245320e+01
-7.397847045233379504e+01
-7.390775977421513687e+01
-7.383704909609647871e+01
-7.376633841797782054e+01
-7.369562773985916238e+01
-7.362491706174050421e+01
-7.355420638362184604e+01
-7.348349570550318788e+01
-7.341278502738452971e+01
-7.334207434926587155e+01
-7.327136367114721338e+01
-7.320065299302855522e+01
-7.312994231490989705e+01
-7.305923163679123888e+01
-7.298852095867258072e+01
-7.291781028055392255e+01
-7.284709960243526439e+01
-7.277638892431660622e+01
-7.270567824619794806e+01
-7.263496756807928989e+01
-7.256425688996063172e+01
-7.249354621184197356e+01
-7.242283553372331539e+01
-7.235212485560465723e+01
-7.228141417748599906e+01
-7.221070349936734090e+01
-7.213999282124868273e+01
-7.206928214313002456e+01
-7.199857146501136640e+01
-7.192786078689270823e+01
-7.185715010877405007e+01
-7.178643943065539190e+01
-7.171572875253673374e+01
-7.164501807441807557e+01
-7.157430739629941741e+01
-7.150359671818075924e+01
-7.143288604006210107e+01
-7.136217536194344291e+01
-7.129146468382478474e+01
-7.122075400570612658e+01
-7.115004332758746841e+01
-7.107933264946881025e+01
-7.100862197135015208e+01
-7.093791129323149391e+01
-7.086720061511283575e+01
-7.079648993699417758e+01
-7.072577925887551942e+01
-7.065506858075686125e+01
-7.058435790263820309e+01
-7.051364722451954492e+01
-7.044293654640088675e+01
-7.037222586828222859e+01
-7.030151519016357042e+01
-7.023080451204491226e+01
-7.016009383392625409e+01
-7.008938315580759593e+01
-7.001867247768893776e+01
-6.994796179957027960e+01
-6.987725112145162143e+01
-6.980654044333296326e+01
-6.973582976521430510e+01
-6.966511908709564693e+01
-6.959440840897698877e+01
-6.952369773085833060e+01
-6.945298705273967244e+01
-6.938227637462101427e+01
-6.931156569650235610e+01
-6.924085501838369794e+01
-6.917014434026503977e+01
-6.909943366214638161e+01
-6.902872298402772344e+01
-6.895801230590906528e+01
-6.888730162779040711e+01
-6.881659094967174894e+01
-6.874588027155309078e+01
-6.867516959343443261e+01
-6.860445891531577445e+01
-6.853374823719711628e+01
-6.846303755907845812e+01
-6.839232688095979995e+01
-6.832161620284114179e+01
-6.825090552472248362e+01
-6.818019484660382545e+01
-6.810948416848516729e+01
-6.803877349036650912e+01
-6.796806281224785096e+01
-6.789735213412919279e+01
-6.782664145601053463e+01
-6.775593077789187646e+01
-6.768522009977321829e+01
-6.761450942165456013e+01
-6.754379874353590196e+01
-6.747308806541724380e+01
-6.740237738729858563e+01
-6.733166670917992747e+01
-6.726095603106126930e+01
-6.719024535294261113e+01
-6.711953467482395297e+01
-6.704882399670529480e+01
-6.697811331858663664e+01
-6.690740264046797847e+01
-6.683669196234932031e+01
-6.676598128423066214e+01
-6.669527060611200397e+01
-6.662455992799334581e+01
-6.655384924987468764e+01
-6.648313857175602948e+01
-6.641242789363737131e+01
-6.634171721551871315e+01
-6.627100653740005498e+01
-6.620029585928139682e+01
-6.612958518116273865e+01
-6.605887450304408048e+01
-6.598816382492542232e+01
-6.591745314680676415e+01
-6.584674246868810599e+01
-6.577603179056944782e+01
-6.570532111245078966e+01
-6.563461043433213149e+01
-6.556389975621347332e+01
-6.549318907809481516e+01
-6.542247839997615699e+01
-6.535176772185749883e+01
-6.528105704373884066e+01
-6.521034636562018250e+01
-6.513963568750152433e+01
-6.506892500938286616e+01
-6.499821433126420800e+01
-6.492750365314554983e+01
-6.485679297502689167e+01
-6.478608229690823350e+01
-6.471537161878957534e+01
-6.464466094067091717e+01
-6.457395026255225901e+01
-6.450323958443360084e+01
-6.443252890631494267e+01
-6.436181822819628451e+01
-6.429110755007762634e+01
-6.422039687195896818e+01
-6.414968619384031001e+01
-6.407897551572165185e+01
-6.400826483760299368e+01
-6.393755415948433551e+01
-6.386684348136567735e+01
-6.379613280324701918e+01
-6.372542212512836102e+01
-6.365471144700970285e+01
-6.358400076889104469e+01
-6.351329009077238652e+01
-6.344257941265372835e+01
-6.337186873453507019e+01
-6.330115805641641202e+01
-6.323044737829775386e+01
-6.315973670017909569e+01
-6.308902602206043753e+01
-6.301831534394177936e+01
-6.294760466582312119e+01
-6.287689398770446303e+01
-6.280618330958580486e+01
-6.273547263146714670e+01
-6.266476195334848853e+01
-6.259405127522983037e+01
-6.252334059711117220e+01
-6.245262991899251404e+01
-6.238191924087385587e+01
-6.231120856275519770e+01
-6.224049788463653954e+01
-6.216978720651788137e+01
-6.209907652839922321e+01
-6.202836585028056504e+01
-6.195765517216190688e+01
-6.188694449404324871e+01
-6.181623381592459054e+01
-6.174552313780593238e+01
-6.167481245968727421e+01
-6.160410178156861605e+01
-6.153339110344995788e+01
-6.146268042533129972e+01
-6.139196974721264155e+01
-6.132125906909398338e+01
-6.125054839097532522e+01
-6.117983771285666705e+01
-6.110912703473800889e+01
-6.103841635661935072e+01
-6.096770567850069256e+01
-6.089699500038203439e+01
-6.082628432226337623e+01
-6.075557364414471806e+01
-6.068486296602605989e+01
-6.061415228790740173e+01
-6.054344160978874356e+01
-6.047273093167008540e+01
-6.040202025355142723e+01
-6.033130957543276907e+01
-6.026059889731411090e+01
-6.018988821919545273e+01
-6.011917754107679457e+01
-6.004846686295813640e+01
-5.997775618483947824e+01
-5.990704550672082007e+01
-5.983633482860216191e+01
-5.976562415048350374e+01
-5.969491347236484557e+01
-5.962420279424618741e+01
-5.955349211612752924e+01
-5.948278143800887108e+01
-5.941207075989021291e+01
-5.934136008177155475e+01
-5.927064940365289658e+01
-5.919993872553423842e+01
-5.912922804741558025e+01
-5.905851736929692208e+01
-5.898780669117826392e+01
-5.891709601305960575e+01
-5.884638533494094759e+01
-5.877567465682228942e+01
-5.870496397870363126e+01
-5.863425330058497309e+01
-5.856354262246631492e+01
-5.849283194434765676e+01
-5.842212126622899859e+01
-5.835141058811034043e+01
-5.828069990999168226e+01
-5.820998923187302410e+01
-5.813927855375436593e+01
-5.806856787563570776e+01
-5.799785719751704960e+01
-5.792714651939839143e+01
-5.785643584127973327e+01
-5.778572516316107510e+01
-5.771501448504241694e+01
-5.764430380692375877e+01
-5.757359312880510060e+01
-5.750288245068644244e+01
-5.743217177256778427e+01
-5.736146109444912611e+01
-5.729075041633046794e+01
-5.722003973821180978e+01
-5.714932906009315161e+01
-5.707861838197449345e+01
-5.700790770385583528e+01
-5.693719702573717711e+01
-5.686648634761851895e+01
-5.679577566949986078e+01
-5.672506499138120262e+01
-5.665435431326254445e+01
-5.658364363514388629e+01
-5.651293295702522812e+01
-5.644222227890656995e+01
-5.637151160078791179e+01
-5.630080092266925362e+01
-5.623009024455059546e+01
-5.615937956643193729e+01
-5.608866888831327913e+01
-5.601795821019462096e+01
-5.594724753207596279e+01
-5.587653685395730463e+01
-5.580582617583864646e+01
-5.573511549771998830e+01
-5.566440481960133013e+01
-5.559369414148267197e+01
-5.552298346336401380e+01
-5.545227278524535564e+01
-5.538156210712669747e+01
-5.531085142900803930e+01
-5.524014075088938114e+01
-5.516943007277072297e+01
-5.509871939465206481e+01
-5.502800871653340664e+01
-5.495729803841474848e+01
-5.488658736029609031e+01
-5.481587668217743214e+01
-5.474516600405877398e+01
-5.467445532594011581e+01
-5.460374464782145765e+01
-5.453303396970279948e+01
-5.446232329158414132e+01
-5.439161261346548315e+01
-5.432090193534682498e+01
-5.425019125722816682e+01
-5.417948057910950865e+01
-5.410876990099085049e+01
-5.403805922287219232e+01
-5.396734854475353416e+01
-5.389663786663487599e+01
-5.382592718851621783e+01
-5.375521651039755966e+01
-5.368450583227890149e+01
-5.361379515416024333e+01
-5.354308447604158516e+01
-5.347237379792292700e+01
-5.340166311980426883e+01
-5.333095244168561067e+01
-5.326024176356695250e+01
-5.318953108544829433e+01
-5.311882040732963617e+01
-5.304810972921097800e+01
-5.297739905109231984e+01
-5.290668837297366167e+01
-5.283597769485500351e+01
-5.276526701673634534e+01
-5.269455633861768717e+01
-5.262384566049902901e+01
-5.255313498238037084e+01
-5.248242430426171268e+01
-5.241171362614305451e+01
-5.234100294802439635e+01
-5.227029226990573818e+01
-5.219958159178708001e+01
-5.212887091366842185e+01
-5.205816023554976368e+01
-5.198744955743110552e+01
-5.191673887931244735e+01
-5.184602820119378919e+01
-5.177531752307513102e+01
-5.170460684495647286e+01
-5.163389616683781469e+01
-5.156318548871915652e+01
-5.149247481060049836e+01
-5.142176413248184019e+01
-5.135105345436318203e+01
-5.128034277624452386e+01
-5.120963209812586570e+01
-5.113892142000720753e+01
-5.106821074188854936e+01
-5.099750006376989120e+01
-5.092678938565123303e+01
-5.085607870753257487e+01
-5.078536802941391670e+01
-5.071465735129525854e+01
-5.064394667317660037e+01
-5.057323599505794220e+01
-5.050252531693928404e+01
-5.043181463882062587e+01
-5.036110396070196771e+01
-5.029039328258330954e+01
-5.021968260446465138e+01
-5.014897192634599321e+01
-5.007826124822733505e+01
-5.000755057010867688e+01
-4.993683989199001871e+01
-4.986612921387136055e+01
-4.979541853575270238e+01
-4.972470785763404422e+01
-4.965399717951538605e+01
-4.958328650139672789e+01
-4.951257582327806972e+01
-4.944186514515941155e+01
-4.937115446704075339e+01
-4.930044378892209522e+01
-4.922973311080343706e+01
-4.915902243268477889e+01
-4.908831175456612073e+01
-4.901760107644746256e+01
-4.894689039832880439e+01
-4.887617972021014623e+01
-4.880546904209148806e+01
-4.873475836397282990e+01
-4.866404768585417173e+01
-4.859333700773551357e+01
-4.852262632961685540e+01
-4.845191565149819724e+01
-4.838120497337953907e+01
-4.831049429526088090e+01
-4.823978361714222274e+01
-4.816907293902356457e+01
-4.809836226090490641e+01
-4.802765158278624824e+01
-4.795694090466759008e+01
-4.788623022654893191e+01
-4.781551954843027374e+01
-4.774480887031161558e+01
-4.767409819219295741e+01
-4.760338751407429925e+01
-4.753267683595564108e+01
-4.746196615783698292e+01
-4.739125547971832475e+01
-4.732054480159966658e+01
-4.724983412348100842e+01
-4.717912344536235025e+01
-4.710841276724369209e+01
-4.703770208912503392e+01
-4.696699141100637576e+01
-4.689628073288771759e+01
-4.682557005476905942e+01
-4.675485937665040126e+01
-4.668414869853174309e+01
-4.661343802041308493e+01
-4.654272734229442676e+01
-4.647201666417576860e+01
-4.640130598605711043e+01
-4.633059530793845227e+01
-4.625988462981979410e+01
-4.618917395170113593e+01
-4.611846327358247777e+01
-4.604775259546381960e+01
-4.597704191734516144e+01
-4.590633123922650327e+01
-4.583562056110784511e+01
-4.576490988298918694e+01
-4.569419920487052877e+01
-4.562348852675187061e+01
-4.555277784863321244e+01
-4.548206717051455428e+01
-4.541135649239589611e+01
-4.534064581427723795e+01
-4.526993513615857978e+01
-4.519922445803992161e+01
-4.512851377992126345e+01
-4.505780310180260528e+01
-4.498709242368394712e+01
-4.491638174556528895e+01
-4.484567106744663079e+01
-4.477496038932797262e+01
-4.470424971120931446e+01
-4.463353903309065629e+01
-4.456282835497199812e+01
-4.449211767685333996e+01
-4.442140699873468179e+01
-4.435069632061602363e+01
-4.427998564249736546e+01
-4.420927496437870730e+01
-4.413856428626004913e+01
-4.406785360814139096e+01
-4.399714293002273280e+01
-4.392643225190407463e+01
-4.385572157378541647e+01
-4.378501089566675830e+01
-4.371430021754810014e+01
-4.364358953942944197e+01
-4.357287886131078380e+01
-4.350216818319212564e+01
-4.343145750507346747e+01
-4.336074682695480931e+01
-4.329003614883615114e+01
-4.321932547071749298e+01
-4.314861479259883481e+01
-4.307790411448017664e+01
-4.300719343636151848e+01
-4.293648275824286031e+01
-4.286577208012420215e+01
-4.279506140200554398e+01
-4.272435072388688582e+01
-4.265364004576822765e+01
-4.258292936764956949e+01
-4.251221868953091132e+01
-4.244150801141225315e+01
-4.237079733329359499e+01
-4.230008665517493682e+01
-4.222937597705627866e+01
-4.215866529893762049e+01
-4.208795462081896233e+01
-4.201724394270030416e+01
-4.194653326458164599e+01
-4.187582258646298783e+01
-4.180511190834432966e+01
-4.173440123022567150e+01
-4.166369055210701333e+01
-4.159297987398835517e+01
-4.152226919586969700e+01
-4.145155851775103883e+01
-4.138084783963238067e+01
-4.131013716151372250e+01
-4.123942648339506434e+01
-4.116871580527640617e+01
-4.109800512715774801e+01
-4.102729444903908984e+01
-4.095658377092043168e+01
-4.088587309280177351e+01
-4.081516241468311534e+01
-4.074445173656445718e+01
-4.067374105844579901e+01
-4.060303038032714085e+01
-4.053231970220848268e+01
-4.046160902408982452e+01
-4.039089834597116635e+01
-4.032018766785250818e+01
-4.024947698973385002e+01
-4.017876631161519185e+01
-4.010805563349653369e+01
-4.003734495537787552e+01
-3.996663427725921736e+01
-3.989592359914055919e+01
-3.982521292102190102e+01
-3.975450224290324286e+01
-3.968379156478458469e+01
-3.961308088666592653e+01
-3.954237020854726836e+01
-3.947165953042861020e+01
-3.940094885230995203e+01
-3.933023817419129387e+01
-3.925952749607263570e+01
-3.918881681795397753e+01
-3.911810613983531937e+01
-3.904739546171666120e+01
-3.897668478359800304e+01
-3.890597410547934487e+01
-3.883526342736068671e+01
-3.876455274924202854e+01
-3.869384207112337037e+01
-3.862313139300471221e+01
-3.855242071488605404e+01
-3.848171003676739588e+01
-3.841099935864873771e+01
-3.834028868053007955e+01
-3.826957800241142138e+01
-3.819886732429276321e+01
-3.812815664617410505e+01
-3.805744596805544688e+01
-3.798673528993678872e+01
-3.791602461181813055e+01
-3.784531393369947239e+01
-3.777460325558081422e+01
-3.770389257746215605e+01
-3.763318189934349789e+01
-3.756247122122483972e+01
-3.749176054310618156e+01
-3.742104986498752339e+01
-3.735033918686886523e+01
-3.727962850875020706e+01
-3.720891783063154890e+01
-3.713820715251289073e+01
-3.706749647439423256e+01
-3.699678579627557440e+01
-3.692607511815691623e+01
-3.685536444003825807e+01
-3.678465376191959990e+01
-3.671394308380094174e+01
-3.664323240568228357e+01
-3.657252172756362540e+01
-3.650181104944496724e+01
-3.643110037132630907e+01
-3.636038969320765091e+01
-3.628967901508899274e+01
-3.621896833697033458e+01
-3.614825765885167641e+01
-3.607754698073301824e+01
-3.600683630261436008e+01
-3.593612562449570191e+01
-3.586541494637704375e+01
-3.579470426825838558e+01
-3.572399359013972742e+01
-3.565328291202106925e+01
-3.558257223390241109e+01
-3.551186155578375292e+01
-3.544115087766509475e+01
-3.537044019954643659e+01
-3.529972952142777842e+01
-3.522901884330912026e+01
-3.515830816519046209e+01
-3.508759748707180393e+01
-3.501688680895314576e+01
-3.494617613083448759e+01
-3.487546545271582943e+01
-3.480475477459717126e+01
-3.473404409647851310e+01
-3.466333341835985493e+01
-3.459262274024119677e+01
-3.452191206212253860e+01
-3.445120138400388043e+01
-3.438049070588522227e+01
-3.430978002776656410e+01
-3.423906934964790594e+01
-3.416835867152924777e+01
-3.409764799341058961e+01
-3.402693731529193144e+01
-3.395622663717327328e+01
-3.388551595905461511e+01
-3.381480528093595694e+01
-3.374409460281729878e+01
-3.367338392469864061e+01
-3.360267324657998245e+01
-3.353196256846132428e+01
-3.346125189034266612e+01
-3.339054121222400795e+01
-3.331983053410534978e+01
-3.324911985598669162e+01
-3.317840917786803345e+01
-3.310769849974937529e+01
-3.303698782163071712e+01
-3.296627714351205896e+01
-3.289556646539340079e+01
-3.282485578727474262e+01
-3.275414510915608446e+01
-3.268343443103742629e+01
-3.261272375291876813e+01
-3.254201307480010996e+01
-3.247130239668145180e+01
-3.240059171856279363e+01
-3.232988104044413546e+01
-3.225917036232547730e+01
-3.218845968420681913e+01
-3.211774900608816097e+01
-3.204703832796950280e+01
-3.197632764985084819e+01
-3.190561697173219358e+01
-3.183490629361353896e+01
-3.176419561549488435e+01
-3.169348493737622974e+01
-3.162277425925757512e+01
-3.155206358113892051e+01
-3.148135290302026590e+01
-3.141064222490161129e+01
-3.133993154678295667e+01
-3.126922086866430206e+01
-3.119851019054564745e+01
-3.112779951242699283e+01
-3.105708883430833822e+01
-3.098637815618968361e+01
-3.091566747807102900e+01
-3.084495679995237438e+01
-3.077424612183371977e+01
-3.070353544371506516e+01
-3.063282476559641054e+01
-3.056211408747775593e+01
-3.049140340935910132e+01
-3.042069273124044670e+01
-3.034998205312179209e+01
-3.027927137500313748e+01
-3.020856069688448287e+01
-3.013785001876582825e+01
-3.006713934064717364e+01
-2.999642866252851903e+01
-2.992571798440986441e+01
-2.985500730629120980e+01
-2.978429662817255519e+01
-2.971358595005390058e+01
-2.964287527193524596e+01
-2.957216459381659135e+01
-2.950145391569793674e+01
-2.943074323757928212e+01
-2.936003255946062751e+01
-2.928932188134197290e+01
-2.921861120322331828e+01
-2.914790052510466367e+01
-2.907718984698600906e+01
-2.900647916886735445e+01
-2.893576849074869983e+01
-2.886505781263004522e+01
-2.879434713451139061e+01
-2.872363645639273599e+01
-2.865292577827408138e+01
-2.858221510015542677e+01
-2.851150442203677216e+01
-2.844079374391811754e+01
-2.837008306579946293e+01
-2.829937238768080832e+01
-2.822866170956215370e+01
-2.815795103144349909e+01
-2.808724035332484448e+01
-2.801652967520618986e+01
-2.794581899708753525e+01
-2.787510831896888064e+01
-2.780439764085022603e+01
-2.773368696273157141e+01
-2.766297628461291680e+01
-2.759226560649426219e+01
-2.752155492837560757e+01
-2.745084425025695296e+01
-2.738013357213829835e+01
-2.730942289401964373e+01
-2.723871221590098912e+01
-2.716800153778233451e+01
-2.709729085966367990e+01
-2.702658018154502528e+01
-2.695586950342637067e+01
-2.688515882530771606e+01
-2.681444814718906144e+01
-2.674373746907040683e+01
-2.667302679095175222e+01
-2.660231611283309761e+01
-2.653160543471444299e+01
-2.646089475659578838e+01
-2.639018407847713377e+01
-2.631947340035847915e+01
-2.624876272223982454e+01
-2.617805204412116993e+01
-2.610734136600251531e+01
-2.603663068788386070e+01
-2.596592000976520609e+01
-2.589520933164655148e+01
-2.582449865352789686e+01
-2.575378797540924225e+01
-2.568307729729058764e+01
-2.561236661917193302e+01
-2.554165594105327841e+01
-2.547094526293462380e+01
-2.540023458481596919e+01
-2.532952390669731457e+01
-2.525881322857865996e+01
-2.518810255046000535e+01
-2.511739187234135073e+01
-2.504668119422269612e+01
-2.497597051610404151e+01
-2.490525983798538689e+01
-2.483454915986673228e+01
-2.476383848174807767e+01
-2.469312780362942306e+01
-2.462241712551076844e+01
-2.455170644739211383e+01
-2.448099576927345922e+01
-2.441028509115480460e+01
-2.433957441303614999e+01
-2.426886373491749538e+01
-2.419815305679884077e+01
-2.412744237868018615e+01
-2.405673170056153154e+01
-2.398602102244287693e+01
-2.391531034432422231e+01
-2.384459966620556770e+01
-2.377388898808691309e+01
-2.370317830996825847e+01
-2.363246763184960386e+01
-2.356175695373094925e+01
-2.349104627561229464e+01
-2.342033559749364002e+01
-2.334962491937498541e+01
-2.327891424125633080e+01
-2.320820356313767618e+01
-2.313749288501902157e+01
-2.306678220690036696e+01
-2.299607152878171235e+01
-2.292536085066305773e+01
-2.285465017254440312e+01
-2.278393949442574851e+01
-2.271322881630709389e+01
-2.264251813818843928e+01
-2.257180746006978467e+01
-2.250109678195113005e+01
-2.243038610383247544e+01
-2.235967542571382083e+01
-2.228896474759516622e+01
-2.221825406947651160e+01
-2.214754339135785699e+01
-2.207683271323920238e+01
-2.200612203512054776e+01
-2.193541135700189315e+01
-2.186470067888323854e+01
-2.179399000076458393e+01
-2.172327932264592931e+01
-2.165256864452727470e+01
-2.158185796640862009e+01
-2.151114728828996547e+01
-2.144043661017131086e+01
-2.136972593205265625e+01
-2.129901525393400163e+01
-2.122830457581534702e+01
-2.115759389769669241e+01
-2.108688321957803780e+01
-2.101617254145938318e+01
-2.094546186334072857e+01
-2.087475118522207396e+01
-2.080404050710341934e+01
-2.073332982898476473e+01
-2.066261915086611012e+01
-2.059190847274745551e+01
-2.052119779462880089e+01
-2.045048711651014628e+01
-2.037977643839149167e+01
-2.030906576027283705e+01
-2.023835508215418244e+01
-2.016764440403552783e+01
-2.009693372591687321e+01
-2.002622304779821860e+01
-1.995551236967956399e+01
-1.988480169156090938e+01
-1.981409101344225476e+01
-1.974338033532360015e+01
-1.967266965720494554e+01
-1.960195897908629092e+01
-1.953124830096763631e+01
-1.946053762284898170e+01
-1.938982694473032709e+01
-1.931911626661167247e+01
-1.924840558849301786e+01
-1.917769491037436325e+01
-1.910698423225570863e+01
-1.903627355413705402e+01
-1.896556287601839941e+01
-1.889485219789974479e+01
-1.882414151978109018e+01
-1.875343084166243557e+01
-1.868272016354378096e+01
-1.861200948542512634e+01
-1.854129880730647173e+01
-1.847058812918781712e+01
-1.839987745106916250e+01
-1.832916677295050789e+01
-1.825845609483185328e+01
-1.818774541671319867e+01
-1.811703473859454405e+01
-1.804632406047588944e+01
-1.797561338235723483e+01
-1.790490270423858021e+01
-1.783419202611992560e+01
-1.776348134800127099e+01
-1.769277066988261637e+01
-1.762205999176396176e+01
-1.755134931364530715e+01
-1.748063863552665254e+01
-1.740992795740799792e+01
-1.733921727928934331e+01
-1.726850660117068870e+01
-1.719779592305203408e+01
-1.712708524493337947e+01
-1.705637456681472486e+01
-1.698566388869607025e+01
-1.691495321057741563e+01
-1.684424253245876102e+01
-1.677353185434010641e+01
-1.670282117622145179e+01
-1.663211049810279718e+01
-1.656139981998414257e+01
-1.649068914186548795e+01
-1.641997846374683334e+01
-1.634926778562817873e+01
-1.627855710750952412e+01
-1.620784642939086950e+01
-1.613713575127221489e+01
-1.606642507315356028e+01
-1.599571439503490566e+01
-1.592500371691625105e+01
-1.585429303879759644e+01
-1.578358236067894182e+01
-1.571287168256028721e+01
-1.564216100444163260e+01
-1.557145032632297799e+01
-1.550073964820432337e+01
-1.543002897008566876e+01
-1.535931829196701415e+01
-1.528860761384835953e+01
-1.521789693572970492e+01
-1.514718625761105031e+01
-1.507647557949239570e+01
-1.500576490137374108e+01
-1.493505422325508647e+01
-1.486434354513643186e+01
-1.479363286701777724e+01
-1.472292218889912263e+01
-1.465221151078046802e+01
-1.458150083266181340e+01
-1.451079015454315879e+01
-1.444007947642450418e+01
-1.436936879830584957e+01
-1.429865812018719495e+01
-1.422794744206854034e+01
-1.415723676394988573e+01
-1.408652608583123111e+01
-1.401581540771257650e+01
-1.394510472959392189e+01
-1.387439405147526728e+01
-1.380368337335661266e+01
-1.373297269523795805e+01
-1.366226201711930344e+01
-1.359155133900064882e+01
-1.352084066088199421e+01
-1.345012998276333960e+01
-1.337941930464468498e+01
-1.330870862652603037e+01
-1.323799794840737576e+01
-1.316728727028872115e+01
-1.309657659217006653e+01
-1.302586591405141192e+01
-1.295515523593275731e+01
-1.288444455781410269e+01
-1.281373387969544808e+01
-1.274302320157679347e+01
-1.267231252345813886e+01
-1.260160184533948424e+01
-1.253089116722082963e+01
-1.246018048910217502e+01
-1.238946981098352040e+01
-1.231875913286486579e+01
-1.224804845474621118e+01
-1.217733777662755656e+01
-1.210662709850890195e+01
-1.203591642039024734e+01
-1.196520574227159273e+01
-1.189449506415293811e+01
-1.182378438603428350e+01
-1.175307370791562889e+01
-1.168236302979697427e+01
-1.161165235167831966e+01
-1.154094167355966505e+01
-1.147023099544101044e+01
-1.139952031732235582e+01
-1.132880963920370121e+01
-1.125809896108504660e+01
-1.118738828296639198e+01
-1.111667760484773737e+01
-1.104596692672908276e+01
-1.097525624861042814e+01
-1.090454557049177353e+01
-1.083383489237311892e+01
-1.076312421425446431e+01
-1.069241353613580969e+01
-1.062170285801715508e+01
-1.055099217989850047e+01
-1.048028150177984585e+01
-1.040957082366119124e+01
-1.033886014554253663e+01
-1.026814946742388202e+01
-1.019743878930522740e+01
-1.012672811118657279e+01
-1.005601743306791818e+01
-9.985306754949263564e+00
-9.914596076830608951e+00
-9.843885398711954338e+00
-9.773174720593299725e+00
-9.702464042474645112e+00
-9.631753364355990499e+00
-9.561042686237335886e+00
-9.490332008118681273e+00
-9.419621330000026660e+00
-9.348910651881372047e+00
-9.278199973762717434e+00
-9.207489295644062821e+00
-9.136778617525408208e+00
-9.066067939406753595e+00
-8.995357261288098982e+00
-8.924646583169444369e+00
-8.853935905050789756e+00
-8.783225226932135143e+00
-8.712514548813480530e+00
-8.641803870694825918e+00
-8.571093192576171305e+00
-8.500382514457516692e+00
-8.429671836338862079e+00
-8.358961158220207466e+00
-8.288250480101552853e+00
-8.217539801982898240e+00
-8.146829123864243627e+00
-8.076118445745589014e+00
-8.005407767626934401e+00
-7.934697089508279788e+00
-7.863986411389625175e+00
-7.793275733270970562e+00
-7.722565055152315949e+00
-7.651854377033661336e+00
-7.581143698915006723e+00
-7.510433020796352110e+00
-7.439722342677697497e+00
-7.369011664559042885e+00
-7.298300986440388272e+00
-7.227590308321733659e+00
-7.156879630203079046e+00
-7.086168952084424433e+00
-7.015458273965769820e+00
-6.944747595847115207e+00
-6.874036917728460594e+00
-6.803326239609805981e+00
-6.732615561491151368e+00
-6.661904883372496755e+00
-6.591194205253842142e+00
-6.520483527135187529e+00
-6.449772849016532916e+00
-6.379062170897878303e+00
-6.308351492779223690e+00
-6.237640814660569077e+00
-6.166930136541914464e+00
-6.096219458423259852e+00
-6.025508780304605239e+00
-5.954798102185950626e+00
-5.884087424067296013e+00
-5.813376745948641400e+00
-5.742666067829986787e+00
-5.671955389711332174e+00
-5.601244711592677561e+00
-5.530534033474022948e+00
-5.459823355355368335e+00
-5.389112677236713722e+00
-5.318401999118059109e+00
-5.247691320999404496e+00
-5.176980642880749883e+00
-5.106269964762095270e+00
-5.035559286643440657e+00
-4.964848608524786044e+00
-4.894137930406131431e+00
-4.823427252287476819e+00
-4.752716574168822206e+00
-4.682005896050167593e+00
-4.611295217931512980e+00
-4.540584539812858367e+00
-4.469873861694203754e+00
-4.399163183575549141e+00
-4.328452505456894528e+00
-4.257741827338239915e+00
-4.187031149219585302e+00
-4.116320471100930689e+00
-4.045609792982276076e+00
-3.974899114863621463e+00
-3.904188436744966850e+00
-3.833477758626312237e+00
-3.762767080507657624e+00
-3.692056402389003011e+00
-3.621345724270348398e+00
-3.550635046151693786e+00
-3.479924368033039173e+00
-3.409213689914384560e+00
-3.338503011795729947e+00
-3.267792333677075334e+00
-3.197081655558420721e+00
-3.126370977439766108e+00
-3.055660299321111495e+00
-2.984949621202456882e+00
-2.914238943083802269e+00
-2.843528264965147656e+00
-2.772817586846493043e+00
-2.702106908727838430e+00
-2.631396230609183817e+00
-2.560685552490529204e+00
-2.489974874371874591e+00
-2.419264196253219978e+00
-2.348553518134565365e+00
-2.277842840015910753e+00
-2.207132161897256140e+00
-2.136421483778601527e+00
-2.065710805659946914e+00
-1.995000127541292079e+00
-1.924289449422637244e+00
-1.853578771303982409e+00
-1.782868093185327574e+00
-1.712157415066672739e+00
-1.641446736948017904e+00
-1.570736058829363069e+00
-1.500025380710708234e+00
-1.429314702592053399e+00
-1.358604024473398564e+00
-1.287893346354743729e+00
-1.217182668236088894e+00
-1.146471990117434059e+00
-1.075761311998779224e+00
-1.005050633880124389e+00
-9.343399557614696649e-01
-8.636292776428149409e-01
-7.929185995241602170e-01
-7.222079214055054930e-01
-6.514972432868507690e-01
-5.807865651681960451e-01
-5.100758870495413211e-01
-4.393652089308865971e-01
-3.686545308122318731e-01
-2.979438526935771492e-01
-2.272331745749223975e-01
-1.565224964562676457e-01
-8.581181833761289401e-02
-1.510114021895814229e-02
5.560953789969660943e-02
1.263202160183513612e-01
1.970308941370061129e-01
2.677415722556608646e-01
3.384522503743155886e-01
4.091629284929703125e-01
4.798736066116250365e-01
5.505842847302797605e-01
6.212949628489344844e-01
6.920056409675892084e-01
7.627163190862439324e-01
8.334269972048986563e-01
9.041376753235533803e-01
9.748483534422081043e-01
1.045559031560862939e+00
1.116269709679517774e+00
1.186980387798172609e+00
1.257691065916827444e+00
1.328401744035482279e+00
1.399112422154137114e+00
1.469823100272791949e+00
1.540533778391446784e+00
1.611244456510101619e+00
1.681955134628756454e+00
1.752665812747411289e+00
1.823376490866066124e+00
1.894087168984720959e+00
1.964797847103375794e+00
2.035508525222030407e+00
2.106219203340685020e+00
2.176929881459339633e+00
2.247640559577994246e+00
2.318351237696648859e+00
2.389061915815303472e+00
2.459772593933958085e+00
2.530483272052612698e+00
2.601193950171267311e+00
2.671904628289921924e+00
2.742615306408576537e+00
2.813325984527231149e+00
2.884036662645885762e+00
2.954747340764540375e+00
3.025458018883194988e+00
3.096168697001849601e+00
3.166879375120504214e+00
3.237590053239158827e+00
3.308300731357813440e+00
3.379011409476468053e+00
3.449722087595122666e+00
3.520432765713777279e+00
3.591143443832431892e+00
3.661854121951086505e+00
3.732564800069741118e+00
3.803275478188395731e+00
3.873986156307050344e+00
3.944696834425704957e+00
4.015407512544359570e+00
4.086118190663014182e+00
4.156828868781668795e+00
4.227539546900323408e+00
4.298250225018978021e+00
4.368960903137632634e+00
4.439671581256287247e+00
4.510382259374941860e+00
4.581092937493596473e+00
4.651803615612251086e+00
4.722514293730905699e+00
4.793224971849560312e+00
4.863935649968214925e+00
4.934646328086869538e+00
5.005357006205524151e+00
5.076067684324178764e+00
5.146778362442833377e+00
5.217489040561487990e+00
5.288199718680142603e+00
5.358910396798797215e+00
5.429621074917451828e+00
5.500331753036106441e+00
5.571042431154761054e+00
5.641753109273415667e+00
5.712463787392070280e+00
5.783174465510724893e+00
5.853885143629379506e+00
5.924595821748034119e+00
5.995306499866688732e+00
6.066017177985343345e+00
6.136727856103997958e+00
6.207438534222652571e+00
6.278149212341307184e+00
6.348859890459961797e+00
6.419570568578616410e+00
6.490281246697271023e+00
6.560991924815925636e+00
6.631702602934580248e+00
6.702413281053234861e+00
6.773123959171889474e+00
6.843834637290544087e+00
6.914545315409198700e+00
6.985255993527853313e+00
7.055966671646507926e+00
7.126677349765162539e+00
7.197388027883817152e+00
7.268098706002471765e+00
7.338809384121126378e+00
7.409520062239780991e+00
7.480230740358435604e+00
7.550941418477090217e+00
7.621652096595744830e+00
7.692362774714399443e+00
7.763073452833054056e+00
7.833784130951708669e+00
7.904494809070363281e+00
7.975205487189017894e+00
8.045916165307673396e+00
8.116626843426328008e+00
8.187337521544982621e+00
8.258048199663637234e+00
8.328758877782291847e+00
8.399469555900946460e+00
8.470180234019601073e+00
8.540890912138255686e+00
8.611601590256910299e+00
8.682312268375564912e+00
8.753022946494219525e+00
8.823733624612874138e+00
8.894444302731528751e+00
8.965154980850183364e+00
9.035865658968837977e+00
9.106576337087492590e+00
9.177287015206147203e+00
9.247997693324801816e+00
9.318708371443456429e+00
9.389419049562111041e+00
9.460129727680765654e+00
9.530840405799420267e+00
9.601551083918074880e+00
9.672261762036729493e+00
9.742972440155384106e+00
9.813683118274038719e+00
9.884393796392693332e+00
9.955104474511347945e+00
1.002581515263000256e+01
1.009652583074865717e+01
1.016723650886731178e+01
1.023794718698596640e+01
1.030865786510462101e+01
1.037936854322327562e+01
1.045007922134193024e+01
1.052078989946058485e+01
1.059150057757923946e+01
1.066221125569789407e+01
1.073292193381654869e+01
1.080363261193520330e+01
1.087434329005385791e+01
1.094505396817251253e+01
1.101576464629116714e+01
1.108647532440982175e+01
1.115718600252847637e+01
1.122789668064713098e+01
1.129860735876578559e+01
1.136931803688444020e+01
1.144002871500309482e+01
1.151073939312174943e+01
1.158145007124040404e+01
1.165216074935905866e+01
1.172287142747771327e+01
1.179358210559636788e+01
1.186429278371502249e+01
1.193500346183367711e+01
1.200571413995233172e+01
1.207642481807098633e+01
1.214713549618964095e+01
1.221784617430829556e+01
1.228855685242695017e+01
1.235926753054560479e+01
1.242997820866425940e+01
1.250068888678291401e+01
1.257139956490156862e+01
1.264211024302022324e+01
1.271282092113887785e+01
1.278353159925753246e+01
1.285424227737618708e+01
1.292495295549484169e+01
1.299566363361349630e+01
1.306637431173215091e+01
1.313708498985080553e+01
1.320779566796946014e+01
1.327850634608811475e+01
1.334921702420676937e+01
1.341992770232542398e+01
1.349063838044407859e+01
1.356134905856273321e+01
1.363205973668138782e+01
1.370277041480004243e+01
1.377348109291869704e+01
1.384419177103735166e+01
1.391490244915600627e+01
1.398561312727466088e+01
1.405632380539331550e+01
1.412703448351197011e+01
1.419774516163062472e+01
1.426845583974927933e+01
1.433916651786793395e+01
1.440987719598658856e+01
1.448058787410524317e+01
1.455129855222389779e+01
1.462200923034255240e+01
1.469271990846120701e+01
1.476343058657986163e+01
1.483414126469851624e+01
1.490485194281717085e+01
1.497556262093582546e+01
1.504627329905448008e+01
1.511698397717313469e+01
1.518769465529178930e+01
1.525840533341044392e+01
1.532911601152909853e+01
1.539982668964775314e+01
1.547053736776640775e+01
1.554124804588506237e+01
1.561195872400371698e+01
1.568266940212237159e+01
1.575338008024102621e+01
1.582409075835968082e+01
1.589480143647833543e+01
1.596551211459699005e+01
1.603622279271564466e+01
1.610693347083429927e+01
1.617764414895295388e+01
1.624835482707160850e+01
1.631906550519026311e+01
1.638977618330891772e+01
1.646048686142757234e+01
1.653119753954622695e+01
1.660190821766488156e+01
1.667261889578353617e+01
1.674332957390219079e+01
1.681404025202084540e+01
1.688475093013950001e+01
1.695546160825815463e+01
1.702617228637680924e+01
1.709688296449546385e+01
1.716759364261411847e+01
1.723830432073277308e+01
1.730901499885142769e+01
1.737972567697008230e+01
1.745043635508873692e+01
1.752114703320739153e+01
1.759185771132604614e+01
1.766256838944470076e+01
1.773327906756335537e+01
1.780398974568200998e+01
1.787470042380066459e+01
1.794541110191931921e+01
1.801612178003797382e+01
1.808683245815662843e+01
1.815754313627528305e+01
1.822825381439393766e+01
1.829896449251259227e+01
1.836967517063124689e+01
1.844038584874990150e+01
1.851109652686855611e+01
1.858180720498721072e+01
1.865251788310586534e+01
1.872322856122451995e+01
1.879393923934317456e+01
1.886464991746182918e+01
1.893536059558048379e+01
1.900607127369913840e+01
1.907678195181779301e+01
1.914749262993644763e+01
1.921820330805510224e+01
1.928891398617375685e+01
1.935962466429241147e+01
1.943033534241106608e+01
1.950104602052972069e+01
1.957175669864837531e+01
1.964246737676702992e+01
1.971317805488568453e+01
1.978388873300433914e+01
1.985459941112299376e+01
1.992531008924164837e+01
1.999602076736030298e+01
2.006673144547895760e+01
2.013744212359761221e+01
2.020815280171626682e+01
2.027886347983492143e+01
2.034957415795357605e+01
2.042028483607223066e+01
2.049099551419088527e+01
2.056170619230953989e+01
2.063241687042819450e+01
2.070312754854684911e+01
2.077383822666550373e+01
2.084454890478415834e+01
2.091525958290281295e+01
2.098597026102146756e+01
2.105668093914012218e+01
2.112739161725877679e+01
2.119810229537743140e+01
2.126881297349608602e+01
2.133952365161474063e+01
2.141023432973339524e+01
2.148094500785204986e+01
2.155165568597070447e+01
2.162236636408935908e+01
2.169307704220801369e+01
2.176378772032666831e+01
2.183449839844532292e+01
2.190520907656397753e+01
2.197591975468263215e+01
2.204663043280128676e+01
2.211734111091994137e+01
2.218805178903859598e+01
2.225876246715725060e+01
2.232947314527590521e+01
2.240018382339455982e+01
2.247089450151321444e+01
2.254160517963186905e+01
2.261231585775052366e+01
2.268302653586917828e+01
2.275373721398783289e+01
2.282444789210648750e+01
2.289515857022514211e+01
2.296586924834379673e+01
2.303657992646245134e+01
2.310729060458110595e+01
2.317800128269976057e+01
2.324871196081841518e+01
2.331942263893706979e+01
2.339013331705572440e+01
2.346084399517437902e+01
2.353155467329303363e+01
2.360226535141168824e+01
2.367297602953034286e+01
2.374368670764899747e+01
2.381439738576765208e+01
2.388510806388630670e+01
2.395581874200496131e+01
2.402652942012361592e+01
2.409724009824227053e+01
2.416795077636092515e+01
2.423866145447957976e+01
2.430937213259823437e+01
2.438008281071688899e+01
2.445079348883554360e+01
2.452150416695419821e+01
2.459221484507285282e+01
2.466292552319150744e+01
2.473363620131016205e+01
2.480434687942881666e+01
2.487505755754747128e+01
2.494576823566612589e+01
2.501647891378478050e+01
2.508718959190343512e+01
2.515790027002208973e+01
2.522861094814074434e+01
2.529932162625939895e+01
2.537003230437805357e+01
2.544074298249670818e+01
2.551145366061536279e+01
2.558216433873401741e+01
2.565287501685267202e+01
2.572358569497132663e+01
2.579429637308998124e+01
2.586500705120863586e+01
2.593571772932729047e+01
2.600642840744594508e+01
2.607713908556459970e+01
2.614784976368325431e+01
2.621856044180190892e+01
2.628927111992056354e+01
2.635998179803921815e+01
2.643069247615787276e+01
2.650140315427652737e+01
2.657211383239518199e+01
2.664282451051383660e+01
2.671353518863249121e+01
2.678424586675114583e+01
2.685495654486980044e+01
2.692566722298845505e+01
2.699637790110710966e+01
2.706708857922576428e+01
2.713779925734441889e+01
2.720850993546307350e+01
2.727922061358172812e+01
2.734993129170038273e+01
2.742064196981903734e+01
2.749135264793769196e+01
2.756206332605634657e+01
2.763277400417500118e+01
2.770348468229365579e+01
2.777419536041231041e+01
2.784490603853096502e+01
2.791561671664961963e+01
2.798632739476827425e+01
2.805703807288692886e+01
2.812774875100558347e+01
2.819845942912423808e+01
2.826917010724289270e+01
2.833988078536154731e+01
2.841059146348020192e+01
2.848130214159885654e+01
2.855201281971751115e+01
2.862272349783616576e+01
2.869343417595482038e+01
2.876414485407347499e+01
2.883485553219212960e+01
2.890556621031078421e+01
2.897627688842943883e+01
2.904698756654809344e+01
2.911769824466674805e+01
2.918840892278540267e+01
2.925911960090405728e+01
2.932983027902271189e+01
2.940054095714136650e+01
2.947125163526002112e+01
2.954196231337867573e+01
2.961267299149733034e+01
2.968338366961598496e+01
2.975409434773463957e+01
2.982480502585329418e+01
2.989551570397194880e+01
2.996622638209060341e+01
3.003693706020925802e+01
3.010764773832791263e+01
3.017835841644656725e+01
3.024906909456522186e+01
3.031977977268387647e+01
3.039049045080253109e+01
3.046120112892118570e+01
3.053191180703984031e+01
3.060262248515849492e+01
3.067333316327714954e+01
3.074404384139580415e+01
3.081475451951445876e+01
3.088546519763311338e+01
3.095617587575176799e+01
3.102688655387042260e+01
3.109759723198907722e+01
3.116830791010773183e+01
3.123901858822638644e+01
3.130972926634504105e+01
3.138043994446369567e+01
3.145115062258235028e+01
3.152186130070100489e+01
3.159257197881965951e+01
3.166328265693831412e+01
3.173399333505696873e+01
3.180470401317562334e+01
3.187541469129427796e+01
3.194612536941293257e+01
3.201683604753159074e+01
3.208754672565024890e+01
3.215825740376890707e+01
3.222896808188756523e+01
3.229967876000622340e+01
3.237038943812488156e+01
3.244110011624353973e+01
3.251181079436219790e+01
3.258252147248085606e+01
3.265323215059951423e+01
3.272394282871817239e+01
3.279465350683683056e+01
3.286536418495548872e+01
3.293607486307414689e+01
3.300678554119280506e+01
3.307749621931146322e+01
3.314820689743012139e+01
3.321891757554877955e+01
3.328962825366743772e+01
3.336033893178609588e+01
3.343104960990475405e+01
3.350176028802341222e+01
3.357247096614207038e+01
3.364318164426072855e+01
3.371389232237938671e+01
3.378460300049804488e+01
3.385531367861670304e+01
3.392602435673536121e+01
3.399673503485401937e+01
3.406744571297267754e+01
3.413815639109133571e+01
3.420886706920999387e+01
3.427957774732865204e+01
3.435028842544731020e+01
3.442099910356596837e+01
3.449170978168462653e+01
3.456242045980328470e+01
3.463313113792194287e+01
3.470384181604060103e+01
3.477455249415925920e+01
3.484526317227791736e+01
3.491597385039657553e+01
3.498668452851523369e+01
3.505739520663389186e+01
3.512810588475255003e+01
3.519881656287120819e+01
3.526952724098986636e+01
3.534023791910852452e+01
3.541094859722718269e+01
3.548165927534584085e+01
3.555236995346449902e+01
3.562308063158315719e+01
3.569379130970181535e+01
3.576450198782047352e+01
3.583521266593913168e+01
3.590592334405778985e+01
3.597663402217644801e+01
3.604734470029510618e+01
3.611805537841376434e+01
3.618876605653242251e+01
3.625947673465108068e+01
3.633018741276973884e+01
3.640089809088839701e+01
3.647160876900705517e+01
3.654231944712571334e+01
3.661303012524437150e+01
3.668374080336302967e+01
3.675445148148168784e+01
3.682516215960034600e+01
3.689587283771900417e+01
3.696658351583766233e+01
3.703729419395632050e+01
3.710800487207497866e+01
3.717871555019363683e+01
3.724942622831229500e+01
3.732013690643095316e+01
3.739084758454961133e+01
3.746155826266826949e+01
3.753226894078692766e+01
3.760297961890558582e+01
3.767369029702424399e+01
3.774440097514290215e+01
3.781511165326156032e+01
3.788582233138021849e+01
3.795653300949887665e+01
3.802724368761753482e+01
3.809795436573619298e+01
3.816866504385485115e+01
3.823937572197350931e+01
3.831008640009216748e+01
3.838079707821082565e+01
3.845150775632948381e+01
3.852221843444814198e+01
3.859292911256680014e+01
3.866363979068545831e+01
3.873435046880411647e+01
3.880506114692277464e+01
3.887577182504143281e+01
3.894648250316009097e+01
3.901719318127874914e+01
3.908790385939740730e+01
3.915861453751606547e+01
3.922932521563472363e+01
3.930003589375338180e+01
3.937074657187203997e+01
3.944145724999069813e+01
3.951216792810935630e+01
3.958287860622801446e+01
3.965358928434667263e+01
3.972429996246533079e+01
3.979501064058398896e+01
3.986572131870264712e+01
3.993643199682130529e+01
4.000714267493996346e+01
4.007785335305862162e+01
4.014856403117727979e+01
4.021927470929593795e+01
4.028998538741459612e+01
4.036069606553325428e+01
4.043140674365191245e+01
4.050211742177057062e+01
4.057282809988922878e+01
4.064353877800788695e+01
4.071424945612654511e+01
4.078496013424520328e+01
4.085567081236386144e+01
4.092638149048251961e+01
4.099709216860117778e+01
4.106780284671983594e+01
4.113851352483849411e+01
4.120922420295715227e+01
4.127993488107581044e+01
4.135064555919446860e+01
4.142135623731312677e+01
4.149206691543178493e+01
4.156277759355044310e+01
4.163348827166910127e+01
4.170419894978775943e+01
4.177490962790641760e+01
4.184562030602507576e+01
4.191633098414373393e+01
4.198704166226239209e+01
4.205775234038105026e+01
4.212846301849970843e+01
4.219917369661836659e+01
4.226988437473702476e+01
4.234059505285568292e+01
4.241130573097434109e+01
4.248201640909299925e+01
4.255272708721165742e+01
4.262343776533031559e+01
4.269414844344897375e+01
4.276485912156763192e+01
4.283556979968629008e+01
4.290628047780494825e+01
4.297699115592360641e+01
4.304770183404226458e+01
4.311841251216092274e+01
4.318912319027958091e+01
4.325983386839823908e+01
4.333054454651689724e+01
4.340125522463555541e+01
4.347196590275421357e+01
4.354267658087287174e+01
4.361338725899152990e+01
4.368409793711018807e+01
4.375480861522884624e+01
4.382551929334750440e+01
4.389622997146616257e+01
4.396694064958482073e+01
4.403765132770347890e+01
4.410836200582213706e+01
4.417907268394079523e+01
4.424978336205945340e+01
4.432049404017811156e+01
4.439120471829676973e+01
4.446191539641542789e+01
4.453262607453408606e+01
4.460333675265274422e+01
4.467404743077140239e+01
4.474475810889006056e+01
4.481546878700871872e+01
4.488617946512737689e+01
4.495689014324603505e+01
4.502760082136469322e+01
4.509831149948335138e+01
4.516902217760200955e+01
4.523973285572066771e+01
4.531044353383932588e+01
4.538115421195798405e+01
4.545186489007664221e+01
4.552257556819530038e+01
4.559328624631395854e+01
4.566399692443261671e+01
4.573470760255127487e+01
4.580541828066993304e+01
4.587612895878859121e+01
4.594683963690724937e+01
4.601755031502590754e+01
4.608826099314456570e+01
4.615897167126322387e+01
4.622968234938188203e+01
4.630039302750054020e+01
4.637110370561919837e+01
4.644181438373785653e+01
4.651252506185651470e+01
4.658323573997517286e+01
4.665394641809383103e+01
4.672465709621248919e+01
4.679536777433114736e+01
4.686607845244980552e+01
4.693678913056846369e+01
4.700749980868712186e+01
4.707821048680578002e+01
4.714892116492443819e+01
4.721963184304309635e+01
4.729034252116175452e+01
4.736105319928041268e+01
4.743176387739907085e+01
4.750247455551772902e+01
4.757318523363638718e+01
4.764389591175504535e+01
4.771460658987370351e+01
4.778531726799236168e+01
4.785602794611101984e+01
4.792673862422967801e+01
4.799744930234833618e+01
4.806815998046699434e+01
4.813887065858565251e+01
4.820958133670431067e+01
4.828029201482296884e+01
4.835100269294162700e+01
4.842171337106028517e+01
4.849242404917894333e+01
4.856313472729760150e+01
4.863384540541625967e+01
4.870455608353491783e+01
4.877526676165357600e+01
4.884597743977223416e+01
4.891668811789089233e+01
4.898739879600955049e+01
4.905810947412820866e+01
4.912882015224686683e+01
4.919953083036552499e+01
4.927024150848418316e+01
4.934095218660284132e+01
4.941166286472149949e+01
4.948237354284015765e+01
4.955308422095881582e+01
4.962379489907747399e+01
4.969450557719613215e+01
4.976521625531479032e+01
4.983592693343344848e+01
4.990663761155210665e+01
4.997734828967076481e+01
5.004805896778942298e+01
5.011876964590808115e+01
5.018948032402673931e+01
5.026019100214539748e+01
5.033090168026405564e+01
5.040161235838271381e+01
5.047232303650137197e+01
5.054303371462003014e+01
5.061374439273868830e+01
5.068445507085734647e+01
5.075516574897600464e+01
5.082587642709466280e+01
5.089658710521332097e+01
5.096729778333197913e+01
5.103800846145063730e+01
5.110871913956929546e+01
5.117942981768795363e+01
5.125014049580661180e+01
5.132085117392526996e+01
5.139156185204392813e+01
5.146227253016258629e+01
5.153298320828124446e+01
5.160369388639990262e+01
5.167440456451856079e+01
5.174511524263721896e+01
5.181582592075587712e+01
5.188653659887453529e+01
5.195724727699319345e+01
5.202795795511185162e+01
5.209866863323050978e+01
5.216937931134916795e+01
5.224008998946782611e+01
5.231080066758648428e+01
5.238151134570514245e+01
5.245222202382380061e+01
5.252293270194245878e+01
5.259364338006111694e+01
5.266435405817977511e+01
5.273506473629843327e+01
5.280577541441709144e+01
5.287648609253574961e+01
5.294719677065440777e+01
5.301790744877306594e+01
5.308861812689172410e+01
5.315932880501038227e+01
5.323003948312904043e+01
5.330075016124769860e+01
5.337146083936635677e+01
5.344217151748501493e+01
5.351288219560367310e+01
5.358359287372233126e+01
5.365430355184098943e+01
5.372501422995964759e+01
5.379572490807830576e+01
5.386643558619696392e+01
5.393714626431562209e+01
5.400785694243428026e+01
5.407856762055293842e+01
5.414927829867159659e+01
5.421998897679025475e+01
5.429069965490891292e+01
5.436141033302757108e+01
5.443212101114622925e+01
5.450283168926488742e+01
5.457354236738354558e+01
5.464425304550220375e+01
5.471496372362086191e+01
5.478567440173952008e+01
5.485638507985817824e+01
5.492709575797683641e+01
5.499780643609549458e+01
5.506851711421415274e+01
5.513922779233281091e+01
5.520993847045146907e+01
5.528064914857012724e+01
5.535135982668878540e+01
5.542207050480744357e+01
5.549278118292610174e+01
5.556349186104475990e+01
5.563420253916341807e+01
5.570491321728207623e+01
5.577562389540073440e+01
5.584633457351939256e+01
5.591704525163805073e+01
5.598775592975670889e+01
5.605846660787536706e+01
5.612917728599402523e+01
5.619988796411268339e+01
5.627059864223134156e+01
5.634130932034999972e+01
5.641201999846865789e+01
5.648273067658731605e+01
5.655344135470597422e+01
5.662415203282463239e+01
5.669486271094329055e+01
5.676557338906194872e+01
5.683628406718060688e+01
5.690699474529926505e+01
5.697770542341792321e+01
5.704841610153658138e+01
5.711912677965523955e+01
5.718983745777389771e+01
5.726054813589255588e+01
5.733125881401121404e+01
5.740196949212987221e+01
5.747268017024853037e+01
5.754339084836718854e+01
5.761410152648584670e+01
5.768481220460450487e+01
5.775552288272316304e+01
5.782623356084182120e+01
5.789694423896047937e+01
5.796765491707913753e+01
5.803836559519779570e+01
5.810907627331645386e+01
5.817978695143511203e+01
5.825049762955377020e+01
5.832120830767242836e+01
5.839191898579108653e+01
5.846262966390974469e+01
5.853334034202840286e+01
5.860405102014706102e+01
5.867476169826571919e+01
5.874547237638437736e+01
5.881618305450303552e+01
5.888689373262169369e+01
5.895760441074035185e+01
5.902831508885901002e+01
5.909902576697766818e+01
5.916973644509632635e+01
5.924044712321498452e+01
5.931115780133364268e+01
5.938186847945230085e+01
5.945257915757095901e+01
5.952328983568961718e+01
5.959400051380827534e+01
5.966471119192693351e+01
5.973542187004559167e+01
5.980613254816424984e+01
5.987684322628290801e+01
5.994755390440156617e+01
6.001826458252022434e+01
6.008897526063888250e+01
6.015968593875754067e+01
6.023039661687619883e+01
6.030110729499485700e+01
6.037181797311351517e+01
6.044252865123217333e+01
6.051323932935083150e+01
6.058395000746948966e+01
6.065466068558814783e+01
6.072537136370680599e+01
6.079608204182546416e+01
6.086679271994412233e+01
6.093750339806278049e+01
6.100821407618143866e+01
6.107892475430009682e+01
6.114963543241875499e+01
6.122034611053741315e+01
6.129105678865607132e+01
6.136176746677472948e+01
6.143247814489338765e+01
6.150318882301204582e+01
6.157389950113070398e+01
6.164461017924936215e+01
6.171532085736802031e+01
6.178603153548667848e+01
6.185674221360533664e+01
6.192745289172399481e+01
6.199816356984265298e+01
6.206887424796131114e+01
6.213958492607996931e+01
6.221029560419862747e+01
6.228100628231728564e+01
6.235171696043594380e+01
6.242242763855460197e+01
6.249313831667326014e+01
6.256384899479191830e+01
6.263455967291057647e+01
6.270527035102923463e+01
6.277598102914789280e+01
6.284669170726655096e+01
6.291740238538520913e+01
6.298811306350386729e+01
6.305882374162252546e+01
6.312953441974118363e+01
6.320024509785984179e+01
6.327095577597849996e+01
6.334166645409715812e+01
6.341237713221581629e+01
6.348308781033447445e+01
6.355379848845313262e+01
6.362450916657179079e+01
6.369521984469044895e+01
6.376593052280910712e+01
6.383664120092776528e+01
6.390735187904642345e+01
6.397806255716508161e+01
6.404877323528373267e+01
6.411948391340239084e+01
6.419019459152104901e+01
6.426090526963970717e+01
6.433161594775836534e+01
6.440232662587702350e+01
6.447303730399568167e+01
6.454374798211433983e+01
6.461445866023299800e+01
6.468516933835165617e+01
6.475588001647031433e+01
6.482659069458897250e+01
6.489730137270763066e+01
6.496801205082628883e+01
6.503872272894494699e+01
6.510943340706360516e+01
6.518014408518226332e+01
6.525085476330092149e+01
6.532156544141957966e+01
6.539227611953823782e+01
6.546298679765689599e+01
6.553369747577555415e+01
6.560440815389421232e+01
6.567511883201287048e+01
6.574582951013152865e+01
6.581654018825018682e+01
6.588725086636884498e+01
6.595796154448750315e+01
6.602867222260616131e+01
6.609938290072481948e+01
6.617009357884347764e+01
6.624080425696213581e+01
6.631151493508079398e+01
6.638222561319945214e+01
6.645293629131811031e+01
6.652364696943676847e+01
6.659435764755542664e+01
6.666506832567408480e+01
6.673577900379274297e+01
6.680648968191140114e+01
6.687720036003005930e+01
6.694791103814871747e+01
6.701862171626737563e+01
6.708933239438603380e+01
6.716004307250469196e+01
6.723075375062335013e+01
6.730146442874200829e+01
6.737217510686066646e+01
6.744288578497932463e+01
6.751359646309798279e+01
6.758430714121664096e+01
6.765501781933529912e+01
6.772572849745395729e+01
6.779643917557261545e+01
6.786714985369127362e+01
6.793786053180993179e+01
6.800857120992858995e+01
6.807928188804724812e+01
6.814999256616590628e+01
6.822070324428456445e+01
6.829141392240322261e+01
6.836212460052188078e+01
6.843283527864053895e+01
6.850354595675919711e+01
6.857425663487785528e+01
6.864496731299651344e+01
6.871567799111517161e+01
6.878638866923382977e+01
6.885709934735248794e+01
6.892781002547114610e+01
6.899852070358980427e+01
6.906923138170846244e+01
6.913994205982712060e+01
6.921065273794577877e+01
6.928136341606443693e+01
6.935207409418309510e+01
6.942278477230175326e+01
6.949349545042041143e+01
6.956420612853906960e+01
6.963491680665772776e+01
6.970562748477638593e+01
6.977633816289504409e+01
6.984704884101370226e+01
6.991775951913236042e+01
6.998847019725101859e+01
7.005918087536967676e+01
7.012989155348833492e+01
7.020060223160699309e+01
7.027131290972565125e+01
7.034202358784430942e+01
7.041273426596296758e+01
7.048344494408162575e+01
7.055415562220028391e+01
7.062486630031894208e+01
7.069557697843760025e+01
7.076628765655625841e+01
7.083699833467491658e+01
7.090770901279357474e+01
7.097841969091223291e+01
7.104913036903089107e+01
7.111984104714954924e+01
7.119055172526820741e+01
7.126126240338686557e+01
7.133197308150552374e+01
7.140268375962418190e+01
7.147339443774284007e+01
7.154410511586149823e+01
7.161481579398015640e+01
7.168552647209881457e+01
7.175623715021747273e+01
7.182694782833613090e+01
7.189765850645478906e+01
7.196836918457344723e+01
7.203907986269210539e+01
7.210979054081076356e+01
7.218050121892942173e+01
7.225121189704807989e+01
7.232192257516673806e+01
7.239263325328539622e+01
7.246334393140405439e+01
7.253405460952271255e+01
7.260476528764137072e+01
7.267547596576002888e+01
7.274618664387868705e+01
7.281689732199734522e+01
7.288760800011600338e+01
7.295831867823466155e+01
7.302902935635331971e+01
7.309974003447197788e+01
7.317045071259063604e+01
7.324116139070929421e+01
7.331187206882795238e+01
7.338258274694661054e+01
7.345329342506526871e+01
7.352400410318392687e+01
7.359471478130258504e+01
7.366542545942124320e+01
7.373613613753990137e+01
7.380684681565855954e+01
7.387755749377721770e+01
7.394826817189587587e+01
7.401897885001453403e+01
7.408968952813319220e+01
7.416040020625185036e+01
7.423111088437050853e+01
7.430182156248916669e+01
7.437253224060782486e+01
7.444324291872648303e+01
7.451395359684514119e+01
7.458466427496379936e+01
7.465537495308245752e+01
7.472608563120111569e+01
7.479679630931977385e+01
7.486750698743843202e+01
7.493821766555709019e+01
7.500892834367574835e+01
7.507963902179440652e+01
7.515034969991306468e+01
7.522106037803172285e+01
7.529177105615038101e+01
7.536248173426903918e+01
7.543319241238769735e+01
7.550390309050635551e+01
7.557461376862501368e+01
7.564532444674367184e+01
7.571603512486233001e+01
7.578674580298098817e+01
7.585745648109964634e+01
7.592816715921830450e+01
7.599887783733696267e+01
7.606958851545562084e+01
7.614029919357427900e+01
7.621100987169293717e+01
7.628172054981159533e+01
7.635243122793025350e+01
7.642314190604891166e+01
7.649385258416756983e+01
7.656456326228622800e+01
7.663527394040488616e+01
7.670598461852354433e+01
7.677669529664220249e+01
7.684740597476086066e+01
7.691811665287951882e+01
7.698882733099817699e+01
7.705953800911683516e+01
7.713024868723549332e+01
7.720095936535415149e+01
7.727167004347280965e+01
7.734238072159146782e+01
7.741309139971012598e+01
7.748380207782878415e+01
7.755451275594744232e+01
7.762522343406610048e+01
7.769593411218475865e+01
7.776664479030341681e+01
7.783735546842207498e+01
7.790806614654073314e+01
7.797877682465939131e+01
7.804948750277804947e+01
7.812019818089670764e+01
7.819090885901536581e+01
7.826161953713402397e+01
7.833233021525268214e+01
7.840304089337134030e+01
7.847375157148999847e+01
7.854446224960865663e+01
7.861517292772731480e+01
7.868588360584597297e+01
7.875659428396463113e+01
7.882730496208328930e+01
7.889801564020194746e+01
7.896872631832060563e+01
7.903943699643926379e+01
7.911014767455792196e+01
7.918085835267658013e+01
7.925156903079523829e+01
7.932227970891389646e+01
7.939299038703255462e+01
7.946370106515121279e+01
7.953441174326987095e+01
7.960512242138852912e+01
7.967583309950718728e+01
7.974654377762584545e+01
7.981725445574450362e+01
7.988796513386316178e+01
7.995867581198181995e+01
8.002938649010047811e+01
8.010009716821913628e+01
8.017080784633779444e+01
8.024151852445645261e+01
8.031222920257511078e+01
8.038293988069376894e+01
8.045365055881242711e+01
8.052436123693108527e+01
8.059507191504974344e+01
8.066578259316840160e+01
8.073649327128705977e+01
8.080720394940571794e+01
8.087791462752437610e+01
8.094862530564303427e+01
8.101933598376169243e+01
8.109004666188035060e+01
8.116075733999900876e+01
8.123146801811766693e+01
8.130217869623632510e+01
8.137288937435498326e+01
8.144360005247364143e+01
8.151431073059229959e+01
8.158502140871095776e+01
8.165573208682961592e+01
8.172644276494827409e+01
8.179715344306693225e+01
8.186786412118559042e+01
8.193857479930424859e+01
8.200928547742290675e+01
8.207999615554156492e+01
8.215070683366022308e+01
8.222141751177888125e+01
8.229212818989753941e+01
8.236283886801619758e+01
8.243354954613485575e+01
8.250426022425351391e+01
8.257497090237217208e+01
8.264568158049083024e+01
8.271639225860948841e+01
8.278710293672814657e+01
8.285781361484680474e+01
8.292852429296546291e+01
8.299923497108412107e+01
8.306994564920277924e+01
8.314065632732143740e+01
8.321136700544009557e+01
8.328207768355875373e+01
8.335278836167741190e+01
8.342349903979607006e+01
8.349420971791472823e+01
8.356492039603338640e+01
8.363563107415204456e+01
8.370634175227070273e+01
8.377705243038936089e+01
8.384776310850801906e+01
8.391847378662667722e+01
8.398918446474533539e+01
8.405989514286399356e+01
8.413060582098265172e+01
8.420131649910130989e+01
8.427202717721996805e+01
8.434273785533862622e+01
8.441344853345728438e+01
8.448415921157594255e+01
8.455486988969460072e+01
8.462558056781325888e+01
8.469629124593191705e+01
8.476700192405057521e+01
8.483771260216923338e+01
8.490842328028789154e+01
8.497913395840654971e+01
8.504984463652520787e+01
8.512055531464386604e+01
8.519126599276252421e+01
8.526197667088118237e+01
8.533268734899984054e+01
8.540339802711849870e+01
8.547410870523715687e+01
8.554481938335581503e+01
8.561553006147447320e+01
8.568624073959313137e+01
8.575695141771178953e+01
8.582766209583044770e+01
8.589837277394910586e+01
8.596908345206776403e+01
8.603979413018642219e+01
8.611050480830508036e+01
8.618121548642373853e+01
8.625192616454239669e+01
8.632263684266105486e+01
8.639334752077971302e+01
8.646405819889837119e+01
8.653476887701702935e+01
8.660547955513568752e+01
8.667619023325434569e+01
8.674690091137300385e+01
8.681761158949166202e+01
8.688832226761032018e+01
8.695903294572897835e+01
8.702974362384763651e+01
8.710045430196629468e+01
8.717116498008495284e+01
8.724187565820361101e+01
8.731258633632226918e+01
8.738329701444092734e+01
8.745400769255958551e+01
8.752471837067824367e+01
8.759542904879690184e+01
8.766613972691556000e+01
8.773685040503421817e+01
8.780756108315287634e+01
8.787827176127153450e+01
8.794898243939019267e+01
8.801969311750885083e+01
8.809040379562750900e+01
8.816111447374616716e+01
8.823182515186482533e+01
8.830253582998348350e+01
8.837324650810214166e+01
8.844395718622079983e+01
8.851466786433945799e+01
8.858537854245811616e+01
8.865608922057677432e+01
8.872679989869543249e+01
8.879751057681409065e+01
8.886822125493274882e+01
8.893893193305140699e+01
8.900964261117006515e+01
8.908035328928872332e+01
8.915106396740738148e+01
8.922177464552603965e+01
8.929248532364469781e+01
8.936319600176335598e+01
8.943390667988201415e+01
8.950461735800067231e+01
8.957532803611933048e+01
8.964603871423798864e+01
8.971674939235664681e+01
8.978746007047530497e+01
8.985817074859396314e+01
8.992888142671262131e+01
8.999959210483127947e+01
9.007030278294993764e+01
9.014101346106859580e+01
9.021172413918725397e+01
9.028243481730591213e+01
9.035314549542457030e+01
9.042385617354322846e+01
9.049456685166188663e+01
9.056527752978054480e+01
9.063598820789920296e+01
9.070669888601786113e+01
9.077740956413651929e+01
9.084812024225517746e+01
9.091883092037383562e+01
9.098954159849249379e+01
9.106025227661115196e+01
9.113096295472981012e+01
9.120167363284846829e+01
9.127238431096712645e+01
9.134309498908578462e+01
9.141380566720444278e+01
9.148451634532310095e+01
9.155522702344175912e+01
9.162593770156041728e+01
9.169664837967907545e+01
9.176735905779773361e+01
9.183806973591639178e+01
9.190878041403504994e+01
9.197949109215370811e+01
9.205020177027236628e+01
9.212091244839102444e+01
9.219162312650968261e+01
9.226233380462834077e+01
9.233304448274699894e+01
9.240375516086565710e+01
9.247446583898431527e+01
9.254517651710297343e+01
9.261588719522163160e+01
9.268659787334028977e+01
9.275730855145894793e+01
9.282801922957760610e+01
9.289872990769626426e+01
9.296944058581492243e+01
9.304015126393358059e+01
9.311086194205223876e+01
9.318157262017089693e+01
9.325228329828955509e+01
9.332299397640821326e+01
9.339370465452687142e+01
9.346441533264552959e+01
9.353512601076418775e+01
9.360583668888284592e+01
9.367654736700150409e+01
9.374725804512016225e+01
9.381796872323882042e+01
9.388867940135747858e+01
9.395939007947613675e+01
9.403010075759479491e+01
9.410081143571345308e+01
9.417152211383211124e+01
9.424223279195076941e+01
9.431294347006942758e+01
9.438365414818808574e+01
9.445436482630674391e+01
9.452507550442540207e+01
9.459578618254406024e+01
9.466649686066271840e+01
9.473720753878137657e+01
9.480791821690003474e+01
9.487862889501869290e+01
9.494933957313735107e+01
9.502005025125600923e+01
9.509076092937466740e+01
9.516147160749332556e+01
9.523218228561198373e+01
9.530289296373064190e+01
9.537360364184930006e+01
9.544431431996795823e+01
9.551502499808661639e+01
9.558573567620527456e+01
9.565644635432393272e+01
9.572715703244259089e+01
9.579786771056124905e+01
9.586857838867990722e+01
9.593928906679856539e+01
9.600999974491722355e+01
9.608071042303588172e+01
9.615142110115453988e+01
9.622213177927319805e+01
9.629284245739185621e+01
9.636355313551051438e+01
9.643426381362917255e+01
9.650497449174783071e+01
9.657568516986648888e+01
9.664639584798514704e+01
9.671710652610380521e+01
9.678781720422246337e+01
9.685852788234112154e+01
9.692923856045977971e+01
9.699994923857843787e+01
9.707065991669709604e+01
9.714137059481575420e+01
9.721208127293441237e+01
9.728279195105307053e+01
9.735350262917172870e+01
9.742421330729038687e+01
9.749492398540904503e+01
9.756563466352770320e+01
9.763634534164636136e+01
9.770705601976501953e+01
9.777776669788367769e+01
9.784847737600233586e+01
9.791918805412099402e+01
9.798989873223965219e+01
9.806060941035831036e+01
9.813132008847696852e+01
9.820203076659562669e+01
9.827274144471428485e+01
9.834345212283294302e+01
9.841416280095160118e+01
9.848487347907025935e+01
9.855558415718891752e+01
9.862629483530757568e+01
9.869700551342623385e+01
9.876771619154489201e+01
9.883842686966355018e+01
9.890913754778220834e+01
9.897984822590086651e+01
9.905055890401952468e+01
9.912126958213818284e+01
9.919198026025684101e+01
9.926269093837549917e+01
9.933340161649415734e+01
9.940411229461281550e+01
9.947482297273147367e+01
9.954553365085013183e+01
9.961624432896879000e+01
9.968695500708744817e+01
9.975766568520610633e+01
9.982837636332476450e+01
9.989908704144342266e+01
9.996979771956208083e+01
1.000000000000000000e+02
