7.460454465488456316e-15
5.844003317660193290e-15
7.539015632405283107e-14
9.736235517636107611e-14
2.995402527737811645e-15
1.568866927422632230e-13
4.736611910997618917e-13
2.126885804767615844e-13
8.696173748078648699e-14
1.174716708172077123e-12
1.405729865261915504e-12
6.606851604944426652e-14
1.477015801310345472e-12
4.357743459218315964e-12
1.947557417546882922e-12
5.118323718540695710e-13
7.832339533287888745e-12
9.181362387308274369e-12
5.208535328506169681e-13
7.718827408241900246e-12
2.260164920828940984e-11
9.950602952766847372e-12
2.171278715647323354e-12
3.439753705691575698e-11
3.898824208030284798e-11
2.109113612339233482e-12
3.040092948992063289e-11
8.483664604577648904e-11
3.476091451594415120e-11
8.774231828151109109e-12
1.196733982491730334e-10
1.250084683705435275e-10
4.510480725657249519e-12
1.047216402864011199e-10
2.586134732429859924e-10
8.906219056142461806e-11
3.784977010948193606e-11
3.619474653141894644e-10
3.218072545286704934e-10
2.734146134724134748e-12
3.397411813664249697e-10
6.738504329306542336e-10
1.618244908968226387e-10
1.719748890052752150e-10
9.910784415102218323e-10
6.625587069139942521e-10
6.814877162233140665e-12
1.059650239122168420e-09
1.500093131234828683e-09
1.594264664254415825e-10
7.668521629565758434e-10
2.439939127250516376e-09
9.776006488088194020e-10
2.628412027150696217e-10
3.086787348877191479e-09
2.636778955233346478e-09
2.749560087483518082e-12
3.089569490206599231e-09
4.997463675752886725e-09
6.186056026605945323e-10
2.368461616777415680e-09
7.633043566981198482e-09
2.689714897363937226e-09
1.221382109784168380e-09
1.002939679672522084e-08
6.557836810883556928e-09
2.386163975013645672e-10
1.185163680027540735e-08
1.231300818582106066e-08
6.578734797584996485e-11
1.315083945595947306e-08
1.997866220447783764e-08
1.117370658374622235e-09
1.446939729058147801e-08
2.981939112150649853e-08
3.304596030455924417e-09
1.697413512955406682e-08
4.260833971513017651e-08
5.738235729997224014e-09
2.300110374909365269e-08
5.948191388425650322e-08
6.410400151136336220e-09
3.777015431980986521e-08
8.016926536959097123e-08
2.954063240370755576e-09
7.290488735046580162e-08
9.619083314182869943e-08
1.012037533064233204e-09
1.461016103045553896e-07
7.722172257825462191e-08
4.984344076172035758e-08
2.362851906696077373e-07
5.278596076936661777e-09
2.740425562925542132e-07
1.407192787296664278e-07
1.978221947015285673e-07
3.771444971841134191e-07
1.470041571598022395e-07
6.242940105489564166e-07
2.936945525180060428e-07
6.589182715230414171e-07
1.471718841163985662e-06
1.017862081077600436e-07
4.943640917499844168e-07
9.395302990075444139e-10
1.865500618007443628e-02
2.720014001249946745e+01
3.536885872787311200e+03
1.728745676860749081e+05
4.709928475787059404e+06
8.554085183171476424e+07
1.144325632005611420e+09
1.200415637426700592e+10
1.030248679992722015e+11
7.456993944449086914e+11
4.656104564888903320e+12
2.551980398456189844e+13
1.244771208331503906e+14
5.463344415059254375e+14
2.177273906603477250e+15
7.938054389723862000e+15
2.664406057443048400e+16
8.277421610837044800e+16
2.391028434632737600e+17
6.447335921589242880e+17
1.628409513656656640e+18
3.863885423203785216e+18
8.635515945670417408e+18
1.821972745615356723e+19
3.636217194979673702e+19
6.876555707648426803e+19
1.234158012927043994e+20
2.104900568547747430e+20
3.415554808824809390e+20
5.278374087474613453e+20
7.775477906590926111e+20
1.092607193138071208e+21
1.465481303655073186e+21
1.877134605039327773e+21
2.297111539942867075e+21
2.686382610728948859e+21
3.002871535101141844e+21
3.208707152981782954e+21
3.277532715390742823e+21
3.199960851776492012e+21
2.985640224055335846e+21
2.661316483667472155e+21
2.265416578131431522e+21
1.840651976891299004e+21
1.426585294650240926e+21
1.053912110749074588e+21
7.415043347458039480e+20
4.963487762031436759e+20
3.157323746198630564e+20
1.906039663732574454e+20
1.090349656564056392e+20
5.900241638772940800e+19
3.014323186027345510e+19
1.450620697644772762e+19
6.559252231565976576e+18
2.778599248604790784e+18
1.099052244859148416e+18
4.043542390870079360e+17
1.377603925163484320e+17
4.323683410887996800e+16
1.242529440804577200e+16
3.246006070163825500e+15
7.642351863829271250e+14
1.604653468634417812e+14
2.966131567589810156e+13
4.748862742233254883e+12
6.448998833775626221e+11
7.225523216787617493e+10
6.429802035968640327e+09
4.301790918192083836e+08
1.988261769841896743e+07
5.496443721993685467e+05
6.807966397947396217e+03
1.681433839294919608e+01
6.568441055789509247e-04
7.515545186200870147e-05
7.221599994056829351e-05
8.116111637990830539e-05
8.698363067600705157e-06
3.326685304331047818e-05
2.703122148408007518e-05
1.581398078043938634e-05
2.397590707516429200e-05
1.658909682064813100e-05
1.361444508935447907e-05
2.406139373816782823e-05
2.557838231656116990e-06
2.879494780604066541e-05
1.470736629107290646e-06
1.992473619795564281e-05
1.506771365210668860e-05
3.268056245997015894e-06
2.511166642096560254e-05
3.310689096890277114e-06
1.265389988539136945e-05
2.047500242209462560e-05
5.782471808644522071e-09
1.947535071966374220e-05
1.401737424649091722e-05
1.467507837068288728e-06
2.281243189490238758e-05
8.877983198829678718e-06
4.532577521689323572e-06
2.406289535014997894e-05
5.427160265829183914e-06
7.805411936703165188e-06
2.442411588850159650e-05
3.244980532625813731e-06
1.091038293262296912e-05
2.455440826561300677e-05
1.869359515751070724e-06
1.390611370832046973e-05
2.472523692033333894e-05
9.726843966482836116e-07
1.702038735939234070e-05
2.496974239177490398e-05
3.724574338007572017e-07
2.056102522656098820e-05
2.514848759621031253e-05
3.371075947353945604e-08
2.489286284678931976e-05
2.494142426366206827e-05
1.301857216876351032e-07
3.040573972317447640e-05
2.378751137599081252e-05
1.221771350832637769e-06
3.737617096672344707e-05
2.083103643599982778e-05
4.615752577549071479e-06
4.552449587827536509e-05
1.509777837404819385e-05
1.289428855106663526e-05
5.290569568662181754e-05
6.609340493044632506e-06
3.001182173945901788e-05
5.392490631553454417e-05
5.730057768096566497e-08
5.823047034482235133e-05
3.878934879437594748e-05
1.199261851417790507e-05
8.514073866788083732e-05
7.282825220937317737e-06
6.758694662402539544e-05
6.479469391165085365e-05
1.913621343253344470e-05
1.242590944219374631e-04
7.690030718551786647e-08
1.521096488346663231e-04
1.627025257336537498e-05
1.740453751320374988e-04
3.144429822213193842e-05
2.473516649311336291e-04
5.137671587871445614e-06
3.905622707296644409e-04
1.991926620447711908e-04
1.812847778202127602e-05
3.096269166300458123e-04
5.292927079277376444e-05
1.571652873952639062e+01
2.198290886857543228e+04
3.102303756330195349e+06
1.645020703933632076e+08
4.818507082886927605e+09
9.323000007277526855e+10
1.317968564153472656e+12
1.450905895178619141e+13
1.298995894125683438e+14
9.757778222037260000e+14
6.294943793987071000e+15
3.550891200331886000e+16
1.776473714625314880e+17
7.973218213603354880e+17
3.240737474742435840e+18
1.202218848952315699e+19
4.097397436749481574e+19
1.290159806382683914e+20
3.771101420288171704e+20
1.027484967776717636e+21
2.618916790171571061e+21
6.264180915392544244e+21
1.409911167491372587e+22
2.993283078422503673e+22
6.006906664812546097e+22
1.141590128504498018e+23
2.057968539836782645e+23
3.524228604339699099e+23
5.740337723187315826e+23
8.903097918381724428e+23
1.316117908557372414e+24
1.855925290076611101e+24
2.498314512542417008e+24
3.212283592855911987e+24
3.947055470781525540e+24
4.636530473722124238e+24
5.208333832211710595e+24
5.595954904824318133e+24
5.751255889386697677e+24
5.654153770072622368e+24
5.316824535426635892e+24
4.781232014130012827e+24
4.110663643576771438e+24
3.377599926153148642e+24
2.651087742766165304e+24
1.986593078106225407e+24
1.420244134292857534e+24
9.679086991370810106e+23
6.282242480874640512e+23
3.879128338474765375e+23
2.275913055519026562e+23
1.266974007949944506e+23
6.681526299203248272e+22
3.331897732762316885e+22
1.567912741005911969e+22
6.946269520618182410e+21
2.889526381351499989e+21
1.125201917416619114e+21
4.087481935177113928e+20
1.379651445922001060e+20
4.306913857367145677e+19
1.236835027993800909e+19
3.246879090873369600e+18
7.733618488856666880e+17
1.656426430830469760e+17
3.155822387237160800e+16
5.276923428272135000e+15
7.614785486198440000e+14
9.279555418981909375e+13
9.279390538199199219e+12
7.319773377539311523e+11
4.302609409322158813e+10
1.726018340261529684e+09
4.067568573756421357e+07
4.167009847070837277e+05
7.948089043198148147e+02
2.240419866262549284e-02
8.269035552228587178e-04
9.112294306944632204e-04
2.219848902306868939e-03
1.173389908386121691e-03
1.561102079761135931e-04
1.362383625923205841e-03
3.396888604596513097e-07
1.082296139531148740e-03
6.067068721220191393e-08
9.026540235386483740e-04
4.308630585735341502e-05
6.684050574333816807e-04
2.561689688307728003e-04
2.968515326317666485e-04
5.631054479514830324e-04
1.194869163114200621e-05
6.112307203089582461e-04
1.468414567848940746e-04
2.520032015107692182e-04
5.125405281756348699e-04
5.488961016610047023e-07
4.628702893233801324e-04
2.910560803763495509e-04
6.084963917139736859e-05
5.279968492562098215e-04
1.205533859201443614e-04
1.853954345479998068e-04
4.973206168014660108e-04
3.002149673948806353e-05
3.043586732471309118e-04
4.268058826593066919e-04
5.842081677770629796e-07
3.991872022206932732e-04
3.468911495923267490e-04
1.086430604604690828e-05
4.711788245999872990e-04
2.691380071957317328e-04
4.810050075591361987e-05
5.254854539180577782e-04
1.958368733898986928e-04
1.081133607427851038e-04
5.647517248475181087e-04
1.264717842218602640e-04
1.932312429130092404e-04
5.862516400016803226e-04
6.249833413647827574e-05
3.099470847943612355e-04
5.796214252821723246e-04
1.307819985257277499e-05
4.646397464531639636e-04
5.252187155879550328e-04
4.241164340512936016e-06
6.525556993633337133e-04
3.980591370021132453e-04
9.105759205168830709e-05
8.318841802531800776e-04
1.937633515543787422e-04
3.574427924181001830e-04
8.814501730487403616e-04
1.004144588953401958e-05
8.400997103537255701e-04
6.058774199089035466e-04
1.807280640303310674e-04
1.252810985469618270e-03
6.994758096639971641e-05
1.093200081889125590e-03
7.640298997948719115e-04
4.759629085219629235e-04
1.614857877783849220e-03
7.126484650464452524e-05
2.229657344185342893e-03
5.777401962628163308e-07
2.835436617517497846e-03
8.616815120291636648e-07
3.744025775822677586e-03
7.218805123648796293e-04
2.771427171401563434e-03
7.522733733935980764e-03
5.735017640877268161e-03
1.029780372702171487e-02
1.992335027421213503e-02
8.444682413641647145e+03
3.493180213562552352e+06
3.208091391117999554e+08
1.345022093410671806e+10
3.383820208404592285e+11
5.875559572904862305e+12
7.653455484468645312e+13
7.898155843059995000e+14
6.707985283318111000e+15
4.821212848641888000e+16
2.994972874888540160e+17
1.634771420524467200e+18
7.944319983700068352e+18
3.474007090572131942e+19
1.379136382884056596e+20
5.007105447364586373e+20
1.672916342846862393e+21
5.171030197853341352e+21
1.485521856223840410e+22
3.981960764959420003e+22
9.993668703767867110e+22
2.355424160373915297e+23
5.227277385213096504e+23
1.094844692517485611e+24
2.168646741093775982e+24
4.069758037531256452e+24
7.247423868098950768e+24
1.226432619316788591e+25
1.974625110934249799e+25
3.028139615065961372e+25
4.427168180410787187e+25
6.175723163947993678e+25
8.225500637161556741e+25
1.046651873707095022e+26
1.272959565552905342e+26
1.480345237568853207e+26
1.646528818327717510e+26
1.751922838483294245e+26
1.783370808018679189e+26
1.736808223714034803e+26
1.618113210301295761e+26
1.441904473034131582e+26
1.228621262230092932e+26
1.000680462758163311e+26
7.786951191723242005e+25
5.786123157979862633e+25
4.102624370512036619e+25
2.773602603035861114e+25
1.786218425687972570e+25
1.094642589699335264e+25
6.375754737990259364e+24
3.524633608803915600e+24
1.846462487884419903e+24
9.150433937613594506e+23
4.281005490036295116e+23
1.886532210443570643e+23
7.810415634813259507e+22
3.028982727260150904e+22
1.096657004316226644e+22
3.692485553233118888e+21
1.151078748776066843e+21
3.305074853491678904e+20
8.687934254093131776e+19
2.075887647201517158e+19
4.470288417982099968e+18
8.586796683260835840e+17
1.452764845902352960e+17
2.130914267627515600e+16
2.655743792946735000e+15
2.738894891250605625e+14
2.255069330066383203e+13
1.408810027076338135e+12
6.185521539645740509e+10
1.682833942372550488e+09
2.237416080929709226e+07
8.151453606145661615e+04
2.834000974665046968e+00
6.427335655578519935e-02
3.069443318250512226e-02
2.071412892230837036e-02
2.555735958588974642e-03
6.128031461788615089e-03
9.390416034484413976e-03
8.127868041325770612e-04
8.516731029976336992e-03
3.825689535991925712e-04
6.783114315282566358e-03
1.006935474155836591e-03
4.588196204542171509e-03
2.712643906564083177e-03
1.806588007930445394e-03
4.678913188816957551e-03
3.034797370119235696e-05
4.628875332485304223e-03
1.218306327558870599e-03
1.882696697388314524e-03
3.850970486573552284e-03
3.154383307561274139e-07
3.565585371176092921e-03
1.957233892299345586e-03
6.205029942386994972e-04
3.895929405785061167e-03
6.115040954154029196e-04
1.718380954590823960e-03
3.381219078543463378e-03
5.255186176390172611e-05
2.641604517185498508e-03
2.580391881141957163e-03
5.556529177986662619e-05
3.244525877532966271e-03
1.784702301154696656e-03
3.904061096308651928e-04
3.562707057902024348e-03
1.100688509087929205e-03
9.200335663747475625e-04
3.654435570694552528e-03
5.571642331175442235e-04
1.583841648346029753e-03
3.547520562984490377e-03
1.732622174568304379e-04
2.360171426715133598e-03
3.228851468354479361e-03
1.603742485676012179e-06
3.224118240914071887e-03
2.654531058589928386e-03
1.627139376109944995e-04
4.088710918424240913e-03
1.792330175655268941e-03
8.653714176347355840e-04
4.713413404905734440e-03
7.437852718660659633e-04
2.352060510597067666e-03
4.606018417771407664e-03
1.534948486314003318e-05
4.587205290226258406e-03
3.142855168776056887e-03
8.516943963645474741e-04
6.424235039943865418e-03
6.359624293093208477e-04
4.629803715685262833e-03
4.939738013718920039e-03
9.238656243683559047e-04
8.556823925433387767e-03
2.154750303096691823e-04
8.772238976339784972e-03
2.815140498800809948e-03
7.390041020360327978e-03
6.220632901849629075e-03
7.393977354127836792e-03
7.935594376686146492e-03
1.254650801918933724e-02
3.947310696524674624e-03
2.822610863852251586e-02
7.222444687278415341e-03
4.393863511066881979e-03
2.550132026799451640e-02
1.254614389498229059e-02
1.947343404224198366e+03
2.644587070333162788e+06
3.875691944429101348e+08
2.142616651190955353e+10
6.528702642486650391e+11
1.309932360934715039e+13
1.914471701698741250e+14
2.172857198460054750e+15
2.000691135640901600e+16
1.542266662766829760e+17
1.019062334802159872e+18
5.877655789327780864e+18
3.002075302054934528e+19
1.373726914175053824e+20
5.685692902966243492e+20
2.145448867023490122e+21
7.430318454132347765e+21
2.375304810683701815e+22
7.043204044448181151e+22
1.945305346902879770e+23
5.022958292061221783e+23
1.216387088081682889e+24
2.770381415572056947e+24
5.948827409383372829e+24
1.206949108707207986e+25
2.318160578174064928e+25
4.222104595652436672e+25
7.302862190034918255e+25
1.201175719861904422e+26
1.880921053044536105e+26
2.806877090895688323e+26
3.995264566023556276e+26
5.428305167656848478e+26
7.044613775262874333e+26
8.736861288648103898e+26
1.035967197159059588e+27
1.174826406556299024e+27
1.274508260584887208e+27
1.322870554337853963e+27
1.313781858820448645e+27
1.248380896604262242e+27
1.134845550666879672e+27
9.867352743734865016e+26
8.203646810801588965e+26
6.519018094563822072e+26
4.948908944784110160e+26
3.586957340904376125e+26
2.480397840703450982e+26
1.635052895529119206e+26
1.026451425234036516e+26
6.130004251478388070e+25
3.478174856443058474e+25
1.872356059360533520e+25
9.547002342279735367e+24
4.602449419786342216e+24
2.093391533766482864e+24
8.962443262881936462e+23
3.602072898847424769e+23
1.354883864984538170e+23
4.752892785375674630e+22
1.548735638043460056e+22
4.666013434396804645e+21
1.292770962086089982e+21
3.273088267936012042e+20
7.516303269426048205e+19
1.551574527311353242e+19
2.848059329071950848e+18
4.587016438583411200e+17
6.374369667489268800e+16
7.480463136687468000e+15
7.205616374727248750e+14
5.480039009007242188e+13
3.111959676203129883e+12
1.211418346036294708e+11
2.798833284265045643e+09
2.889943141469946876e+07
6.232285028990280261e+04
4.191878752296366306e-01
5.575388956783598055e-02
3.330131914911449442e-02
6.340026943674390014e-02
3.688477047759223387e-02
1.769237847754865115e-03
3.777883831857666019e-02
1.426990719576037153e-03
2.714811316220706872e-02
1.759790420508590197e-03
2.311588304578356470e-02
1.345116712126691316e-04
2.040981331304576180e-02
1.389136770730063988e-03
1.399319010639398127e-02
7.901042026721327022e-03
4.443711747805120273e-03
1.458043211285047977e-02
5.420991960437013344e-05
1.227849364729674195e-02
6.271597813959001178e-03
2.801158524166487331e-03
1.292008434927731375e-02
9.708803197883055652e-04
7.600463906602641061e-03
9.383966671394933234e-03
9.246474971012815370e-05
1.049437925092921997e-02
5.369295812861355974e-03
1.654758301905272797e-03
1.122702015872504774e-02
2.381766511951106512e-03
4.022631566901607725e-03
1.053559290474793443e-02
6.515852233984141236e-04
