-1.000000000000000000e+02
-9.993553957926557985e+01
-9.983553957926558553e+01
-9.973553957926559121e+01
-9.963553957926559690e+01
-9.953553957926560258e+01
-9.943553957926560827e+01
-9.933553957926561395e+01
-9.923553957926561964e+01
-9.913553957926562532e+01
-9.903553957926563101e+01
-9.893553957926563669e+01
-9.883553957926564237e+01
-9.873553957926564806e+01
-9.863553957926565374e+01
-9.853553957926565943e+01
-9.843553957926566511e+01
-9.833553957926567080e+01
-9.823553957926567648e+01
-9.813553957926568216e+01
-9.803553957926568785e+01
-9.793553957926569353e+01
-9.783553957926569922e+01
-9.773553957926570490e+01
-9.763553957926571059e+01
-9.753553957926571627e+01
-9.743553957926572195e+01
-9.733553957926572764e+01
-9.723553957926573332e+01
-9.713553957926573901e+01
-9.703553957926574469e+01
-9.693553957926575038e+01
-9.683553957926575606e+01
-9.673553957926576174e+01
-9.663553957926576743e+01
-9.653553957926577311e+01
-9.643553957926577880e+01
-9.633553957926578448e+01
-9.623553957926579017e+01
-9.613553957926579585e+01
-9.603553957926580154e+01
-9.593553957926580722e+01
-9.583553957926581290e+01
-9.573553957926581859e+01
-9.563553957926582427e+01
-9.553553957926582996e+01
-9.543553957926583564e+01
-9.533553957926584133e+01
-9.523553957926584701e+01
-9.513553957926585269e+01
-9.503553957926585838e+01
-9.493553957926586406e+01
-9.483553957926586975e+01
-9.473553957926587543e+01
-9.463553957926588112e+01
-9.453553957926588680e+01
-9.443553957926589248e+01
-9.433553957926589817e+01
-9.423553957926590385e+01
-9.413553957926590954e+01
-9.403553957926591522e+01
-9.393553957926592091e+01
-9.383553957926592659e+01
-9.373553957926593228e+01
-9.363553957926593796e+01
-9.353553957926594364e+01
-9.343553957926594933e+01
-9.333553957926595501e+01
-9.323553957926596070e+01
-9.313553957926596638e+01
-9.303553957926597207e+01
-9.293553957926597775e+01
-9.283553957926598343e+01
-9.273553957926598912e+01
-9.263553957926599480e+01
-9.253553957926600049e+01
-9.243553957926600617e+01
-9.233553957926601186e+01
-9.223553957926601754e+01
-9.213553957926602322e+01
-9.203553957926602891e+01
-9.193553957926603459e+01
-9.183553957926604028e+01
-9.173553957926604596e+01
-9.163553957926605165e+01
-9.153553957926605733e+01
-9.143553957926606301e+01
-9.133553957926606870e+01
-9.123553957926607438e+01
-9.113553957926608007e+01
-9.103553957926608575e+01
-9.093553957926609144e+01
-9.083553957926609712e+01
-9.073553957926610281e+01
-9.063553957926610849e+01
-9.053553957926611417e+01
-9.043553957926611986e+01
-9.033553957926612554e+01
-9.023553957926613123e+01
-9.013553957926613691e+01
-9.003553957926614260e+01
-8.993553957926614828e+01
-8.983553957926615396e+01
-8.973553957926615965e+01
-8.963553957926616533e+01
-8.953553957926617102e+01
-8.943553957926617670e+01
-8.933553957926618239e+01
-8.923553957926618807e+01
-8.913553957926619375e+01
-8.903553957926619944e+01
-8.893553957926620512e+01
-8.883553957926621081e+01
-8.873553957926621649e+01
-8.863553957926622218e+01
-8.853553957926622786e+01
-8.843553957926623355e+01
-8.833553957926623923e+01
-8.823553957926624491e+01
-8.813553957926625060e+01
-8.803553957926625628e+01
-8.793553957926626197e+01
-8.783553957926626765e+01
-8.773553957926627334e+01
-8.763553957926627902e+01
-8.753553957926628470e+01
-8.743553957926629039e+01
-8.733553957926629607e+01
-8.723553957926630176e+01
-8.713553957926630744e+01
-8.703553957926631313e+01
-8.693553957926631881e+01
-8.683553957926632449e+01
-8.673553957926633018e+01
-8.663553957926633586e+01
-8.653553957926634155e+01
-8.643553957926634723e+01
-8.633553957926635292e+01
-8.623553957926635860e+01
-8.613553957926636429e+01
-8.603553957926636997e+01
-8.593553957926637565e+01
-8.583553957926638134e+01
-8.573553957926638702e+01
-8.563553957926639271e+01
-8.553553957926639839e+01
-8.543553957926640408e+01
-8.533553957926640976e+01
-8.523553957926641544e+01
-8.513553957926642113e+01
-8.503553957926642681e+01
-8.493553957926643250e+01
-8.483553957926643818e+01
-8.473553957926644387e+01
-8.463553957926644955e+01
-8.453553957926645523e+01
-8.443553957926646092e+01
-8.433553957926646660e+01
-8.423553957926647229e+01
-8.413553957926647797e+01
-8.403553957926648366e+01
-8.393553957926648934e+01
-8.383553957926649502e+01
-8.373553957926650071e+01
-8.363553957926650639e+01
-8.353553957926651208e+01
-8.343553957926651776e+01
-8.333553957926652345e+01
-8.323553957926652913e+01
-8.313553957926653482e+01
-8.303553957926654050e+01
-8.293553957926654618e+01
-8.283553957926655187e+01
-8.273553957926655755e+01
-8.263553957926656324e+01
-8.253553957926656892e+01
-8.243553957926657461e+01
-8.233553957926658029e+01
-8.223553957926658597e+01
-8.213553957926659166e+01
-8.203553957926659734e+01
-8.193553957926660303e+01
-8.183553957926660871e+01
-8.173553957926661440e+01
-8.163553957926662008e+01
-8.153553957926662576e+01
-8.143553957926663145e+01
-8.133553957926663713e+01
-8.123553957926664282e+01
-8.113553957926664850e+01
-8.103553957926665419e+01
-8.093553957926665987e+01
-8.083553957926666556e+01
-8.073553957926667124e+01
-8.063553957926667692e+01
-8.053553957926668261e+01
-8.043553957926668829e+01
-8.033553957926669398e+01
-8.023553957926669966e+01
-8.013553957926670535e+01
-8.003553957926671103e+01
-7.993553957926671671e+01
-7.983553957926672240e+01
-7.973553957926672808e+01
-7.963553957926673377e+01
-7.953553957926673945e+01
-7.943553957926674514e+01
-7.933553957926675082e+01
-7.923553957926675650e+01
-7.913553957926676219e+01
-7.903553957926676787e+01
-7.893553957926677356e+01
-7.883553957926677924e+01
-7.873553957926678493e+01
-7.863553957926679061e+01
-7.853553957926679630e+01
-7.843553957926680198e+01
-7.833553957926680766e+01
-7.823553957926681335e+01
-7.813553957926681903e+01
-7.803553957926682472e+01
-7.793553957926683040e+01
-7.783553957926683609e+01
-7.773553957926684177e+01
-7.763553957926684745e+01
-7.753553957926685314e+01
-7.743553957926685882e+01
-7.733553957926686451e+01
-7.723553957926687019e+01
-7.713553957926687588e+01
-7.703553957926688156e+01
-7.693553957926688724e+01
-7.683553957926689293e+01
-7.673553957926689861e+01
-7.663553957926690430e+01
-7.653553957926690998e+01
-7.643553957926691567e+01
-7.633553957926692135e+01
-7.623553957926692703e+01
-7.613553957926693272e+01
-7.603553957926693840e+01
-7.593553957926694409e+01
-7.583553957926694977e+01
-7.573553957926695546e+01
-7.563553957926696114e+01
-7.553553957926696683e+01
-7.543553957926697251e+01
-7.533553957926697819e+01
-7.523553957926698388e+01
-7.513553957926698956e+01
-7.503553957926699525e+01
-7.493553957926700093e+01
-7.483553957926700662e+01
-7.473553957926701230e+01
-7.463553957926701798e+01
-7.453553957926702367e+01
-7.443553957926702935e+01
-7.433553957926703504e+01
-7.423553957926704072e+01
-7.413553957926704641e+01
-7.403553957926705209e+01
-7.393553957926705777e+01
-7.383553957926706346e+01
-7.373553957926706914e+01
-7.363553957926707483e+01
-7.353553957926708051e+01
-7.343553957926708620e+01
-7.333553957926709188e+01
-7.323553957926709757e+01
-7.313553957926710325e+01
-7.303553957926710893e+01
-7.293553957926711462e+01
-7.283553957926712030e+01
-7.273553957926712599e+01
-7.263553957926713167e+01
-7.253553957926713736e+01
-7.243553957926714304e+01
-7.233553957926714872e+01
-7.223553957926715441e+01
-7.213553957926716009e+01
-7.203553957926716578e+01
-7.193553957926717146e+01
-7.183553957926717715e+01
-7.173553957926718283e+01
-7.163553957926718851e+01
-7.153553957926719420e+01
-7.143553957926719988e+01
-7.133553957926720557e+01
-7.123553957926721125e+01
-7.113553957926721694e+01
-7.103553957926722262e+01
-7.093553957926722831e+01
-7.083553957926723399e+01
-7.073553957926723967e+01
-7.063553957926724536e+01
-7.053553957926725104e+01
-7.043553957926725673e+01
-7.033553957926726241e+01
-7.023553957926726810e+01
-7.013553957926727378e+01
-7.003553957926727946e+01
-6.993553957926728515e+01
-6.983553957926729083e+01
-6.973553957926729652e+01
-6.963553957926730220e+01
-6.953553957926730789e+01
-6.943553957926731357e+01
-6.933553957926731925e+01
-6.923553957926732494e+01
-6.913553957926733062e+01
-6.903553957926733631e+01
-6.893553957926734199e+01
-6.883553957926734768e+01
-6.873553957926735336e+01
-6.863553957926735904e+01
-6.853553957926736473e+01
-6.843553957926737041e+01
-6.833553957926737610e+01
-6.823553957926738178e+01
-6.813553957926738747e+01
-6.803553957926739315e+01
-6.793553957926739884e+01
-6.783553957926740452e+01
-6.773553957926741020e+01
-6.763553957926741589e+01
-6.753553957926742157e+01
-6.743553957926742726e+01
-6.733553957926743294e+01
-6.723553957926743863e+01
-6.713553957926744431e+01
-6.703553957926744999e+01
-6.693553957926745568e+01
-6.683553957926746136e+01
-6.673553957926746705e+01
-6.663553957926747273e+01
-6.653553957926747842e+01
-6.643553957926748410e+01
-6.633553957926748978e+01
-6.623553957926749547e+01
-6.613553957926750115e+01
-6.603553957926750684e+01
-6.593553957926751252e+01
-6.583553957926751821e+01
-6.573553957926752389e+01
-6.563553957926752958e+01
-6.553553957926753526e+01
-6.543553957926754094e+01
-6.533553957926754663e+01
-6.523553957926755231e+01
-6.513553957926755800e+01
-6.503553957926756368e+01
-6.493553957926756937e+01
-6.483553957926757505e+01
-6.473553957926758073e+01
-6.463553957926758642e+01
-6.453553957926759210e+01
-6.443553957926759779e+01
-6.433553957926760347e+01
-6.423553957926760916e+01
-6.413553957926761484e+01
-6.403553957926762052e+01
-6.393553957926761910e+01
-6.383553957926761768e+01
-6.373553957926761626e+01
-6.363553957926761484e+01
-6.353553957926761342e+01
-6.343553957926761200e+01
-6.333553957926761058e+01
-6.323553957926760916e+01
-6.313553957926760773e+01
-6.303553957926760631e+01
-6.293553957926760489e+01
-6.283553957926760347e+01
-6.273553957926760205e+01
-6.263553957926760063e+01
-6.253553957926759921e+01
-6.243553957926759779e+01
-6.233553957926759637e+01
-6.223553957926759495e+01
-6.213553957926759352e+01
-6.203553957926759210e+01
-6.193553957926759068e+01
-6.183553957926758926e+01
-6.173553957926758784e+01
-6.163553957926758642e+01
-6.153553957926758500e+01
-6.143553957926758358e+01
-6.133553957926758216e+01
-6.123553957926758073e+01
-6.113553957926757931e+01
-6.103553957926757789e+01
-6.093553957926757647e+01
-6.083553957926757505e+01
-6.073553957926757363e+01
-6.063553957926757221e+01
-6.053553957926757079e+01
-6.043553957926756937e+01
-6.033553957926756794e+01
-6.023553957926756652e+01
-6.013553957926756510e+01
-6.003553957926756368e+01
-5.993553957926756226e+01
-5.983553957926756084e+01
-5.973553957926755942e+01
-5.963553957926755800e+01
-5.953553957926755658e+01
-5.943553957926755515e+01
-5.933553957926755373e+01
-5.923553957926755231e+01
-5.913553957926755089e+01
-5.903553957926754947e+01
-5.893553957926754805e+01
-5.883553957926754663e+01
-5.873553957926754521e+01
-5.863553957926754379e+01
-5.853553957926754236e+01
-5.843553957926754094e+01
-5.833553957926753952e+01
-5.823553957926753810e+01
-5.813553957926753668e+01
-5.803553957926753526e+01
-5.793553957926753384e+01
-5.783553957926753242e+01
-5.773553957926753100e+01
-5.763553957926752958e+01
-5.753553957926752815e+01
-5.743553957926752673e+01
-5.733553957926752531e+01
-5.723553957926752389e+01
-5.713553957926752247e+01
-5.703553957926752105e+01
-5.693553957926751963e+01
-5.683553957926751821e+01
-5.673553957926751679e+01
-5.663553957926751536e+01
-5.653553957926751394e+01
-5.643553957926751252e+01
-5.633553957926751110e+01
-5.623553957926750968e+01
-5.613553957926750826e+01
-5.603553957926750684e+01
-5.593553957926750542e+01
-5.583553957926750400e+01
-5.573553957926750257e+01
-5.563553957926750115e+01
-5.553553957926749973e+01
-5.543553957926749831e+01
-5.533553957926749689e+01
-5.523553957926749547e+01
-5.513553957926749405e+01
-5.503553957926749263e+01
-5.493553957926749121e+01
-5.483553957926748978e+01
-5.473553957926748836e+01
-5.463553957926748694e+01
-5.453553957926748552e+01
-5.443553957926748410e+01
-5.433553957926748268e+01
-5.423553957926748126e+01
-5.413553957926747984e+01
-5.403553957926747842e+01
-5.393553957926747700e+01
-5.383553957926747557e+01
-5.373553957926747415e+01
-5.363553957926747273e+01
-5.353553957926747131e+01
-5.343553957926746989e+01
-5.333553957926746847e+01
-5.323553957926746705e+01
-5.313553957926746563e+01
-5.303553957926746421e+01
-5.293553957926746278e+01
-5.283553957926746136e+01
-5.273553957926745994e+01
-5.263553957926745852e+01
-5.253553957926745710e+01
-5.243553957926745568e+01
-5.233553957926745426e+01
-5.223553957926745284e+01
-5.213553957926745142e+01
-5.203553957926744999e+01
-5.193553957926744857e+01
-5.183553957926744715e+01
-5.173553957926744573e+01
-5.163553957926744431e+01
-5.153553957926744289e+01
-5.143553957926744147e+01
-5.133553957926744005e+01
-5.123553957926743863e+01
-5.113553957926743720e+01
-5.103553957926743578e+01
-5.093553957926743436e+01
-5.083553957926743294e+01
-5.073553957926743152e+01
-5.063553957926743010e+01
-5.053553957926742868e+01
-5.043553957926742726e+01
-5.033553957926742584e+01
-5.023553957926742441e+01
-5.013553957926742299e+01
-5.003553957926742157e+01
-4.993553957926742015e+01
-4.983553957926741873e+01
-4.973553957926741731e+01
-4.963553957926741589e+01
-4.953553957926741447e+01
-4.943553957926741305e+01
-4.933553957926741163e+01
-4.923553957926741020e+01
-4.913553957926740878e+01
-4.903553957926740736e+01
-4.893553957926740594e+01
-4.883553957926740452e+01
-4.873553957926740310e+01
-4.863553957926740168e+01
-4.853553957926740026e+01
-4.843553957926739884e+01
-4.833553957926739741e+01
-4.823553957926739599e+01
-4.813553957926739457e+01
-4.803553957926739315e+01
-4.793553957926739173e+01
-4.783553957926739031e+01
-4.773553957926738889e+01
-4.763553957926738747e+01
-4.753553957926738605e+01
-4.743553957926738462e+01
-4.733553957926738320e+01
-4.723553957926738178e+01
-4.713553957926738036e+01
-4.703553957926737894e+01
-4.693553957926737752e+01
-4.683553957926737610e+01
-4.673553957926737468e+01
-4.663553957926737326e+01
-4.653553957926737183e+01
-4.643553957926737041e+01
-4.633553957926736899e+01
-4.623553957926736757e+01
-4.613553957926736615e+01
-4.603553957926736473e+01
-4.593553957926736331e+01
-4.583553957926736189e+01
-4.573553957926736047e+01
-4.563553957926735904e+01
-4.553553957926735762e+01
-4.543553957926735620e+01
-4.533553957926735478e+01
-4.523553957926735336e+01
-4.513553957926735194e+01
-4.503553957926735052e+01
-4.493553957926734910e+01
-4.483553957926734768e+01
-4.473553957926734626e+01
-4.463553957926734483e+01
-4.453553957926734341e+01
-4.443553957926734199e+01
-4.433553957926734057e+01
-4.423553957926733915e+01
-4.413553957926733773e+01
-4.403553957926733631e+01
-4.393553957926733489e+01
-4.383553957926733347e+01
-4.373553957926733204e+01
-4.363553957926733062e+01
-4.353553957926732920e+01
-4.343553957926732778e+01
-4.333553957926732636e+01
-4.323553957926732494e+01
-4.313553957926732352e+01
-4.303553957926732210e+01
-4.293553957926732068e+01
-4.283553957926731925e+01
-4.273553957926731783e+01
-4.263553957926731641e+01
-4.253553957926731499e+01
-4.243553957926731357e+01
-4.233553957926731215e+01
-4.223553957926731073e+01
-4.213553957926730931e+01
-4.203553957926730789e+01
-4.193553957926730646e+01
-4.183553957926730504e+01
-4.173553957926730362e+01
-4.163553957926730220e+01
-4.153553957926730078e+01
-4.143553957926729936e+01
-4.133553957926729794e+01
-4.123553957926729652e+01
-4.113553957926729510e+01
-4.103553957926729368e+01
-4.093553957926729225e+01
-4.083553957926729083e+01
-4.073553957926728941e+01
-4.063553957926728799e+01
-4.053553957926728657e+01
-4.043553957926728515e+01
-4.033553957926728373e+01
-4.023553957926728231e+01
-4.013553957926728089e+01
-4.003553957926727946e+01
-3.993553957926727804e+01
-3.983553957926727662e+01
-3.973553957926727520e+01
-3.963553957926727378e+01
-3.953553957926727236e+01
-3.943553957926727094e+01
-3.933553957926726952e+01
-3.923553957926726810e+01
-3.913553957926726667e+01
-3.903553957926726525e+01
-3.893553957926726383e+01
-3.883553957926726241e+01
-3.873553957926726099e+01
-3.863553957926725957e+01
-3.853553957926725815e+01
-3.843553957926725673e+01
-3.833553957926725531e+01
-3.823553957926725388e+01
-3.813553957926725246e+01
-3.803553957926725104e+01
-3.793553957926724962e+01
-3.783553957926724820e+01
-3.773553957926724678e+01
-3.763553957926724536e+01
-3.753553957926724394e+01
-3.743553957926724252e+01
-3.733553957926724109e+01
-3.723553957926723967e+01
-3.713553957926723825e+01
-3.703553957926723683e+01
-3.693553957926723541e+01
-3.683553957926723399e+01
-3.673553957926723257e+01
-3.663553957926723115e+01
-3.653553957926722973e+01
-3.643553957926722831e+01
-3.633553957926722688e+01
-3.623553957926722546e+01
-3.613553957926722404e+01
-3.603553957926722262e+01
-3.593553957926722120e+01
-3.583553957926721978e+01
-3.573553957926721836e+01
-3.563553957926721694e+01
-3.553553957926721552e+01
-3.543553957926721409e+01
-3.533553957926721267e+01
-3.523553957926721125e+01
-3.513553957926720983e+01
-3.503553957926720841e+01
-3.493553957926720699e+01
-3.483553957926720557e+01
-3.473553957926720415e+01
-3.463553957926720273e+01
-3.453553957926720130e+01
-3.443553957926719988e+01
-3.433553957926719846e+01
-3.423553957926719704e+01
-3.413553957926719562e+01
-3.403553957926719420e+01
-3.393553957926719278e+01
-3.383553957926719136e+01
-3.373553957926718994e+01
-3.363553957926718851e+01
-3.353553957926718709e+01
-3.343553957926718567e+01
-3.333553957926718425e+01
-3.323553957926718283e+01
-3.313553957926718141e+01
-3.303553957926717999e+01
-3.293553957926717857e+01
-3.283553957926717715e+01
-3.273553957926717572e+01
-3.263553957926717430e+01
-3.253553957926717288e+01
-3.243553957926717146e+01
-3.233553957926717004e+01
-3.223553957926716862e+01
-3.213553957926716720e+01
-3.203553957926716578e+01
-3.193553957926716436e+01
-3.183553957926716294e+01
-3.173553957926716151e+01
-3.163553957926716009e+01
-3.153553957926715867e+01
-3.143553957926715725e+01
-3.133553957926715583e+01
-3.123553957926715441e+01
-3.113553957926715299e+01
-3.103553957926715157e+01
-3.093553957926715015e+01
-3.083553957926714872e+01
-3.073553957926714730e+01
-3.063553957926714588e+01
-3.053553957926714446e+01
-3.043553957926714304e+01
-3.033553957926714162e+01
-3.023553957926714020e+01
-3.013553957926713878e+01
-3.003553957926713736e+01
-2.993553957926713593e+01
-2.983553957926713451e+01
-2.973553957926713309e+01
-2.963553957926713167e+01
-2.953553957926713025e+01
-2.943553957926712883e+01
-2.933553957926712741e+01
-2.923553957926712599e+01
-2.913553957926712457e+01
-2.903553957926712314e+01
-2.893553957926712172e+01
-2.883553957926712030e+01
-2.873553957926711888e+01
-2.863553957926711746e+01
-2.853553957926711604e+01
-2.843553957926711462e+01
-2.833553957926711320e+01
-2.823553957926711178e+01
-2.813553957926711035e+01
-2.803553957926710893e+01
-2.793553957926710751e+01
-2.783553957926710609e+01
-2.773553957926710467e+01
-2.763553957926710325e+01
-2.753553957926710183e+01
-2.743553957926710041e+01
-2.733553957926709899e+01
-2.723553957926709757e+01
-2.713553957926709614e+01
-2.703553957926709472e+01
-2.693553957926709330e+01
-2.683553957926709188e+01
-2.673553957926709046e+01
-2.663553957926708904e+01
-2.653553957926708762e+01
-2.643553957926708620e+01
-2.633553957926708478e+01
-2.623553957926708335e+01
-2.613553957926708193e+01
-2.603553957926708051e+01
-2.593553957926707909e+01
-2.583553957926707767e+01
-2.573553957926707625e+01
-2.563553957926707483e+01
-2.553553957926707341e+01
-2.543553957926707199e+01
-2.533553957926707056e+01
-2.523553957926706914e+01
-2.513553957926706772e+01
-2.503553957926706630e+01
-2.493553957926706488e+01
-2.483553957926706346e+01
-2.473553957926706204e+01
-2.463553957926706062e+01
-2.453553957926705920e+01
-2.443553957926705777e+01
-2.433553957926705635e+01
-2.423553957926705493e+01
-2.413553957926705351e+01
-2.403553957926705209e+01
-2.393553957926705067e+01
-2.383553957926704925e+01
-2.373553957926704783e+01
-2.363553957926704641e+01
-2.353553957926704499e+01
-2.343553957926704356e+01
-2.333553957926704214e+01
-2.323553957926704072e+01
-2.313553957926703930e+01
-2.303553957926703788e+01
-2.293553957926703646e+01
-2.283553957926703504e+01
-2.273553957926703362e+01
-2.263553957926703220e+01
-2.253553957926703077e+01
-2.243553957926702935e+01
-2.233553957926702793e+01
-2.223553957926702651e+01
-2.213553957926702509e+01
-2.203553957926702367e+01
-2.193553957926702225e+01
-2.183553957926702083e+01
-2.173553957926701941e+01
-2.163553957926701798e+01
-2.153553957926701656e+01
-2.143553957926701514e+01
-2.133553957926701372e+01
-2.123553957926701230e+01
-2.113553957926701088e+01
-2.103553957926700946e+01
-2.093553957926700804e+01
-2.083553957926700662e+01
-2.073553957926700519e+01
-2.063553957926700377e+01
-2.053553957926700235e+01
-2.043553957926700093e+01
-2.033553957926699951e+01
-2.023553957926699809e+01
-2.013553957926699667e+01
-2.003553957926699525e+01
-1.993553957926699383e+01
-1.983553957926699240e+01
-1.973553957926699098e+01
-1.963553957926698956e+01
-1.953553957926698814e+01
-1.943553957926698672e+01
-1.933553957926698530e+01
-1.923553957926698388e+01
-1.913553957926698246e+01
-1.903553957926698104e+01
-1.893553957926697962e+01
-1.883553957926697819e+01
-1.873553957926697677e+01
-1.863553957926697535e+01
-1.853553957926697393e+01
-1.843553957926697251e+01
-1.833553957926697109e+01
-1.823553957926696967e+01
-1.813553957926696825e+01
-1.803553957926696683e+01
-1.793553957926696540e+01
-1.783553957926696398e+01
-1.773553957926696256e+01
-1.763553957926696114e+01
-1.753553957926695972e+01
-1.743553957926695830e+01
-1.733553957926695688e+01
-1.723553957926695546e+01
-1.713553957926695404e+01
-1.703553957926695261e+01
-1.693553957926695119e+01
-1.683553957926694977e+01
-1.673553957926694835e+01
-1.663553957926694693e+01
-1.653553957926694551e+01
-1.643553957926694409e+01
-1.633553957926694267e+01
-1.623553957926694125e+01
-1.613553957926693982e+01
-1.603553957926693840e+01
-1.593553957926693876e+01
-1.583553957926693911e+01
-1.573553957926693947e+01
-1.563553957926693982e+01
-1.553553957926694018e+01
-1.543553957926694054e+01
-1.533553957926694089e+01
-1.523553957926694125e+01
-1.513553957926694160e+01
-1.503553957926694196e+01
-1.493553957926694231e+01
-1.483553957926694267e+01
-1.473553957926694302e+01
-1.463553957926694338e+01
-1.453553957926694373e+01
-1.443553957926694409e+01
-1.433553957926694444e+01
-1.423553957926694480e+01
-1.413553957926694515e+01
-1.403553957926694551e+01
-1.393553957926694586e+01
-1.383553957926694622e+01
-1.373553957926694657e+01
-1.363553957926694693e+01
-1.353553957926694729e+01
-1.343553957926694764e+01
-1.333553957926694800e+01
-1.323553957926694835e+01
-1.313553957926694871e+01
-1.303553957926694906e+01
-1.293553957926694942e+01
-1.283553957926694977e+01
-1.273553957926695013e+01
-1.263553957926695048e+01
-1.253553957926695084e+01
-1.243553957926695119e+01
-1.233553957926695155e+01
-1.223553957926695190e+01
-1.213553957926695226e+01
-1.203553957926695261e+01
-1.193553957926695297e+01
-1.183553957926695333e+01
-1.173553957926695368e+01
-1.163553957926695404e+01
-1.153553957926695439e+01
-1.143553957926695475e+01
-1.133553957926695510e+01
-1.123553957926695546e+01
-1.113553957926695581e+01
-1.103553957926695617e+01
-1.093553957926695652e+01
-1.083553957926695688e+01
-1.073553957926695723e+01
-1.063553957926695759e+01
-1.053553957926695794e+01
-1.043553957926695830e+01
-1.033553957926695865e+01
-1.023553957926695901e+01
-1.013553957926695936e+01
-1.003553957926695972e+01
-9.935539579266960075e+00
-9.835539579266960430e+00
-9.735539579266960786e+00
-9.635539579266961141e+00
-9.535539579266961496e+00
-9.435539579266961852e+00
-9.335539579266962207e+00
-9.235539579266962562e+00
-9.135539579266962917e+00
-9.035539579266963273e+00
-8.935539579266963628e+00
-8.835539579266963983e+00
-8.735539579266964338e+00
-8.635539579266964694e+00
-8.535539579266965049e+00
-8.435539579266965404e+00
-8.335539579266965760e+00
-8.235539579266966115e+00
-8.135539579266966470e+00
-8.035539579266966825e+00
-7.935539579266967181e+00
-7.835539579266967536e+00
-7.735539579266967891e+00
-7.635539579266968246e+00
-7.535539579266968602e+00
-7.435539579266968957e+00
-7.335539579266969312e+00
-7.235539579266969668e+00
-7.135539579266970023e+00
-7.035539579266970378e+00
-6.935539579266970733e+00
-6.835539579266971089e+00
-6.735539579266971444e+00
-6.635539579266971799e+00
-6.535539579266972154e+00
-6.435539579266972510e+00
-6.335539579266972865e+00
-6.235539579266973220e+00
-6.135539579266973575e+00
-6.035539579266973931e+00
-5.935539579266974286e+00
-5.835539579266974641e+00
-5.735539579266974997e+00
-5.635539579266975352e+00
-5.535539579266975707e+00
-5.435539579266976062e+00
-5.335539579266976418e+00
-5.235539579266976773e+00
-5.135539579266977128e+00
-5.035539579266977483e+00
-4.935539579266977839e+00
-4.835539579266978194e+00
-4.735539579266978549e+00
-4.635539579266978905e+00
-4.535539579266979260e+00
-4.435539579266979615e+00
-4.335539579266979970e+00
-4.235539579266980326e+00
-4.135539579266980681e+00
-4.035539579266981036e+00
-3.935539579266980947e+00
-3.835539579266980859e+00
-3.735539579266980770e+00
-3.635539579266980681e+00
-3.535539579266980592e+00
-3.435539579266980503e+00
-3.335539579266980414e+00
-3.235539579266980326e+00
-3.135539579266980237e+00
-3.035539579266980148e+00
-2.935539579266980059e+00
-2.835539579266979970e+00
-2.735539579266979882e+00
-2.635539579266979793e+00
-2.535539579266979704e+00
-2.435539579266979615e+00
-2.335539579266979526e+00
-2.235539579266979437e+00
-2.135539579266979349e+00
-2.035539579266979260e+00
-1.935539579266979171e+00
-1.835539579266979082e+00
-1.735539579266978993e+00
-1.635539579266978905e+00
-1.535539579266978816e+00
-1.435539579266978727e+00
-1.335539579266978638e+00
-1.235539579266978549e+00
-1.135539579266978460e+00
-1.035539579266978372e+00
-9.355395792669783939e-01
-8.355395792669784161e-01
-7.355395792669784383e-01
-6.355395792669784605e-01
-5.355395792669784827e-01
-4.355395792669785049e-01
-3.355395792669785271e-01
-2.355395792669785215e-01
-1.355395792669785160e-01
-3.553957926697851044e-02
6.446042073302149511e-02
1.644604207330215007e-01
2.644604207330215062e-01
3.644604207330215395e-01
4.644604207330215173e-01
5.644604207330214951e-01
6.644604207330214729e-01
7.644604207330214507e-01
8.644604207330214285e-01
9.644604207330214063e-01
1.064460420733021495e+00
1.164460420733021584e+00
1.264460420733021673e+00
1.364460420733021762e+00
1.464460420733021850e+00
1.564460420733021939e+00
1.664460420733022028e+00
1.764460420733022117e+00
1.864460420733022206e+00
1.964460420733022294e+00
2.064460420733022161e+00
2.164460420733022250e+00
2.264460420733022339e+00
2.364460420733022428e+00
2.464460420733022517e+00
2.564460420733022605e+00
2.664460420733022694e+00
2.764460420733022783e+00
2.864460420733022872e+00
2.964460420733022961e+00
3.064460420733023049e+00
3.164460420733023138e+00
3.264460420733023227e+00
3.364460420733023316e+00
3.464460420733023405e+00
3.564460420733023494e+00
3.664460420733023582e+00
3.764460420733023671e+00
3.864460420733023760e+00
3.964460420733023849e+00
4.064460420733023938e+00
4.164460420733023582e+00
4.264460420733023227e+00
4.364460420733022872e+00
4.464460420733022517e+00
4.564460420733022161e+00
4.664460420733021806e+00
4.764460420733021451e+00
4.864460420733021095e+00
4.964460420733020740e+00
5.064460420733020385e+00
5.164460420733020030e+00
5.264460420733019674e+00
5.364460420733019319e+00
5.464460420733018964e+00
5.564460420733018609e+00
5.664460420733018253e+00
5.764460420733017898e+00
5.864460420733017543e+00
5.964460420733017187e+00
6.064460420733016832e+00
6.164460420733016477e+00
6.264460420733016122e+00
6.364460420733015766e+00
6.464460420733015411e+00
6.564460420733015056e+00
6.664460420733014701e+00
6.764460420733014345e+00
6.864460420733013990e+00
6.964460420733013635e+00
7.064460420733013279e+00
7.164460420733012924e+00
7.264460420733012569e+00
7.364460420733012214e+00
7.464460420733011858e+00
7.564460420733011503e+00
7.664460420733011148e+00
7.764460420733010793e+00
7.864460420733010437e+00
7.964460420733010082e+00
8.064460420733009727e+00
8.164460420733009371e+00
8.264460420733009016e+00
8.364460420733008661e+00
8.464460420733008306e+00
8.564460420733007950e+00
8.664460420733007595e+00
8.764460420733007240e+00
8.864460420733006885e+00
8.964460420733006529e+00
9.064460420733006174e+00
9.164460420733005819e+00
9.264460420733005463e+00
9.364460420733005108e+00
9.464460420733004753e+00
9.564460420733004398e+00
9.664460420733004042e+00
9.764460420733003687e+00
9.864460420733003332e+00
9.964460420733002977e+00
1.006446042073300262e+01
1.016446042073300227e+01
1.026446042073300191e+01
1.036446042073300156e+01
1.046446042073300120e+01
1.056446042073300084e+01
1.066446042073300049e+01
1.076446042073300013e+01
1.086446042073299978e+01
1.096446042073299942e+01
1.106446042073299907e+01
1.116446042073299871e+01
1.126446042073299836e+01
1.136446042073299800e+01
1.146446042073299765e+01
1.156446042073299729e+01
1.166446042073299694e+01
1.176446042073299658e+01
1.186446042073299623e+01
1.196446042073299587e+01
1.206446042073299552e+01
1.216446042073299516e+01
1.226446042073299481e+01
1.236446042073299445e+01
1.246446042073299409e+01
1.256446042073299374e+01
1.266446042073299338e+01
1.276446042073299303e+01
1.286446042073299267e+01
1.296446042073299232e+01
1.306446042073299196e+01
1.316446042073299161e+01
1.326446042073299125e+01
1.336446042073299090e+01
1.346446042073299054e+01
1.356446042073299019e+01
1.366446042073298983e+01
1.376446042073298948e+01
1.386446042073298912e+01
1.396446042073298877e+01
1.406446042073298841e+01
1.416446042073298806e+01
1.426446042073298770e+01
1.436446042073298734e+01
1.446446042073298699e+01
1.456446042073298663e+01
1.466446042073298628e+01
1.476446042073298592e+01
1.486446042073298557e+01
1.496446042073298521e+01
1.506446042073298486e+01
1.516446042073298450e+01
1.526446042073298415e+01
1.536446042073298379e+01
1.546446042073298344e+01
1.556446042073298308e+01
1.566446042073298273e+01
1.576446042073298237e+01
1.586446042073298202e+01
1.596446042073298166e+01
1.606446042073298131e+01
1.616446042073298273e+01
1.626446042073298415e+01
1.636446042073298557e+01
1.646446042073298699e+01
1.656446042073298841e+01
1.666446042073298983e+01
1.676446042073299125e+01
1.686446042073299267e+01
1.696446042073299409e+01
1.706446042073299552e+01
1.716446042073299694e+01
1.726446042073299836e+01
1.736446042073299978e+01
1.746446042073300120e+01
1.756446042073300262e+01
1.766446042073300404e+01
1.776446042073300546e+01
1.786446042073300688e+01
1.796446042073300831e+01
1.806446042073300973e+01
1.816446042073301115e+01
1.826446042073301257e+01
1.836446042073301399e+01
1.846446042073301541e+01
1.856446042073301683e+01
1.866446042073301825e+01
1.876446042073301967e+01
1.886446042073302110e+01
1.896446042073302252e+01
1.906446042073302394e+01
1.916446042073302536e+01
1.926446042073302678e+01
1.936446042073302820e+01
1.946446042073302962e+01
1.956446042073303104e+01
1.966446042073303246e+01
1.976446042073303389e+01
1.986446042073303531e+01
1.996446042073303673e+01
2.006446042073303815e+01
2.016446042073303957e+01
2.026446042073304099e+01
2.036446042073304241e+01
2.046446042073304383e+01
2.056446042073304525e+01
2.066446042073304667e+01
2.076446042073304810e+01
2.086446042073304952e+01
2.096446042073305094e+01
2.106446042073305236e+01
2.116446042073305378e+01
2.126446042073305520e+01
2.136446042073305662e+01
2.146446042073305804e+01
2.156446042073305946e+01
2.166446042073306089e+01
2.176446042073306231e+01
2.186446042073306373e+01
2.196446042073306515e+01
2.206446042073306657e+01
2.216446042073306799e+01
2.226446042073306941e+01
2.236446042073307083e+01
2.246446042073307225e+01
2.256446042073307368e+01
2.266446042073307510e+01
2.276446042073307652e+01
2.286446042073307794e+01
2.296446042073307936e+01
2.306446042073308078e+01
2.316446042073308220e+01
2.326446042073308362e+01
2.336446042073308504e+01
2.346446042073308647e+01
2.356446042073308789e+01
2.366446042073308931e+01
2.376446042073309073e+01
2.386446042073309215e+01
2.396446042073309357e+01
2.406446042073309499e+01
2.416446042073309641e+01
2.426446042073309783e+01
2.436446042073309926e+01
2.446446042073310068e+01
2.456446042073310210e+01
2.466446042073310352e+01
2.476446042073310494e+01
2.486446042073310636e+01
2.496446042073310778e+01
2.506446042073310920e+01
2.516446042073311062e+01
2.526446042073311204e+01
2.536446042073311347e+01
2.546446042073311489e+01
2.556446042073311631e+01
2.566446042073311773e+01
2.576446042073311915e+01
2.586446042073312057e+01
2.596446042073312199e+01
2.606446042073312341e+01
2.616446042073312483e+01
2.626446042073312626e+01
2.636446042073312768e+01
2.646446042073312910e+01
2.656446042073313052e+01
2.666446042073313194e+01
2.676446042073313336e+01
2.686446042073313478e+01
2.696446042073313620e+01
2.706446042073313762e+01
2.716446042073313905e+01
2.726446042073314047e+01
2.736446042073314189e+01
2.746446042073314331e+01
2.756446042073314473e+01
2.766446042073314615e+01
2.776446042073314757e+01
2.786446042073314899e+01
2.796446042073315041e+01
2.806446042073315184e+01
2.816446042073315326e+01
2.826446042073315468e+01
2.836446042073315610e+01
2.846446042073315752e+01
2.856446042073315894e+01
2.866446042073316036e+01
2.876446042073316178e+01
2.886446042073316320e+01
2.896446042073316463e+01
2.906446042073316605e+01
2.916446042073316747e+01
2.926446042073316889e+01
2.936446042073317031e+01
2.946446042073317173e+01
2.956446042073317315e+01
2.966446042073317457e+01
2.976446042073317599e+01
2.986446042073317741e+01
2.996446042073317884e+01
3.006446042073318026e+01
3.016446042073318168e+01
3.026446042073318310e+01
3.036446042073318452e+01
3.046446042073318594e+01
3.056446042073318736e+01
3.066446042073318878e+01
3.076446042073319020e+01
3.086446042073319163e+01
3.096446042073319305e+01
3.106446042073319447e+01
3.116446042073319589e+01
3.126446042073319731e+01
3.136446042073319873e+01
3.146446042073320015e+01
3.156446042073320157e+01
3.166446042073320299e+01
3.176446042073320442e+01
3.186446042073320584e+01
3.196446042073320726e+01
3.206446042073320513e+01
3.216446042073320655e+01
3.226446042073320797e+01
3.236446042073320939e+01
3.246446042073321081e+01
3.256446042073321223e+01
3.266446042073321365e+01
3.276446042073321507e+01
3.286446042073321649e+01
3.296446042073321792e+01
3.306446042073321934e+01
3.316446042073322076e+01
3.326446042073322218e+01
3.336446042073322360e+01
3.346446042073322502e+01
3.356446042073322644e+01
3.366446042073322786e+01
3.376446042073322928e+01
3.386446042073323071e+01
3.396446042073323213e+01
3.406446042073323355e+01
3.416446042073323497e+01
3.426446042073323639e+01
3.436446042073323781e+01
3.446446042073323923e+01
3.456446042073324065e+01
3.466446042073324207e+01
3.476446042073324350e+01
3.486446042073324492e+01
3.496446042073324634e+01
3.506446042073324776e+01
3.516446042073324918e+01
3.526446042073325060e+01
3.536446042073325202e+01
3.546446042073325344e+01
3.556446042073325486e+01
3.566446042073325629e+01
3.576446042073325771e+01
3.586446042073325913e+01
3.596446042073326055e+01
3.606446042073326197e+01
3.616446042073326339e+01
3.626446042073326481e+01
3.636446042073326623e+01
3.646446042073326765e+01
3.656446042073326907e+01
3.666446042073327050e+01
3.676446042073327192e+01
3.686446042073327334e+01
3.696446042073327476e+01
3.706446042073327618e+01
3.716446042073327760e+01
3.726446042073327902e+01
3.736446042073328044e+01
3.746446042073328186e+01
3.756446042073328329e+01
3.766446042073328471e+01
3.776446042073328613e+01
3.786446042073328755e+01
3.796446042073328897e+01
3.806446042073329039e+01
3.816446042073329181e+01
3.826446042073329323e+01
3.836446042073329465e+01
3.846446042073329608e+01
3.856446042073329750e+01
3.866446042073329892e+01
3.876446042073330034e+01
3.886446042073330176e+01
3.896446042073330318e+01
3.906446042073330460e+01
3.916446042073330602e+01
3.926446042073330744e+01
3.936446042073330887e+01
3.946446042073331029e+01
3.956446042073331171e+01
3.966446042073331313e+01
3.976446042073331455e+01
3.986446042073331597e+01
3.996446042073331739e+01
4.006446042073331881e+01
4.016446042073332023e+01
4.026446042073332166e+01
4.036446042073332308e+01
4.046446042073332450e+01
4.056446042073332592e+01
4.066446042073332734e+01
4.076446042073332876e+01
4.086446042073333018e+01
4.096446042073333160e+01
4.106446042073333302e+01
4.116446042073333444e+01
4.126446042073333587e+01
4.136446042073333729e+01
4.146446042073333871e+01
4.156446042073334013e+01
4.166446042073334155e+01
4.176446042073334297e+01
4.186446042073334439e+01
4.196446042073334581e+01
4.206446042073334723e+01
4.216446042073334866e+01
4.226446042073335008e+01
4.236446042073335150e+01
4.246446042073335292e+01
4.256446042073335434e+01
4.266446042073335576e+01
4.276446042073335718e+01
4.286446042073335860e+01
4.296446042073336002e+01
4.306446042073336145e+01
4.316446042073336287e+01
4.326446042073336429e+01
4.336446042073336571e+01
4.346446042073336713e+01
4.356446042073336855e+01
4.366446042073336997e+01
4.376446042073337139e+01
4.386446042073337281e+01
4.396446042073337424e+01
4.406446042073337566e+01
4.416446042073337708e+01
4.426446042073337850e+01
4.436446042073337992e+01
4.446446042073338134e+01
4.456446042073338276e+01
4.466446042073338418e+01
4.476446042073338560e+01
4.486446042073338702e+01
4.496446042073338845e+01
4.506446042073338987e+01
4.516446042073339129e+01
4.526446042073339271e+01
4.536446042073339413e+01
4.546446042073339555e+01
4.556446042073339697e+01
4.566446042073339839e+01
4.576446042073339981e+01
4.586446042073340124e+01
4.596446042073340266e+01
4.606446042073340408e+01
4.616446042073340550e+01
4.626446042073340692e+01
4.636446042073340834e+01
4.646446042073340976e+01
4.656446042073341118e+01
4.666446042073341260e+01
4.676446042073341403e+01
4.686446042073341545e+01
4.696446042073341687e+01
4.706446042073341829e+01
4.716446042073341971e+01
4.726446042073342113e+01
4.736446042073342255e+01
4.746446042073342397e+01
4.756446042073342539e+01
4.766446042073342682e+01
4.776446042073342824e+01
4.786446042073342966e+01
4.796446042073343108e+01
4.806446042073343250e+01
4.816446042073343392e+01
4.826446042073343534e+01
4.836446042073343676e+01
4.846446042073343818e+01
4.856446042073343961e+01
4.866446042073344103e+01
4.876446042073344245e+01
4.886446042073344387e+01
4.896446042073344529e+01
4.906446042073344671e+01
4.916446042073344813e+01
4.926446042073344955e+01
4.936446042073345097e+01
4.946446042073345239e+01
4.956446042073345382e+01
4.966446042073345524e+01
4.976446042073345666e+01
4.986446042073345808e+01
4.996446042073345950e+01
5.006446042073346092e+01
5.016446042073346234e+01
5.026446042073346376e+01
5.036446042073346518e+01
5.046446042073346661e+01
5.056446042073346803e+01
5.066446042073346945e+01
5.076446042073347087e+01
5.086446042073347229e+01
5.096446042073347371e+01
5.106446042073347513e+01
5.116446042073347655e+01
5.126446042073347797e+01
5.136446042073347940e+01
5.146446042073348082e+01
5.156446042073348224e+01
5.166446042073348366e+01
5.176446042073348508e+01
5.186446042073348650e+01
5.196446042073348792e+01
5.206446042073348934e+01
5.216446042073349076e+01
5.226446042073349219e+01
5.236446042073349361e+01
5.246446042073349503e+01
5.256446042073349645e+01
5.266446042073349787e+01
5.276446042073349929e+01
5.286446042073350071e+01
5.296446042073350213e+01
5.306446042073350355e+01
5.316446042073350498e+01
5.326446042073350640e+01
5.336446042073350782e+01
5.346446042073350924e+01
5.356446042073351066e+01
5.366446042073351208e+01
5.376446042073351350e+01
5.386446042073351492e+01
5.396446042073351634e+01
5.406446042073351776e+01
5.416446042073351919e+01
5.426446042073352061e+01
5.436446042073352203e+01
5.446446042073352345e+01
5.456446042073352487e+01
5.466446042073352629e+01
5.476446042073352771e+01
5.486446042073352913e+01
5.496446042073353055e+01
5.506446042073353198e+01
5.516446042073353340e+01
5.526446042073353482e+01
5.536446042073353624e+01
5.546446042073353766e+01
5.556446042073353908e+01
5.566446042073354050e+01
5.576446042073354192e+01
5.586446042073354334e+01
5.596446042073354477e+01
5.606446042073354619e+01
5.616446042073354761e+01
5.626446042073354903e+01
5.636446042073355045e+01
5.646446042073355187e+01
5.656446042073355329e+01
5.666446042073355471e+01
5.676446042073355613e+01
5.686446042073355756e+01
5.696446042073355898e+01
5.706446042073356040e+01
5.716446042073356182e+01
5.726446042073356324e+01
5.736446042073356466e+01
5.746446042073356608e+01
5.756446042073356750e+01
5.766446042073356892e+01
5.776446042073357034e+01
5.786446042073357177e+01
5.796446042073357319e+01
5.806446042073357461e+01
5.816446042073357603e+01
5.826446042073357745e+01
5.836446042073357887e+01
5.846446042073358029e+01
5.856446042073358171e+01
5.866446042073358313e+01
5.876446042073358456e+01
5.886446042073358598e+01
5.896446042073358740e+01
5.906446042073358882e+01
5.916446042073359024e+01
5.926446042073359166e+01
5.936446042073359308e+01
5.946446042073359450e+01
5.956446042073359592e+01
5.966446042073359735e+01
5.976446042073359877e+01
5.986446042073360019e+01
5.996446042073360161e+01
6.006446042073360303e+01
6.016446042073360445e+01
6.026446042073360587e+01
6.036446042073360729e+01
6.046446042073360871e+01
6.056446042073361014e+01
6.066446042073361156e+01
6.076446042073361298e+01
6.086446042073361440e+01
6.096446042073361582e+01
6.106446042073361724e+01
6.116446042073361866e+01
6.126446042073362008e+01
6.136446042073362150e+01
6.146446042073362293e+01
6.156446042073362435e+01
6.166446042073362577e+01
6.176446042073362719e+01
6.186446042073362861e+01
6.196446042073363003e+01
6.206446042073363145e+01
6.216446042073363287e+01
6.226446042073363429e+01
6.236446042073363571e+01
6.246446042073363714e+01
6.256446042073363856e+01
6.266446042073363998e+01
6.276446042073364140e+01
6.286446042073364282e+01
6.296446042073364424e+01
6.306446042073364566e+01
6.316446042073364708e+01
6.326446042073364850e+01
6.336446042073364993e+01
6.346446042073365135e+01
6.356446042073365277e+01
6.366446042073365419e+01
6.376446042073365561e+01
6.386446042073365703e+01
6.396446042073365845e+01
6.406446042073365277e+01
6.416446042073364708e+01
6.426446042073364140e+01
6.436446042073363571e+01
6.446446042073363003e+01
6.456446042073362435e+01
6.466446042073361866e+01
6.476446042073361298e+01
6.486446042073360729e+01
6.496446042073360161e+01
6.506446042073359592e+01
6.516446042073359024e+01
6.526446042073358456e+01
6.536446042073357887e+01
6.546446042073357319e+01
6.556446042073356750e+01
6.566446042073356182e+01
6.576446042073355613e+01
6.586446042073355045e+01
6.596446042073354477e+01
6.606446042073353908e+01
6.616446042073353340e+01
6.626446042073352771e+01
6.636446042073352203e+01
6.646446042073351634e+01
6.656446042073351066e+01
6.666446042073350498e+01
6.676446042073349929e+01
6.686446042073349361e+01
6.696446042073348792e+01
6.706446042073348224e+01
6.716446042073347655e+01
6.726446042073347087e+01
6.736446042073346518e+01
6.746446042073345950e+01
6.756446042073345382e+01
6.766446042073344813e+01
6.776446042073344245e+01
6.786446042073343676e+01
6.796446042073343108e+01
6.806446042073342539e+01
6.816446042073341971e+01
6.826446042073341403e+01
6.836446042073340834e+01
6.846446042073340266e+01
6.856446042073339697e+01
6.866446042073339129e+01
6.876446042073338560e+01
6.886446042073337992e+01
6.896446042073337424e+01
6.906446042073336855e+01
6.916446042073336287e+01
6.926446042073335718e+01
6.936446042073335150e+01
6.946446042073334581e+01
6.956446042073334013e+01
6.966446042073333444e+01
6.976446042073332876e+01
6.986446042073332308e+01
6.996446042073331739e+01
7.006446042073331171e+01
7.016446042073330602e+01
7.026446042073330034e+01
7.036446042073329465e+01
7.046446042073328897e+01
7.056446042073328329e+01
7.066446042073327760e+01
7.076446042073327192e+01
7.086446042073326623e+01
7.096446042073326055e+01
7.106446042073325486e+01
7.116446042073324918e+01
7.126446042073324350e+01
7.136446042073323781e+01
7.146446042073323213e+01
7.156446042073322644e+01
7.166446042073322076e+01
7.176446042073321507e+01
7.186446042073320939e+01
7.196446042073320370e+01
7.206446042073319802e+01
7.216446042073319234e+01
7.226446042073318665e+01
7.236446042073318097e+01
7.246446042073317528e+01
7.256446042073316960e+01
7.266446042073316391e+01
7.276446042073315823e+01
7.286446042073315255e+01
7.296446042073314686e+01
7.306446042073314118e+01
7.316446042073313549e+01
7.326446042073312981e+01
7.336446042073312412e+01
7.346446042073311844e+01
7.356446042073311276e+01
7.366446042073310707e+01
7.376446042073310139e+01
7.386446042073309570e+01
7.396446042073309002e+01
7.406446042073308433e+01
7.416446042073307865e+01
7.426446042073307297e+01
7.436446042073306728e+01
7.446446042073306160e+01
7.456446042073305591e+01
7.466446042073305023e+01
7.476446042073304454e+01
7.486446042073303886e+01
7.496446042073303317e+01
7.506446042073302749e+01
7.516446042073302181e+01
7.526446042073301612e+01
7.536446042073301044e+01
7.546446042073300475e+01
7.556446042073299907e+01
7.566446042073299338e+01
7.576446042073298770e+01
7.586446042073298202e+01
7.596446042073297633e+01
7.606446042073297065e+01
7.616446042073296496e+01
7.626446042073295928e+01
7.636446042073295359e+01
7.646446042073294791e+01
7.656446042073294223e+01
7.666446042073293654e+01
7.676446042073293086e+01
7.686446042073292517e+01
7.696446042073291949e+01
7.706446042073291380e+01
7.716446042073290812e+01
7.726446042073290243e+01
7.736446042073289675e+01
7.746446042073289107e+01
7.756446042073288538e+01
7.766446042073287970e+01
7.776446042073287401e+01
7.786446042073286833e+01
7.796446042073286264e+01
7.806446042073285696e+01
7.816446042073285128e+01
7.826446042073284559e+01
7.836446042073283991e+01
7.846446042073283422e+01
7.856446042073282854e+01
7.866446042073282285e+01
7.876446042073281717e+01
7.886446042073281149e+01
7.896446042073280580e+01
7.906446042073280012e+01
7.916446042073279443e+01
7.926446042073278875e+01
7.936446042073278306e+01
7.946446042073277738e+01
7.956446042073277169e+01
7.966446042073276601e+01
7.976446042073276033e+01
7.986446042073275464e+01
7.996446042073274896e+01
8.006446042073274327e+01
8.016446042073273759e+01
8.026446042073273190e+01
8.036446042073272622e+01
8.046446042073272054e+01
8.056446042073271485e+01
8.066446042073270917e+01
8.076446042073270348e+01
8.086446042073269780e+01
8.096446042073269211e+01
8.106446042073268643e+01
8.116446042073268075e+01
8.126446042073267506e+01
8.136446042073266938e+01
8.146446042073266369e+01
8.156446042073265801e+01
8.166446042073265232e+01
8.176446042073264664e+01
8.186446042073264096e+01
8.196446042073263527e+01
8.206446042073262959e+01
8.216446042073262390e+01
8.226446042073261822e+01
8.236446042073261253e+01
8.246446042073260685e+01
8.256446042073260116e+01
8.266446042073259548e+01
8.276446042073258980e+01
8.286446042073258411e+01
8.296446042073257843e+01
8.306446042073257274e+01
8.316446042073256706e+01
8.326446042073256137e+01
8.336446042073255569e+01
8.346446042073255001e+01
8.356446042073254432e+01
8.366446042073253864e+01
8.376446042073253295e+01
8.386446042073252727e+01
8.396446042073252158e+01
8.406446042073251590e+01
8.416446042073251022e+01
8.426446042073250453e+01
8.436446042073249885e+01
8.446446042073249316e+01
8.456446042073248748e+01
8.466446042073248179e+01
8.476446042073247611e+01
8.486446042073247042e+01
8.496446042073246474e+01
8.506446042073245906e+01
8.516446042073245337e+01
8.526446042073244769e+01
8.536446042073244200e+01
8.546446042073243632e+01
8.556446042073243063e+01
8.566446042073242495e+01
8.576446042073241927e+01
8.586446042073241358e+01
8.596446042073240790e+01
8.606446042073240221e+01
8.616446042073239653e+01
8.626446042073239084e+01
8.636446042073238516e+01
8.646446042073237948e+01
8.656446042073237379e+01
8.666446042073236811e+01
8.676446042073236242e+01
8.686446042073235674e+01
8.696446042073235105e+01
8.706446042073234537e+01
8.716446042073233968e+01
8.726446042073233400e+01
8.736446042073232832e+01
8.746446042073232263e+01
8.756446042073231695e+01
8.766446042073231126e+01
8.776446042073230558e+01
8.786446042073229989e+01
8.796446042073229421e+01
8.806446042073228853e+01
8.816446042073228284e+01
8.826446042073227716e+01
8.836446042073227147e+01
8.846446042073226579e+01
8.856446042073226010e+01
8.866446042073225442e+01
8.876446042073224874e+01
8.886446042073224305e+01
8.896446042073223737e+01
8.906446042073223168e+01
8.916446042073222600e+01
8.926446042073222031e+01
8.936446042073221463e+01
8.946446042073220895e+01
8.956446042073220326e+01
8.966446042073219758e+01
8.976446042073219189e+01
8.986446042073218621e+01
8.996446042073218052e+01
9.006446042073217484e+01
9.016446042073216915e+01
9.026446042073216347e+01
9.036446042073215779e+01
9.046446042073215210e+01
9.056446042073214642e+01
9.066446042073214073e+01
9.076446042073213505e+01
9.086446042073212936e+01
9.096446042073212368e+01
9.106446042073211800e+01
9.116446042073211231e+01
9.126446042073210663e+01
9.136446042073210094e+01
9.146446042073209526e+01
9.156446042073208957e+01
9.166446042073208389e+01
9.176446042073207821e+01
9.186446042073207252e+01
9.196446042073206684e+01
9.206446042073206115e+01
9.216446042073205547e+01
9.226446042073204978e+01
9.236446042073204410e+01
9.246446042073203841e+01
9.256446042073203273e+01
9.266446042073202705e+01
9.276446042073202136e+01
9.286446042073201568e+01
9.296446042073200999e+01
9.306446042073200431e+01
9.316446042073199862e+01
9.326446042073199294e+01
9.336446042073198726e+01
9.346446042073198157e+01
9.356446042073197589e+01
9.366446042073197020e+01
9.376446042073196452e+01
9.386446042073195883e+01
9.396446042073195315e+01
9.406446042073194747e+01
9.416446042073194178e+01
9.426446042073193610e+01
9.436446042073193041e+01
9.446446042073192473e+01
9.456446042073191904e+01
9.466446042073191336e+01
9.476446042073190767e+01
9.486446042073190199e+01
9.496446042073189631e+01
9.506446042073189062e+01
9.516446042073188494e+01
9.526446042073187925e+01
9.536446042073187357e+01
9.546446042073186788e+01
9.556446042073186220e+01
9.566446042073185652e+01
9.576446042073185083e+01
9.586446042073184515e+01
9.596446042073183946e+01
9.606446042073183378e+01
9.616446042073182809e+01
9.626446042073182241e+01
9.636446042073181673e+01
9.646446042073181104e+01
9.656446042073180536e+01
9.666446042073179967e+01
9.676446042073179399e+01
9.686446042073178830e+01
9.696446042073178262e+01
9.706446042073177694e+01
9.716446042073177125e+01
9.726446042073176557e+01
9.736446042073175988e+01
9.746446042073175420e+01
9.756446042073174851e+01
9.766446042073174283e+01
9.776446042073173714e+01
9.786446042073173146e+01
9.796446042073172578e+01
9.806446042073172009e+01
9.816446042073171441e+01
9.826446042073170872e+01
9.836446042073170304e+01
9.846446042073169735e+01
9.856446042073169167e+01
9.866446042073168599e+01
9.876446042073168030e+01
9.886446042073167462e+01
9.896446042073166893e+01
9.906446042073166325e+01
9.916446042073165756e+01
9.926446042073165188e+01
9.936446042073164620e+01
9.946446042073164051e+01
9.956446042073163483e+01
9.966446042073162914e+01
9.976446042073162346e+01
9.986446042073161777e+01
9.996446042073161209e+01
1.000000000000000000e+02
