-1.000000000000000000e+02
-9.991672052723650665e+01
-9.981672052723651234e+01
-9.971672052723651802e+01
-9.961672052723652371e+01
-9.951672052723652939e+01
-9.941672052723653508e+01
-9.931672052723654076e+01
-9.921672052723654645e+01
-9.911672052723655213e+01
-9.901672052723655781e+01
-9.891672052723656350e+01
-9.881672052723656918e+01
-9.871672052723657487e+01
-9.861672052723658055e+01
-9.851672052723658624e+01
-9.841672052723659192e+01
-9.831672052723659760e+01
-9.821672052723660329e+01
-9.811672052723660897e+01
-9.801672052723661466e+01
-9.791672052723662034e+01
-9.781672052723662603e+01
-9.771672052723663171e+01
-9.761672052723663739e+01
-9.751672052723664308e+01
-9.741672052723664876e+01
-9.731672052723665445e+01
-9.721672052723666013e+01
-9.711672052723666582e+01
-9.701672052723667150e+01
-9.691672052723667719e+01
-9.681672052723668287e+01
-9.671672052723668855e+01
-9.661672052723669424e+01
-9.651672052723669992e+01
-9.641672052723670561e+01
-9.631672052723671129e+01
-9.621672052723671698e+01
-9.611672052723672266e+01
-9.601672052723672834e+01
-9.591672052723673403e+01
-9.581672052723673971e+01
-9.571672052723674540e+01
-9.561672052723675108e+01
-9.551672052723675677e+01
-9.541672052723676245e+01
-9.531672052723676813e+01
-9.521672052723677382e+01
-9.511672052723677950e+01
-9.501672052723678519e+01
-9.491672052723679087e+01
-9.481672052723679656e+01
-9.471672052723680224e+01
-9.461672052723680792e+01
-9.451672052723681361e+01
-9.441672052723681929e+01
-9.431672052723682498e+01
-9.421672052723683066e+01
-9.411672052723683635e+01
-9.401672052723684203e+01
-9.391672052723684772e+01
-9.381672052723685340e+01
-9.371672052723685908e+01
-9.361672052723686477e+01
-9.351672052723687045e+01
-9.341672052723687614e+01
-9.331672052723688182e+01
-9.321672052723688751e+01
-9.311672052723689319e+01
-9.301672052723689887e+01
-9.291672052723690456e+01
-9.281672052723691024e+01
-9.271672052723691593e+01
-9.261672052723692161e+01
-9.251672052723692730e+01
-9.241672052723693298e+01
-9.231672052723693866e+01
-9.221672052723694435e+01
-9.211672052723695003e+01
-9.201672052723695572e+01
-9.191672052723696140e+01
-9.181672052723696709e+01
-9.171672052723697277e+01
-9.161672052723697846e+01
-9.151672052723698414e+01
-9.141672052723698982e+01
-9.131672052723699551e+01
-9.121672052723700119e+01
-9.111672052723700688e+01
-9.101672052723701256e+01
-9.091672052723701825e+01
-9.081672052723702393e+01
-9.071672052723702961e+01
-9.061672052723703530e+01
-9.051672052723704098e+01
-9.041672052723704667e+01
-9.031672052723705235e+01
-9.021672052723705804e+01
-9.011672052723706372e+01
-9.001672052723706940e+01
-8.991672052723707509e+01
-8.981672052723708077e+01
-8.971672052723708646e+01
-8.961672052723709214e+01
-8.951672052723709783e+01
-8.941672052723710351e+01
-8.931672052723710920e+01
-8.921672052723711488e+01
-8.911672052723712056e+01
-8.901672052723712625e+01
-8.891672052723713193e+01
-8.881672052723713762e+01
-8.871672052723714330e+01
-8.861672052723714899e+01
-8.851672052723715467e+01
-8.841672052723716035e+01
-8.831672052723716604e+01
-8.821672052723717172e+01
-8.811672052723717741e+01
-8.801672052723718309e+01
-8.791672052723718878e+01
-8.781672052723719446e+01
-8.771672052723720014e+01
-8.761672052723720583e+01
-8.751672052723721151e+01
-8.741672052723721720e+01
-8.731672052723722288e+01
-8.721672052723722857e+01
-8.711672052723723425e+01
-8.701672052723723993e+01
-8.691672052723724562e+01
-8.681672052723725130e+01
-8.671672052723725699e+01
-8.661672052723726267e+01
-8.651672052723726836e+01
-8.641672052723727404e+01
-8.631672052723727973e+01
-8.621672052723728541e+01
-8.611672052723729109e+01
-8.601672052723729678e+01
-8.591672052723730246e+01
-8.581672052723730815e+01
-8.571672052723731383e+01
-8.561672052723731952e+01
-8.551672052723732520e+01
-8.541672052723733088e+01
-8.531672052723733657e+01
-8.521672052723734225e+01
-8.511672052723734794e+01
-8.501672052723735362e+01
-8.491672052723735931e+01
-8.481672052723736499e+01
-8.471672052723737067e+01
-8.461672052723737636e+01
-8.451672052723738204e+01
-8.441672052723738773e+01
-8.431672052723739341e+01
-8.421672052723739910e+01
-8.411672052723740478e+01
-8.401672052723741047e+01
-8.391672052723741615e+01
-8.381672052723742183e+01
-8.371672052723742752e+01
-8.361672052723743320e+01
-8.351672052723743889e+01
-8.341672052723744457e+01
-8.331672052723745026e+01
-8.321672052723745594e+01
-8.311672052723746162e+01
-8.301672052723746731e+01
-8.291672052723747299e+01
-8.281672052723747868e+01
-8.271672052723748436e+01
-8.261672052723749005e+01
-8.251672052723749573e+01
-8.241672052723750141e+01
-8.231672052723750710e+01
-8.221672052723751278e+01
-8.211672052723751847e+01
-8.201672052723752415e+01
-8.191672052723752984e+01
-8.181672052723753552e+01
-8.171672052723754121e+01
-8.161672052723754689e+01
-8.151672052723755257e+01
-8.141672052723755826e+01
-8.131672052723756394e+01
-8.121672052723756963e+01
-8.111672052723757531e+01
-8.101672052723758100e+01
-8.091672052723758668e+01
-8.081672052723759236e+01
-8.071672052723759805e+01
-8.061672052723760373e+01
-8.051672052723760942e+01
-8.041672052723761510e+01
-8.031672052723762079e+01
-8.021672052723762647e+01
-8.011672052723763215e+01
-8.001672052723763784e+01
-7.991672052723764352e+01
-7.981672052723764921e+01
-7.971672052723765489e+01
-7.961672052723766058e+01
-7.951672052723766626e+01
-7.941672052723767194e+01
-7.931672052723767763e+01
-7.921672052723768331e+01
-7.911672052723768900e+01
-7.901672052723769468e+01
-7.891672052723770037e+01
-7.881672052723770605e+01
-7.871672052723771174e+01
-7.861672052723771742e+01
-7.851672052723772310e+01
-7.841672052723772879e+01
-7.831672052723773447e+01
-7.821672052723774016e+01
-7.811672052723774584e+01
-7.801672052723775153e+01
-7.791672052723775721e+01
-7.781672052723776289e+01
-7.771672052723776858e+01
-7.761672052723777426e+01
-7.751672052723777995e+01
-7.741672052723778563e+01
-7.731672052723779132e+01
-7.721672052723779700e+01
-7.711672052723780268e+01
-7.701672052723780837e+01
-7.691672052723781405e+01
-7.681672052723781974e+01
-7.671672052723782542e+01
-7.661672052723783111e+01
-7.651672052723783679e+01
-7.641672052723784248e+01
-7.631672052723784816e+01
-7.621672052723785384e+01
-7.611672052723785953e+01
-7.601672052723786521e+01
-7.591672052723787090e+01
-7.581672052723787658e+01
-7.571672052723788227e+01
-7.561672052723788795e+01
-7.551672052723789363e+01
-7.541672052723789932e+01
-7.531672052723790500e+01
-7.521672052723791069e+01
-7.511672052723791637e+01
-7.501672052723792206e+01
-7.491672052723792774e+01
-7.481672052723793342e+01
-7.471672052723793911e+01
-7.461672052723794479e+01
-7.451672052723795048e+01
-7.441672052723795616e+01
-7.431672052723796185e+01
-7.421672052723796753e+01
-7.411672052723797322e+01
-7.401672052723797890e+01
-7.391672052723798458e+01
-7.381672052723799027e+01
-7.371672052723799595e+01
-7.361672052723800164e+01
-7.351672052723800732e+01
-7.341672052723801301e+01
-7.331672052723801869e+01
-7.321672052723802437e+01
-7.311672052723803006e+01
-7.301672052723803574e+01
-7.291672052723804143e+01
-7.281672052723804711e+01
-7.271672052723805280e+01
-7.261672052723805848e+01
-7.251672052723806416e+01
-7.241672052723806985e+01
-7.231672052723807553e+01
-7.221672052723808122e+01
-7.211672052723808690e+01
-7.201672052723809259e+01
-7.191672052723809827e+01
-7.181672052723810395e+01
-7.171672052723810964e+01
-7.161672052723811532e+01
-7.151672052723812101e+01
-7.141672052723812669e+01
-7.131672052723813238e+01
-7.121672052723813806e+01
-7.111672052723814375e+01
-7.101672052723814943e+01
-7.091672052723815511e+01
-7.081672052723816080e+01
-7.071672052723816648e+01
-7.061672052723817217e+01
-7.051672052723817785e+01
-7.041672052723818354e+01
-7.031672052723818922e+01
-7.021672052723819490e+01
-7.011672052723820059e+01
-7.001672052723820627e+01
-6.991672052723821196e+01
-6.981672052723821764e+01
-6.971672052723822333e+01
-6.961672052723822901e+01
-6.951672052723823469e+01
-6.941672052723824038e+01
-6.931672052723824606e+01
-6.921672052723825175e+01
-6.911672052723825743e+01
-6.901672052723826312e+01
-6.891672052723826880e+01
-6.881672052723827449e+01
-6.871672052723828017e+01
-6.861672052723828585e+01
-6.851672052723829154e+01
-6.841672052723829722e+01
-6.831672052723830291e+01
-6.821672052723830859e+01
-6.811672052723831428e+01
-6.801672052723831996e+01
-6.791672052723832564e+01
-6.781672052723833133e+01
-6.771672052723833701e+01
-6.761672052723834270e+01
-6.751672052723834838e+01
-6.741672052723835407e+01
-6.731672052723835975e+01
-6.721672052723836543e+01
-6.711672052723837112e+01
-6.701672052723837680e+01
-6.691672052723838249e+01
-6.681672052723838817e+01
-6.671672052723839386e+01
-6.661672052723839954e+01
-6.651672052723840523e+01
-6.641672052723841091e+01
-6.631672052723841659e+01
-6.621672052723842228e+01
-6.611672052723842796e+01
-6.601672052723843365e+01
-6.591672052723843933e+01
-6.581672052723844502e+01
-6.571672052723845070e+01
-6.561672052723845638e+01
-6.551672052723846207e+01
-6.541672052723846775e+01
-6.531672052723847344e+01
-6.521672052723847912e+01
-6.511672052723848481e+01
-6.501672052723849049e+01
-6.491672052723849617e+01
-6.481672052723850186e+01
-6.471672052723850754e+01
-6.461672052723851323e+01
-6.451672052723851891e+01
-6.441672052723852460e+01
-6.431672052723853028e+01
-6.421672052723853596e+01
-6.411672052723854165e+01
-6.401672052723854733e+01
-6.391672052723854591e+01
-6.381672052723854449e+01
-6.371672052723854307e+01
-6.361672052723854165e+01
-6.351672052723854023e+01
-6.341672052723853881e+01
-6.331672052723853739e+01
-6.321672052723853596e+01
-6.311672052723853454e+01
-6.301672052723853312e+01
-6.291672052723853170e+01
-6.281672052723853028e+01
-6.271672052723852886e+01
-6.261672052723852744e+01
-6.251672052723852602e+01
-6.241672052723852460e+01
-6.231672052723852318e+01
-6.221672052723852175e+01
-6.211672052723852033e+01
-6.201672052723851891e+01
-6.191672052723851749e+01
-6.181672052723851607e+01
-6.171672052723851465e+01
-6.161672052723851323e+01
-6.151672052723851181e+01
-6.141672052723851039e+01
-6.131672052723850896e+01
-6.121672052723850754e+01
-6.111672052723850612e+01
-6.101672052723850470e+01
-6.091672052723850328e+01
-6.081672052723850186e+01
-6.071672052723850044e+01
-6.061672052723849902e+01
-6.051672052723849760e+01
-6.041672052723849617e+01
-6.031672052723849475e+01
-6.021672052723849333e+01
-6.011672052723849191e+01
-6.001672052723849049e+01
-5.991672052723848907e+01
-5.981672052723848765e+01
-5.971672052723848623e+01
-5.961672052723848481e+01
-5.951672052723848338e+01
-5.941672052723848196e+01
-5.931672052723848054e+01
-5.921672052723847912e+01
-5.911672052723847770e+01
-5.901672052723847628e+01
-5.891672052723847486e+01
-5.881672052723847344e+01
-5.871672052723847202e+01
-5.861672052723847059e+01
-5.851672052723846917e+01
-5.841672052723846775e+01
-5.831672052723846633e+01
-5.821672052723846491e+01
-5.811672052723846349e+01
-5.801672052723846207e+01
-5.791672052723846065e+01
-5.781672052723845923e+01
-5.771672052723845781e+01
-5.761672052723845638e+01
-5.751672052723845496e+01
-5.741672052723845354e+01
-5.731672052723845212e+01
-5.721672052723845070e+01
-5.711672052723844928e+01
-5.701672052723844786e+01
-5.691672052723844644e+01
-5.681672052723844502e+01
-5.671672052723844359e+01
-5.661672052723844217e+01
-5.651672052723844075e+01
-5.641672052723843933e+01
-5.631672052723843791e+01
-5.621672052723843649e+01
-5.611672052723843507e+01
-5.601672052723843365e+01
-5.591672052723843223e+01
-5.581672052723843080e+01
-5.571672052723842938e+01
-5.561672052723842796e+01
-5.551672052723842654e+01
-5.541672052723842512e+01
-5.531672052723842370e+01
-5.521672052723842228e+01
-5.511672052723842086e+01
-5.501672052723841944e+01
-5.491672052723841801e+01
-5.481672052723841659e+01
-5.471672052723841517e+01
-5.461672052723841375e+01
-5.451672052723841233e+01
-5.441672052723841091e+01
-5.431672052723840949e+01
-5.421672052723840807e+01
-5.411672052723840665e+01
-5.401672052723840523e+01
-5.391672052723840380e+01
-5.381672052723840238e+01
-5.371672052723840096e+01
-5.361672052723839954e+01
-5.351672052723839812e+01
-5.341672052723839670e+01
-5.331672052723839528e+01
-5.321672052723839386e+01
-5.311672052723839244e+01
-5.301672052723839101e+01
-5.291672052723838959e+01
-5.281672052723838817e+01
-5.271672052723838675e+01
-5.261672052723838533e+01
-5.251672052723838391e+01
-5.241672052723838249e+01
-5.231672052723838107e+01
-5.221672052723837965e+01
-5.211672052723837822e+01
-5.201672052723837680e+01
-5.191672052723837538e+01
-5.181672052723837396e+01
-5.171672052723837254e+01
-5.161672052723837112e+01
-5.151672052723836970e+01
-5.141672052723836828e+01
-5.131672052723836686e+01
-5.121672052723836543e+01
-5.111672052723836401e+01
-5.101672052723836259e+01
-5.091672052723836117e+01
-5.081672052723835975e+01
-5.071672052723835833e+01
-5.061672052723835691e+01
-5.051672052723835549e+01
-5.041672052723835407e+01
-5.031672052723835264e+01
-5.021672052723835122e+01
-5.011672052723834980e+01
-5.001672052723834838e+01
-4.991672052723834696e+01
-4.981672052723834554e+01
-4.971672052723834412e+01
-4.961672052723834270e+01
-4.951672052723834128e+01
-4.941672052723833986e+01
-4.931672052723833843e+01
-4.921672052723833701e+01
-4.911672052723833559e+01
-4.901672052723833417e+01
-4.891672052723833275e+01
-4.881672052723833133e+01
-4.871672052723832991e+01
-4.861672052723832849e+01
-4.851672052723832707e+01
-4.841672052723832564e+01
-4.831672052723832422e+01
-4.821672052723832280e+01
-4.811672052723832138e+01
-4.801672052723831996e+01
-4.791672052723831854e+01
-4.781672052723831712e+01
-4.771672052723831570e+01
-4.761672052723831428e+01
-4.751672052723831285e+01
-4.741672052723831143e+01
-4.731672052723831001e+01
-4.721672052723830859e+01
-4.711672052723830717e+01
-4.701672052723830575e+01
-4.691672052723830433e+01
-4.681672052723830291e+01
-4.671672052723830149e+01
-4.661672052723830006e+01
-4.651672052723829864e+01
-4.641672052723829722e+01
-4.631672052723829580e+01
-4.621672052723829438e+01
-4.611672052723829296e+01
-4.601672052723829154e+01
-4.591672052723829012e+01
-4.581672052723828870e+01
-4.571672052723828727e+01
-4.561672052723828585e+01
-4.551672052723828443e+01
-4.541672052723828301e+01
-4.531672052723828159e+01
-4.521672052723828017e+01
-4.511672052723827875e+01
-4.501672052723827733e+01
-4.491672052723827591e+01
-4.481672052723827449e+01
-4.471672052723827306e+01
-4.461672052723827164e+01
-4.451672052723827022e+01
-4.441672052723826880e+01
-4.431672052723826738e+01
-4.421672052723826596e+01
-4.411672052723826454e+01
-4.401672052723826312e+01
-4.391672052723826170e+01
-4.381672052723826027e+01
-4.371672052723825885e+01
-4.361672052723825743e+01
-4.351672052723825601e+01
-4.341672052723825459e+01
-4.331672052723825317e+01
-4.321672052723825175e+01
-4.311672052723825033e+01
-4.301672052723824891e+01
-4.291672052723824748e+01
-4.281672052723824606e+01
-4.271672052723824464e+01
-4.261672052723824322e+01
-4.251672052723824180e+01
-4.241672052723824038e+01
-4.231672052723823896e+01
-4.221672052723823754e+01
-4.211672052723823612e+01
-4.201672052723823469e+01
-4.191672052723823327e+01
-4.181672052723823185e+01
-4.171672052723823043e+01
-4.161672052723822901e+01
-4.151672052723822759e+01
-4.141672052723822617e+01
-4.131672052723822475e+01
-4.121672052723822333e+01
-4.111672052723822191e+01
-4.101672052723822048e+01
-4.091672052723821906e+01
-4.081672052723821764e+01
-4.071672052723821622e+01
-4.061672052723821480e+01
-4.051672052723821338e+01
-4.041672052723821196e+01
-4.031672052723821054e+01
-4.021672052723820912e+01
-4.011672052723820769e+01
-4.001672052723820627e+01
-3.991672052723820485e+01
-3.981672052723820343e+01
-3.971672052723820201e+01
-3.961672052723820059e+01
-3.951672052723819917e+01
-3.941672052723819775e+01
-3.931672052723819633e+01
-3.921672052723819490e+01
-3.911672052723819348e+01
-3.901672052723819206e+01
-3.891672052723819064e+01
-3.881672052723818922e+01
-3.871672052723818780e+01
-3.861672052723818638e+01
-3.851672052723818496e+01
-3.841672052723818354e+01
-3.831672052723818211e+01
-3.821672052723818069e+01
-3.811672052723817927e+01
-3.801672052723817785e+01
-3.791672052723817643e+01
-3.781672052723817501e+01
-3.771672052723817359e+01
-3.761672052723817217e+01
-3.751672052723817075e+01
-3.741672052723816932e+01
-3.731672052723816790e+01
-3.721672052723816648e+01
-3.711672052723816506e+01
-3.701672052723816364e+01
-3.691672052723816222e+01
-3.681672052723816080e+01
-3.671672052723815938e+01
-3.661672052723815796e+01
-3.651672052723815654e+01
-3.641672052723815511e+01
-3.631672052723815369e+01
-3.621672052723815227e+01
-3.611672052723815085e+01
-3.601672052723814943e+01
-3.591672052723814801e+01
-3.581672052723814659e+01
-3.571672052723814517e+01
-3.561672052723814375e+01
-3.551672052723814232e+01
-3.541672052723814090e+01
-3.531672052723813948e+01
-3.521672052723813806e+01
-3.511672052723813664e+01
-3.501672052723813522e+01
-3.491672052723813380e+01
-3.481672052723813238e+01
-3.471672052723813096e+01
-3.461672052723812953e+01
-3.451672052723812811e+01
-3.441672052723812669e+01
-3.431672052723812527e+01
-3.421672052723812385e+01
-3.411672052723812243e+01
-3.401672052723812101e+01
-3.391672052723811959e+01
-3.381672052723811817e+01
-3.371672052723811674e+01
-3.361672052723811532e+01
-3.351672052723811390e+01
-3.341672052723811248e+01
-3.331672052723811106e+01
-3.321672052723810964e+01
-3.311672052723810822e+01
-3.301672052723810680e+01
-3.291672052723810538e+01
-3.281672052723810395e+01
-3.271672052723810253e+01
-3.261672052723810111e+01
-3.251672052723809969e+01
-3.241672052723809827e+01
-3.231672052723809685e+01
-3.221672052723809543e+01
-3.211672052723809401e+01
-3.201672052723809259e+01
-3.191672052723809117e+01
-3.181672052723808974e+01
-3.171672052723808832e+01
-3.161672052723808690e+01
-3.151672052723808548e+01
-3.141672052723808406e+01
-3.131672052723808264e+01
-3.121672052723808122e+01
-3.111672052723807980e+01
-3.101672052723807838e+01
-3.091672052723807695e+01
-3.081672052723807553e+01
-3.071672052723807411e+01
-3.061672052723807269e+01
-3.051672052723807127e+01
-3.041672052723806985e+01
-3.031672052723806843e+01
-3.021672052723806701e+01
-3.011672052723806559e+01
-3.001672052723806416e+01
-2.991672052723806274e+01
-2.981672052723806132e+01
-2.971672052723805990e+01
-2.961672052723805848e+01
-2.951672052723805706e+01
-2.941672052723805564e+01
-2.931672052723805422e+01
-2.921672052723805280e+01
-2.911672052723805137e+01
-2.901672052723804995e+01
-2.891672052723804853e+01
-2.881672052723804711e+01
-2.871672052723804569e+01
-2.861672052723804427e+01
-2.851672052723804285e+01
-2.841672052723804143e+01
-2.831672052723804001e+01
-2.821672052723803858e+01
-2.811672052723803716e+01
-2.801672052723803574e+01
-2.791672052723803432e+01
-2.781672052723803290e+01
-2.771672052723803148e+01
-2.761672052723803006e+01
-2.751672052723802864e+01
-2.741672052723802722e+01
-2.731672052723802580e+01
-2.721672052723802437e+01
-2.711672052723802295e+01
-2.701672052723802153e+01
-2.691672052723802011e+01
-2.681672052723801869e+01
-2.671672052723801727e+01
-2.661672052723801585e+01
-2.651672052723801443e+01
-2.641672052723801301e+01
-2.631672052723801158e+01
-2.621672052723801016e+01
-2.611672052723800874e+01
-2.601672052723800732e+01
-2.591672052723800590e+01
-2.581672052723800448e+01
-2.571672052723800306e+01
-2.561672052723800164e+01
-2.551672052723800022e+01
-2.541672052723799879e+01
-2.531672052723799737e+01
-2.521672052723799595e+01
-2.511672052723799453e+01
-2.501672052723799311e+01
-2.491672052723799169e+01
-2.481672052723799027e+01
-2.471672052723798885e+01
-2.461672052723798743e+01
-2.451672052723798600e+01
-2.441672052723798458e+01
-2.431672052723798316e+01
-2.421672052723798174e+01
-2.411672052723798032e+01
-2.401672052723797890e+01
-2.391672052723797748e+01
-2.381672052723797606e+01
-2.371672052723797464e+01
-2.361672052723797322e+01
-2.351672052723797179e+01
-2.341672052723797037e+01
-2.331672052723796895e+01
-2.321672052723796753e+01
-2.311672052723796611e+01
-2.301672052723796469e+01
-2.291672052723796327e+01
-2.281672052723796185e+01
-2.271672052723796043e+01
-2.261672052723795900e+01
-2.251672052723795758e+01
-2.241672052723795616e+01
-2.231672052723795474e+01
-2.221672052723795332e+01
-2.211672052723795190e+01
-2.201672052723795048e+01
-2.191672052723794906e+01
-2.181672052723794764e+01
-2.171672052723794621e+01
-2.161672052723794479e+01
-2.151672052723794337e+01
-2.141672052723794195e+01
-2.131672052723794053e+01
-2.121672052723793911e+01
-2.111672052723793769e+01
-2.101672052723793627e+01
-2.091672052723793485e+01
-2.081672052723793342e+01
-2.071672052723793200e+01
-2.061672052723793058e+01
-2.051672052723792916e+01
-2.041672052723792774e+01
-2.031672052723792632e+01
-2.021672052723792490e+01
-2.011672052723792348e+01
-2.001672052723792206e+01
-1.991672052723792063e+01
-1.981672052723791921e+01
-1.971672052723791779e+01
-1.961672052723791637e+01
-1.951672052723791495e+01
-1.941672052723791353e+01
-1.931672052723791211e+01
-1.921672052723791069e+01
-1.911672052723790927e+01
-1.901672052723790785e+01
-1.891672052723790642e+01
-1.881672052723790500e+01
-1.871672052723790358e+01
-1.861672052723790216e+01
-1.851672052723790074e+01
-1.841672052723789932e+01
-1.831672052723789790e+01
-1.821672052723789648e+01
-1.811672052723789506e+01
-1.801672052723789363e+01
-1.791672052723789221e+01
-1.781672052723789079e+01
-1.771672052723788937e+01
-1.761672052723788795e+01
-1.751672052723788653e+01
-1.741672052723788511e+01
-1.731672052723788369e+01
-1.721672052723788227e+01
-1.711672052723788084e+01
-1.701672052723787942e+01
-1.691672052723787800e+01
-1.681672052723787658e+01
-1.671672052723787516e+01
-1.661672052723787374e+01
-1.651672052723787232e+01
-1.641672052723787090e+01
-1.631672052723786948e+01
-1.621672052723786805e+01
-1.611672052723786663e+01
-1.601672052723786521e+01
-1.591672052723786557e+01
-1.581672052723786592e+01
-1.571672052723786628e+01
-1.561672052723786663e+01
-1.551672052723786699e+01
-1.541672052723786734e+01
-1.531672052723786770e+01
-1.521672052723786805e+01
-1.511672052723786841e+01
-1.501672052723786877e+01
-1.491672052723786912e+01
-1.481672052723786948e+01
-1.471672052723786983e+01
-1.461672052723787019e+01
-1.451672052723787054e+01
-1.441672052723787090e+01
-1.431672052723787125e+01
-1.421672052723787161e+01
-1.411672052723787196e+01
-1.401672052723787232e+01
-1.391672052723787267e+01
-1.381672052723787303e+01
-1.371672052723787338e+01
-1.361672052723787374e+01
-1.351672052723787409e+01
-1.341672052723787445e+01
-1.331672052723787480e+01
-1.321672052723787516e+01
-1.311672052723787552e+01
-1.301672052723787587e+01
-1.291672052723787623e+01
-1.281672052723787658e+01
-1.271672052723787694e+01
-1.261672052723787729e+01
-1.251672052723787765e+01
-1.241672052723787800e+01
-1.231672052723787836e+01
-1.221672052723787871e+01
-1.211672052723787907e+01
-1.201672052723787942e+01
-1.191672052723787978e+01
-1.181672052723788013e+01
-1.171672052723788049e+01
-1.161672052723788084e+01
-1.151672052723788120e+01
-1.141672052723788156e+01
-1.131672052723788191e+01
-1.121672052723788227e+01
-1.111672052723788262e+01
-1.101672052723788298e+01
-1.091672052723788333e+01
-1.081672052723788369e+01
-1.071672052723788404e+01
-1.061672052723788440e+01
-1.051672052723788475e+01
-1.041672052723788511e+01
-1.031672052723788546e+01
-1.021672052723788582e+01
-1.011672052723788617e+01
-1.001672052723788653e+01
-9.916720527237886884e+00
-9.816720527237887239e+00
-9.716720527237887595e+00
-9.616720527237887950e+00
-9.516720527237888305e+00
-9.416720527237888660e+00
-9.316720527237889016e+00
-9.216720527237889371e+00
-9.116720527237889726e+00
-9.016720527237890082e+00
-8.916720527237890437e+00
-8.816720527237890792e+00
-8.716720527237891147e+00
-8.616720527237891503e+00
-8.516720527237891858e+00
-8.416720527237892213e+00
-8.316720527237892568e+00
-8.216720527237892924e+00
-8.116720527237893279e+00
-8.016720527237893634e+00
-7.916720527237893990e+00
-7.816720527237894345e+00
-7.716720527237894700e+00
-7.616720527237895055e+00
-7.516720527237895411e+00
-7.416720527237895766e+00
-7.316720527237896121e+00
-7.216720527237896476e+00
-7.116720527237896832e+00
-7.016720527237897187e+00
-6.916720527237897542e+00
-6.816720527237897898e+00
-6.716720527237898253e+00
-6.616720527237898608e+00
-6.516720527237898963e+00
-6.416720527237899319e+00
-6.316720527237899674e+00
-6.216720527237900029e+00
-6.116720527237900384e+00
-6.016720527237900740e+00
-5.916720527237901095e+00
-5.816720527237901450e+00
-5.716720527237901806e+00
-5.616720527237902161e+00
-5.516720527237902516e+00
-5.416720527237902871e+00
-5.316720527237903227e+00
-5.216720527237903582e+00
-5.116720527237903937e+00
-5.016720527237904292e+00
-4.916720527237904648e+00
-4.816720527237905003e+00
-4.716720527237905358e+00
-4.616720527237905713e+00
-4.516720527237906069e+00
-4.416720527237906424e+00
-4.316720527237906779e+00
-4.216720527237907135e+00
-4.116720527237907490e+00
-4.016720527237907845e+00
-3.916720527237907756e+00
-3.816720527237907667e+00
-3.716720527237907579e+00
-3.616720527237907490e+00
-3.516720527237907401e+00
-3.416720527237907312e+00
-3.316720527237907223e+00
-3.216720527237907135e+00
-3.116720527237907046e+00
-3.016720527237906957e+00
-2.916720527237906868e+00
-2.816720527237906779e+00
-2.716720527237906690e+00
-2.616720527237906602e+00
-2.516720527237906513e+00
-2.416720527237906424e+00
-2.316720527237906335e+00
-2.216720527237906246e+00
-2.116720527237906158e+00
-2.016720527237906069e+00
-1.916720527237905980e+00
-1.816720527237905891e+00
-1.716720527237905802e+00
-1.616720527237905713e+00
-1.516720527237905625e+00
-1.416720527237905536e+00
-1.316720527237905447e+00
-1.216720527237905358e+00
-1.116720527237905269e+00
-1.016720527237905181e+00
-9.167205272379052028e-01
-8.167205272379052250e-01
-7.167205272379052472e-01
-6.167205272379052694e-01
-5.167205272379052916e-01
-4.167205272379053138e-01
-3.167205272379053360e-01
-2.167205272379053305e-01
-1.167205272379053249e-01
-1.672052723790531936e-02
8.327947276209468619e-02
1.832794727620946917e-01
2.832794727620946973e-01
3.832794727620947306e-01
4.832794727620947084e-01
5.832794727620946862e-01
6.832794727620946640e-01
7.832794727620946418e-01
8.832794727620946196e-01
9.832794727620945974e-01
1.083279472762094686e+00
1.183279472762094775e+00
1.283279472762094864e+00
1.383279472762094953e+00
1.483279472762095041e+00
1.583279472762095130e+00
1.683279472762095219e+00
1.783279472762095308e+00
1.883279472762095397e+00
1.983279472762095486e+00
2.083279472762095352e+00
2.183279472762095441e+00
2.283279472762095530e+00
2.383279472762095619e+00
2.483279472762095708e+00
2.583279472762095796e+00
2.683279472762095885e+00
2.783279472762095974e+00
2.883279472762096063e+00
2.983279472762096152e+00
3.083279472762096241e+00
3.183279472762096329e+00
3.283279472762096418e+00
3.383279472762096507e+00
3.483279472762096596e+00
3.583279472762096685e+00
3.683279472762096773e+00
3.783279472762096862e+00
3.883279472762096951e+00
3.983279472762097040e+00
4.083279472762097129e+00
4.183279472762096773e+00
4.283279472762096418e+00
4.383279472762096063e+00
4.483279472762095708e+00
4.583279472762095352e+00
4.683279472762094997e+00
4.783279472762094642e+00
4.883279472762094287e+00
4.983279472762093931e+00
5.083279472762093576e+00
5.183279472762093221e+00
5.283279472762092865e+00
5.383279472762092510e+00
5.483279472762092155e+00
5.583279472762091800e+00
5.683279472762091444e+00
5.783279472762091089e+00
5.883279472762090734e+00
5.983279472762090379e+00
6.083279472762090023e+00
6.183279472762089668e+00
6.283279472762089313e+00
6.383279472762088957e+00
6.483279472762088602e+00
6.583279472762088247e+00
6.683279472762087892e+00
6.783279472762087536e+00
6.883279472762087181e+00
6.983279472762086826e+00
7.083279472762086471e+00
7.183279472762086115e+00
7.283279472762085760e+00
7.383279472762085405e+00
7.483279472762085049e+00
7.583279472762084694e+00
7.683279472762084339e+00
7.783279472762083984e+00
7.883279472762083628e+00
7.983279472762083273e+00
8.083279472762082918e+00
8.183279472762082563e+00
8.283279472762082207e+00
8.383279472762081852e+00
8.483279472762081497e+00
8.583279472762081141e+00
8.683279472762080786e+00
8.783279472762080431e+00
8.883279472762080076e+00
8.983279472762079720e+00
9.083279472762079365e+00
9.183279472762079010e+00
9.283279472762078655e+00
9.383279472762078299e+00
9.483279472762077944e+00
9.583279472762077589e+00
9.683279472762077233e+00
9.783279472762076878e+00
9.883279472762076523e+00
9.983279472762076168e+00
1.008327947276207581e+01
1.018327947276207546e+01
1.028327947276207510e+01
1.038327947276207475e+01
1.048327947276207439e+01
1.058327947276207404e+01
1.068327947276207368e+01
1.078327947276207333e+01
1.088327947276207297e+01
1.098327947276207261e+01
1.108327947276207226e+01
1.118327947276207190e+01
1.128327947276207155e+01
1.138327947276207119e+01
1.148327947276207084e+01
1.158327947276207048e+01
1.168327947276207013e+01
1.178327947276206977e+01
1.188327947276206942e+01
1.198327947276206906e+01
1.208327947276206871e+01
1.218327947276206835e+01
1.228327947276206800e+01
1.238327947276206764e+01
1.248327947276206729e+01
1.258327947276206693e+01
1.268327947276206658e+01
1.278327947276206622e+01
1.288327947276206586e+01
1.298327947276206551e+01
1.308327947276206515e+01
1.318327947276206480e+01
1.328327947276206444e+01
1.338327947276206409e+01
1.348327947276206373e+01
1.358327947276206338e+01
1.368327947276206302e+01
1.378327947276206267e+01
1.388327947276206231e+01
1.398327947276206196e+01
1.408327947276206160e+01
1.418327947276206125e+01
1.428327947276206089e+01
1.438327947276206054e+01
1.448327947276206018e+01
1.458327947276205983e+01
1.468327947276205947e+01
1.478327947276205911e+01
1.488327947276205876e+01
1.498327947276205840e+01
1.508327947276205805e+01
1.518327947276205769e+01
1.528327947276205734e+01
1.538327947276205698e+01
1.548327947276205663e+01
1.558327947276205627e+01
1.568327947276205592e+01
1.578327947276205556e+01
1.588327947276205521e+01
1.598327947276205485e+01
1.608327947276205450e+01
1.618327947276205592e+01
1.628327947276205734e+01
1.638327947276205876e+01
1.648327947276206018e+01
1.658327947276206160e+01
1.668327947276206302e+01
1.678327947276206444e+01
1.688327947276206586e+01
1.698327947276206729e+01
1.708327947276206871e+01
1.718327947276207013e+01
1.728327947276207155e+01
1.738327947276207297e+01
1.748327947276207439e+01
1.758327947276207581e+01
1.768327947276207723e+01
1.778327947276207865e+01
1.788327947276208008e+01
1.798327947276208150e+01
1.808327947276208292e+01
1.818327947276208434e+01
1.828327947276208576e+01
1.838327947276208718e+01
1.848327947276208860e+01
1.858327947276209002e+01
1.868327947276209144e+01
1.878327947276209287e+01
1.888327947276209429e+01
1.898327947276209571e+01
1.908327947276209713e+01
1.918327947276209855e+01
1.928327947276209997e+01
1.938327947276210139e+01
1.948327947276210281e+01
1.958327947276210423e+01
1.968327947276210566e+01
1.978327947276210708e+01
1.988327947276210850e+01
1.998327947276210992e+01
2.008327947276211134e+01
2.018327947276211276e+01
2.028327947276211418e+01
2.038327947276211560e+01
2.048327947276211702e+01
2.058327947276211844e+01
2.068327947276211987e+01
2.078327947276212129e+01
2.088327947276212271e+01
2.098327947276212413e+01
2.108327947276212555e+01
2.118327947276212697e+01
2.128327947276212839e+01
2.138327947276212981e+01
2.148327947276213123e+01
2.158327947276213266e+01
2.168327947276213408e+01
2.178327947276213550e+01
2.188327947276213692e+01
2.198327947276213834e+01
2.208327947276213976e+01
2.218327947276214118e+01
2.228327947276214260e+01
2.238327947276214402e+01
2.248327947276214545e+01
2.258327947276214687e+01
2.268327947276214829e+01
2.278327947276214971e+01
2.288327947276215113e+01
2.298327947276215255e+01
2.308327947276215397e+01
2.318327947276215539e+01
2.328327947276215681e+01
2.338327947276215824e+01
2.348327947276215966e+01
2.358327947276216108e+01
2.368327947276216250e+01
2.378327947276216392e+01
2.388327947276216534e+01
2.398327947276216676e+01
2.408327947276216818e+01
2.418327947276216960e+01
2.428327947276217103e+01
2.438327947276217245e+01
2.448327947276217387e+01
2.458327947276217529e+01
2.468327947276217671e+01
2.478327947276217813e+01
2.488327947276217955e+01
2.498327947276218097e+01
2.508327947276218239e+01
2.518327947276218381e+01
2.528327947276218524e+01
2.538327947276218666e+01
2.548327947276218808e+01
2.558327947276218950e+01
2.568327947276219092e+01
2.578327947276219234e+01
2.588327947276219376e+01
2.598327947276219518e+01
2.608327947276219660e+01
2.618327947276219803e+01
2.628327947276219945e+01
2.638327947276220087e+01
2.648327947276220229e+01
2.658327947276220371e+01
2.668327947276220513e+01
2.678327947276220655e+01
2.688327947276220797e+01
2.698327947276220939e+01
2.708327947276221082e+01
2.718327947276221224e+01
2.728327947276221366e+01
2.738327947276221508e+01
2.748327947276221650e+01
2.758327947276221792e+01
2.768327947276221934e+01
2.778327947276222076e+01
2.788327947276222218e+01
2.798327947276222361e+01
2.808327947276222503e+01
2.818327947276222645e+01
2.828327947276222787e+01
2.838327947276222929e+01
2.848327947276223071e+01
2.858327947276223213e+01
2.868327947276223355e+01
2.878327947276223497e+01
2.888327947276223640e+01
2.898327947276223782e+01
2.908327947276223924e+01
2.918327947276224066e+01
2.928327947276224208e+01
2.938327947276224350e+01
2.948327947276224492e+01
2.958327947276224634e+01
2.968327947276224776e+01
2.978327947276224918e+01
2.988327947276225061e+01
2.998327947276225203e+01
3.008327947276225345e+01
3.018327947276225487e+01
3.028327947276225629e+01
3.038327947276225771e+01
3.048327947276225913e+01
3.058327947276226055e+01
3.068327947276226197e+01
3.078327947276226340e+01
3.088327947276226482e+01
3.098327947276226624e+01
3.108327947276226766e+01
3.118327947276226908e+01
3.128327947276227050e+01
3.138327947276227192e+01
3.148327947276227334e+01
3.158327947276227476e+01
3.168327947276227619e+01
3.178327947276227761e+01
3.188327947276227903e+01
3.198327947276228045e+01
3.208327947276227832e+01
3.218327947276227974e+01
3.228327947276228116e+01
3.238327947276228258e+01
3.248327947276228400e+01
3.258327947276228542e+01
3.268327947276228684e+01
3.278327947276228826e+01
3.288327947276228969e+01
3.298327947276229111e+01
3.308327947276229253e+01
3.318327947276229395e+01
3.328327947276229537e+01
3.338327947276229679e+01
3.348327947276229821e+01
3.358327947276229963e+01
3.368327947276230105e+01
3.378327947276230248e+01
3.388327947276230390e+01
3.398327947276230532e+01
3.408327947276230674e+01
3.418327947276230816e+01
3.428327947276230958e+01
3.438327947276231100e+01
3.448327947276231242e+01
3.458327947276231384e+01
3.468327947276231527e+01
3.478327947276231669e+01
3.488327947276231811e+01
3.498327947276231953e+01
3.508327947276232095e+01
3.518327947276232237e+01
3.528327947276232379e+01
3.538327947276232521e+01
3.548327947276232663e+01
3.558327947276232806e+01
3.568327947276232948e+01
3.578327947276233090e+01
3.588327947276233232e+01
3.598327947276233374e+01
3.608327947276233516e+01
3.618327947276233658e+01
3.628327947276233800e+01
3.638327947276233942e+01
3.648327947276234084e+01
3.658327947276234227e+01
3.668327947276234369e+01
3.678327947276234511e+01
3.688327947276234653e+01
3.698327947276234795e+01
3.708327947276234937e+01
3.718327947276235079e+01
3.728327947276235221e+01
3.738327947276235363e+01
3.748327947276235506e+01
3.758327947276235648e+01
3.768327947276235790e+01
3.778327947276235932e+01
3.788327947276236074e+01
3.798327947276236216e+01
3.808327947276236358e+01
3.818327947276236500e+01
3.828327947276236642e+01
3.838327947276236785e+01
3.848327947276236927e+01
3.858327947276237069e+01
3.868327947276237211e+01
3.878327947276237353e+01
3.888327947276237495e+01
3.898327947276237637e+01
3.908327947276237779e+01
3.918327947276237921e+01
3.928327947276238064e+01
3.938327947276238206e+01
3.948327947276238348e+01
3.958327947276238490e+01
3.968327947276238632e+01
3.978327947276238774e+01
3.988327947276238916e+01
3.998327947276239058e+01
4.008327947276239200e+01
4.018327947276239343e+01
4.028327947276239485e+01
4.038327947276239627e+01
4.048327947276239769e+01
4.058327947276239911e+01
4.068327947276240053e+01
4.078327947276240195e+01
4.088327947276240337e+01
4.098327947276240479e+01
4.108327947276240621e+01
4.118327947276240764e+01
4.128327947276240906e+01
4.138327947276241048e+01
4.148327947276241190e+01
4.158327947276241332e+01
4.168327947276241474e+01
4.178327947276241616e+01
4.188327947276241758e+01
4.198327947276241900e+01
4.208327947276242043e+01
4.218327947276242185e+01
4.228327947276242327e+01
4.238327947276242469e+01
4.248327947276242611e+01
4.258327947276242753e+01
4.268327947276242895e+01
4.278327947276243037e+01
4.288327947276243179e+01
4.298327947276243322e+01
4.308327947276243464e+01
4.318327947276243606e+01
4.328327947276243748e+01
4.338327947276243890e+01
4.348327947276244032e+01
4.358327947276244174e+01
4.368327947276244316e+01
4.378327947276244458e+01
4.388327947276244601e+01
4.398327947276244743e+01
4.408327947276244885e+01
4.418327947276245027e+01
4.428327947276245169e+01
4.438327947276245311e+01
4.448327947276245453e+01
4.458327947276245595e+01
4.468327947276245737e+01
4.478327947276245879e+01
4.488327947276246022e+01
4.498327947276246164e+01
4.508327947276246306e+01
4.518327947276246448e+01
4.528327947276246590e+01
4.538327947276246732e+01
4.548327947276246874e+01
4.558327947276247016e+01
4.568327947276247158e+01
4.578327947276247301e+01
4.588327947276247443e+01
4.598327947276247585e+01
4.608327947276247727e+01
4.618327947276247869e+01
4.628327947276248011e+01
4.638327947276248153e+01
4.648327947276248295e+01
4.658327947276248437e+01
4.668327947276248580e+01
4.678327947276248722e+01
4.688327947276248864e+01
4.698327947276249006e+01
4.708327947276249148e+01
4.718327947276249290e+01
4.728327947276249432e+01
4.738327947276249574e+01
4.748327947276249716e+01
4.758327947276249859e+01
4.768327947276250001e+01
4.778327947276250143e+01
4.788327947276250285e+01
4.798327947276250427e+01
4.808327947276250569e+01
4.818327947276250711e+01
4.828327947276250853e+01
4.838327947276250995e+01
4.848327947276251138e+01
4.858327947276251280e+01
4.868327947276251422e+01
4.878327947276251564e+01
4.888327947276251706e+01
4.898327947276251848e+01
4.908327947276251990e+01
4.918327947276252132e+01
4.928327947276252274e+01
4.938327947276252416e+01
4.948327947276252559e+01
4.958327947276252701e+01
4.968327947276252843e+01
4.978327947276252985e+01
4.988327947276253127e+01
4.998327947276253269e+01
5.008327947276253411e+01
5.018327947276253553e+01
5.028327947276253695e+01
5.038327947276253838e+01
5.048327947276253980e+01
5.058327947276254122e+01
5.068327947276254264e+01
5.078327947276254406e+01
5.088327947276254548e+01
5.098327947276254690e+01
5.108327947276254832e+01
5.118327947276254974e+01
5.128327947276255117e+01
5.138327947276255259e+01
5.148327947276255401e+01
5.158327947276255543e+01
5.168327947276255685e+01
5.178327947276255827e+01
5.188327947276255969e+01
5.198327947276256111e+01
5.208327947276256253e+01
5.218327947276256396e+01
5.228327947276256538e+01
5.238327947276256680e+01
5.248327947276256822e+01
5.258327947276256964e+01
5.268327947276257106e+01
5.278327947276257248e+01
5.288327947276257390e+01
5.298327947276257532e+01
5.308327947276257675e+01
5.318327947276257817e+01
5.328327947276257959e+01
5.338327947276258101e+01
5.348327947276258243e+01
5.358327947276258385e+01
5.368327947276258527e+01
5.378327947276258669e+01
5.388327947276258811e+01
5.398327947276258953e+01
5.408327947276259096e+01
5.418327947276259238e+01
5.428327947276259380e+01
5.438327947276259522e+01
5.448327947276259664e+01
5.458327947276259806e+01
5.468327947276259948e+01
5.478327947276260090e+01
5.488327947276260232e+01
5.498327947276260375e+01
5.508327947276260517e+01
5.518327947276260659e+01
5.528327947276260801e+01
5.538327947276260943e+01
5.548327947276261085e+01
5.558327947276261227e+01
5.568327947276261369e+01
5.578327947276261511e+01
5.588327947276261654e+01
5.598327947276261796e+01
5.608327947276261938e+01
5.618327947276262080e+01
5.628327947276262222e+01
5.638327947276262364e+01
5.648327947276262506e+01
5.658327947276262648e+01
5.668327947276262790e+01
5.678327947276262933e+01
5.688327947276263075e+01
5.698327947276263217e+01
5.708327947276263359e+01
5.718327947276263501e+01
5.728327947276263643e+01
5.738327947276263785e+01
5.748327947276263927e+01
5.758327947276264069e+01
5.768327947276264211e+01
5.778327947276264354e+01
5.788327947276264496e+01
5.798327947276264638e+01
5.808327947276264780e+01
5.818327947276264922e+01
5.828327947276265064e+01
5.838327947276265206e+01
5.848327947276265348e+01
5.858327947276265490e+01
5.868327947276265633e+01
5.878327947276265775e+01
5.888327947276265917e+01
5.898327947276266059e+01
5.908327947276266201e+01
5.918327947276266343e+01
5.928327947276266485e+01
5.938327947276266627e+01
5.948327947276266769e+01
5.958327947276266912e+01
5.968327947276267054e+01
5.978327947276267196e+01
5.988327947276267338e+01
5.998327947276267480e+01
6.008327947276267622e+01
6.018327947276267764e+01
6.028327947276267906e+01
6.038327947276268048e+01
6.048327947276268191e+01
6.058327947276268333e+01
6.068327947276268475e+01
6.078327947276268617e+01
6.088327947276268759e+01
6.098327947276268901e+01
6.108327947276269043e+01
6.118327947276269185e+01
6.128327947276269327e+01
6.138327947276269470e+01
6.148327947276269612e+01
6.158327947276269754e+01
6.168327947276269896e+01
6.178327947276270038e+01
6.188327947276270180e+01
6.198327947276270322e+01
6.208327947276270464e+01
6.218327947276270606e+01
6.228327947276270748e+01
6.238327947276270891e+01
6.248327947276271033e+01
6.258327947276271175e+01
6.268327947276271317e+01
6.278327947276271459e+01
6.288327947276271601e+01
6.298327947276271743e+01
6.308327947276271885e+01
6.318327947276272027e+01
6.328327947276272170e+01
6.338327947276272312e+01
6.348327947276272454e+01
6.358327947276272596e+01
6.368327947276272738e+01
6.378327947276272880e+01
6.388327947276273022e+01
6.398327947276273164e+01
6.408327947276272596e+01
6.418327947276272027e+01
6.428327947276271459e+01
6.438327947276270891e+01
6.448327947276270322e+01
6.458327947276269754e+01
6.468327947276269185e+01
6.478327947276268617e+01
6.488327947276268048e+01
6.498327947276267480e+01
6.508327947276266912e+01
6.518327947276266343e+01
6.528327947276265775e+01
6.538327947276265206e+01
6.548327947276264638e+01
6.558327947276264069e+01
6.568327947276263501e+01
6.578327947276262933e+01
6.588327947276262364e+01
6.598327947276261796e+01
6.608327947276261227e+01
6.618327947276260659e+01
6.628327947276260090e+01
6.638327947276259522e+01
6.648327947276258953e+01
6.658327947276258385e+01
6.668327947276257817e+01
6.678327947276257248e+01
6.688327947276256680e+01
6.698327947276256111e+01
6.708327947276255543e+01
6.718327947276254974e+01
6.728327947276254406e+01
6.738327947276253838e+01
6.748327947276253269e+01
6.758327947276252701e+01
6.768327947276252132e+01
6.778327947276251564e+01
6.788327947276250995e+01
6.798327947276250427e+01
6.808327947276249859e+01
6.818327947276249290e+01
6.828327947276248722e+01
6.838327947276248153e+01
6.848327947276247585e+01
6.858327947276247016e+01
6.868327947276246448e+01
6.878327947276245879e+01
6.888327947276245311e+01
6.898327947276244743e+01
6.908327947276244174e+01
6.918327947276243606e+01
6.928327947276243037e+01
6.938327947276242469e+01
6.948327947276241900e+01
6.958327947276241332e+01
6.968327947276240764e+01
6.978327947276240195e+01
6.988327947276239627e+01
6.998327947276239058e+01
7.008327947276238490e+01
7.018327947276237921e+01
7.028327947276237353e+01
7.038327947276236785e+01
7.048327947276236216e+01
7.058327947276235648e+01
7.068327947276235079e+01
7.078327947276234511e+01
7.088327947276233942e+01
7.098327947276233374e+01
7.108327947276232806e+01
7.118327947276232237e+01
7.128327947276231669e+01
7.138327947276231100e+01
7.148327947276230532e+01
7.158327947276229963e+01
7.168327947276229395e+01
7.178327947276228826e+01
7.188327947276228258e+01
7.198327947276227690e+01
7.208327947276227121e+01
7.218327947276226553e+01
7.228327947276225984e+01
7.238327947276225416e+01
7.248327947276224847e+01
7.258327947276224279e+01
7.268327947276223711e+01
7.278327947276223142e+01
7.288327947276222574e+01
7.298327947276222005e+01
7.308327947276221437e+01
7.318327947276220868e+01
7.328327947276220300e+01
7.338327947276219732e+01
7.348327947276219163e+01
7.358327947276218595e+01
7.368327947276218026e+01
7.378327947276217458e+01
7.388327947276216889e+01
7.398327947276216321e+01
7.408327947276215752e+01
7.418327947276215184e+01
7.428327947276214616e+01
7.438327947276214047e+01
7.448327947276213479e+01
7.458327947276212910e+01
7.468327947276212342e+01
7.478327947276211773e+01
7.488327947276211205e+01
7.498327947276210637e+01
7.508327947276210068e+01
7.518327947276209500e+01
7.528327947276208931e+01
7.538327947276208363e+01
7.548327947276207794e+01
7.558327947276207226e+01
7.568327947276206658e+01
7.578327947276206089e+01
7.588327947276205521e+01
7.598327947276204952e+01
7.608327947276204384e+01
7.618327947276203815e+01
7.628327947276203247e+01
7.638327947276202678e+01
7.648327947276202110e+01
7.658327947276201542e+01
7.668327947276200973e+01
7.678327947276200405e+01
7.688327947276199836e+01
7.698327947276199268e+01
7.708327947276198699e+01
7.718327947276198131e+01
7.728327947276197563e+01
7.738327947276196994e+01
7.748327947276196426e+01
7.758327947276195857e+01
7.768327947276195289e+01
7.778327947276194720e+01
7.788327947276194152e+01
7.798327947276193584e+01
7.808327947276193015e+01
7.818327947276192447e+01
7.828327947276191878e+01
7.838327947276191310e+01
7.848327947276190741e+01
7.858327947276190173e+01
7.868327947276189605e+01
7.878327947276189036e+01
7.888327947276188468e+01
7.898327947276187899e+01
7.908327947276187331e+01
7.918327947276186762e+01
7.928327947276186194e+01
7.938327947276185625e+01
7.948327947276185057e+01
7.958327947276184489e+01
7.968327947276183920e+01
7.978327947276183352e+01
7.988327947276182783e+01
7.998327947276182215e+01
8.008327947276181646e+01
8.018327947276181078e+01
8.028327947276180510e+01
8.038327947276179941e+01
8.048327947276179373e+01
8.058327947276178804e+01
8.068327947276178236e+01
8.078327947276177667e+01
8.088327947276177099e+01
8.098327947276176531e+01
8.108327947276175962e+01
8.118327947276175394e+01
8.128327947276174825e+01
8.138327947276174257e+01
8.148327947276173688e+01
8.158327947276173120e+01
8.168327947276172551e+01
8.178327947276171983e+01
8.188327947276171415e+01
8.198327947276170846e+01
8.208327947276170278e+01
8.218327947276169709e+01
8.228327947276169141e+01
8.238327947276168572e+01
8.248327947276168004e+01
8.258327947276167436e+01
8.268327947276166867e+01
8.278327947276166299e+01
8.288327947276165730e+01
8.298327947276165162e+01
8.308327947276164593e+01
8.318327947276164025e+01
8.328327947276163457e+01
8.338327947276162888e+01
8.348327947276162320e+01
8.358327947276161751e+01
8.368327947276161183e+01
8.378327947276160614e+01
8.388327947276160046e+01
8.398327947276159477e+01
8.408327947276158909e+01
8.418327947276158341e+01
8.428327947276157772e+01
8.438327947276157204e+01
8.448327947276156635e+01
8.458327947276156067e+01
8.468327947276155498e+01
8.478327947276154930e+01
8.488327947276154362e+01
8.498327947276153793e+01
8.508327947276153225e+01
8.518327947276152656e+01
8.528327947276152088e+01
8.538327947276151519e+01
8.548327947276150951e+01
8.558327947276150383e+01
8.568327947276149814e+01
8.578327947276149246e+01
8.588327947276148677e+01
8.598327947276148109e+01
8.608327947276147540e+01
8.618327947276146972e+01
8.628327947276146404e+01
8.638327947276145835e+01
8.648327947276145267e+01
8.658327947276144698e+01
8.668327947276144130e+01
8.678327947276143561e+01
8.688327947276142993e+01
8.698327947276142424e+01
8.708327947276141856e+01
8.718327947276141288e+01
8.728327947276140719e+01
8.738327947276140151e+01
8.748327947276139582e+01
8.758327947276139014e+01
8.768327947276138445e+01
8.778327947276137877e+01
8.788327947276137309e+01
8.798327947276136740e+01
8.808327947276136172e+01
8.818327947276135603e+01
8.828327947276135035e+01
8.838327947276134466e+01
8.848327947276133898e+01
8.858327947276133330e+01
8.868327947276132761e+01
8.878327947276132193e+01
8.888327947276131624e+01
8.898327947276131056e+01
8.908327947276130487e+01
8.918327947276129919e+01
8.928327947276129350e+01
8.938327947276128782e+01
8.948327947276128214e+01
8.958327947276127645e+01
8.968327947276127077e+01
8.978327947276126508e+01
8.988327947276125940e+01
8.998327947276125371e+01
9.008327947276124803e+01
9.018327947276124235e+01
9.028327947276123666e+01
9.038327947276123098e+01
9.048327947276122529e+01
9.058327947276121961e+01
9.068327947276121392e+01
9.078327947276120824e+01
9.088327947276120256e+01
9.098327947276119687e+01
9.108327947276119119e+01
9.118327947276118550e+01
9.128327947276117982e+01
9.138327947276117413e+01
9.148327947276116845e+01
9.158327947276116276e+01
9.168327947276115708e+01
9.178327947276115140e+01
9.188327947276114571e+01
9.198327947276114003e+01
9.208327947276113434e+01
9.218327947276112866e+01
9.228327947276112297e+01
9.238327947276111729e+01
9.248327947276111161e+01
9.258327947276110592e+01
9.268327947276110024e+01
9.278327947276109455e+01
9.288327947276108887e+01
9.298327947276108318e+01
9.308327947276107750e+01
9.318327947276107182e+01
9.328327947276106613e+01
9.338327947276106045e+01
9.348327947276105476e+01
9.358327947276104908e+01
9.368327947276104339e+01
9.378327947276103771e+01
9.388327947276103203e+01
9.398327947276102634e+01
9.408327947276102066e+01
9.418327947276101497e+01
9.428327947276100929e+01
9.438327947276100360e+01
9.448327947276099792e+01
9.458327947276099223e+01
9.468327947276098655e+01
9.478327947276098087e+01
9.488327947276097518e+01
9.498327947276096950e+01
9.508327947276096381e+01
9.518327947276095813e+01
9.528327947276095244e+01
9.538327947276094676e+01
9.548327947276094108e+01
9.558327947276093539e+01
9.568327947276092971e+01
9.578327947276092402e+01
9.588327947276091834e+01
9.598327947276091265e+01
9.608327947276090697e+01
9.618327947276090129e+01
9.628327947276089560e+01
9.638327947276088992e+01
9.648327947276088423e+01
9.658327947276087855e+01
9.668327947276087286e+01
9.678327947276086718e+01
9.688327947276086149e+01
9.698327947276085581e+01
9.708327947276085013e+01
9.718327947276084444e+01
9.728327947276083876e+01
9.738327947276083307e+01
9.748327947276082739e+01
9.758327947276082170e+01
9.768327947276081602e+01
9.778327947276081034e+01
9.788327947276080465e+01
9.798327947276079897e+01
9.808327947276079328e+01
9.818327947276078760e+01
9.828327947276078191e+01
9.838327947276077623e+01
9.848327947276077055e+01
9.858327947276076486e+01
9.868327947276075918e+01
9.878327947276075349e+01
9.888327947276074781e+01
9.898327947276074212e+01
9.908327947276073644e+01
9.918327947276073075e+01
9.928327947276072507e+01
9.938327947276071939e+01
9.948327947276071370e+01
9.958327947276070802e+01
9.968327947276070233e+01
9.978327947276069665e+01
9.988327947276069096e+01
9.998327947276068528e+01
1.000000000000000000e+02
