-1.000000000000000000e+02
-9.992595615160051636e+01
-9.982595615160052205e+01
-9.972595615160052773e+01
-9.962595615160053342e+01
-9.952595615160053910e+01
-9.942595615160054479e+01
-9.932595615160055047e+01
-9.922595615160055615e+01
-9.912595615160056184e+01
-9.902595615160056752e+01
-9.892595615160057321e+01
-9.882595615160057889e+01
-9.872595615160058458e+01
-9.862595615160059026e+01
-9.852595615160059594e+01
-9.842595615160060163e+01
-9.832595615160060731e+01
-9.822595615160061300e+01
-9.812595615160061868e+01
-9.802595615160062437e+01
-9.792595615160063005e+01
-9.782595615160063574e+01
-9.772595615160064142e+01
-9.762595615160064710e+01
-9.752595615160065279e+01
-9.742595615160065847e+01
-9.732595615160066416e+01
-9.722595615160066984e+01
-9.712595615160067553e+01
-9.702595615160068121e+01
-9.692595615160068689e+01
-9.682595615160069258e+01
-9.672595615160069826e+01
-9.662595615160070395e+01
-9.652595615160070963e+01
-9.642595615160071532e+01
-9.632595615160072100e+01
-9.622595615160072668e+01
-9.612595615160073237e+01
-9.602595615160073805e+01
-9.592595615160074374e+01
-9.582595615160074942e+01
-9.572595615160075511e+01
-9.562595615160076079e+01
-9.552595615160076647e+01
-9.542595615160077216e+01
-9.532595615160077784e+01
-9.522595615160078353e+01
-9.512595615160078921e+01
-9.502595615160079490e+01
-9.492595615160080058e+01
-9.482595615160080627e+01
-9.472595615160081195e+01
-9.462595615160081763e+01
-9.452595615160082332e+01
-9.442595615160082900e+01
-9.432595615160083469e+01
-9.422595615160084037e+01
-9.412595615160084606e+01
-9.402595615160085174e+01
-9.392595615160085742e+01
-9.382595615160086311e+01
-9.372595615160086879e+01
-9.362595615160087448e+01
-9.352595615160088016e+01
-9.342595615160088585e+01
-9.332595615160089153e+01
-9.322595615160089721e+01
-9.312595615160090290e+01
-9.302595615160090858e+01
-9.292595615160091427e+01
-9.282595615160091995e+01
-9.272595615160092564e+01
-9.262595615160093132e+01
-9.252595615160093701e+01
-9.242595615160094269e+01
-9.232595615160094837e+01
-9.222595615160095406e+01
-9.212595615160095974e+01
-9.202595615160096543e+01
-9.192595615160097111e+01
-9.182595615160097680e+01
-9.172595615160098248e+01
-9.162595615160098816e+01
-9.152595615160099385e+01
-9.142595615160099953e+01
-9.132595615160100522e+01
-9.122595615160101090e+01
-9.112595615160101659e+01
-9.102595615160102227e+01
-9.092595615160102795e+01
-9.082595615160103364e+01
-9.072595615160103932e+01
-9.062595615160104501e+01
-9.052595615160105069e+01
-9.042595615160105638e+01
-9.032595615160106206e+01
-9.022595615160106775e+01
-9.012595615160107343e+01
-9.002595615160107911e+01
-8.992595615160108480e+01
-8.982595615160109048e+01
-8.972595615160109617e+01
-8.962595615160110185e+01
-8.952595615160110754e+01
-8.942595615160111322e+01
-8.932595615160111890e+01
-8.922595615160112459e+01
-8.912595615160113027e+01
-8.902595615160113596e+01
-8.892595615160114164e+01
-8.882595615160114733e+01
-8.872595615160115301e+01
-8.862595615160115869e+01
-8.852595615160116438e+01
-8.842595615160117006e+01
-8.832595615160117575e+01
-8.822595615160118143e+01
-8.812595615160118712e+01
-8.802595615160119280e+01
-8.792595615160119848e+01
-8.782595615160120417e+01
-8.772595615160120985e+01
-8.762595615160121554e+01
-8.752595615160122122e+01
-8.742595615160122691e+01
-8.732595615160123259e+01
-8.722595615160123828e+01
-8.712595615160124396e+01
-8.702595615160124964e+01
-8.692595615160125533e+01
-8.682595615160126101e+01
-8.672595615160126670e+01
-8.662595615160127238e+01
-8.652595615160127807e+01
-8.642595615160128375e+01
-8.632595615160128943e+01
-8.622595615160129512e+01
-8.612595615160130080e+01
-8.602595615160130649e+01
-8.592595615160131217e+01
-8.582595615160131786e+01
-8.572595615160132354e+01
-8.562595615160132922e+01
-8.552595615160133491e+01
-8.542595615160134059e+01
-8.532595615160134628e+01
-8.522595615160135196e+01
-8.512595615160135765e+01
-8.502595615160136333e+01
-8.492595615160136902e+01
-8.482595615160137470e+01
-8.472595615160138038e+01
-8.462595615160138607e+01
-8.452595615160139175e+01
-8.442595615160139744e+01
-8.432595615160140312e+01
-8.422595615160140881e+01
-8.412595615160141449e+01
-8.402595615160142017e+01
-8.392595615160142586e+01
-8.382595615160143154e+01
-8.372595615160143723e+01
-8.362595615160144291e+01
-8.352595615160144860e+01
-8.342595615160145428e+01
-8.332595615160145996e+01
-8.322595615160146565e+01
-8.312595615160147133e+01
-8.302595615160147702e+01
-8.292595615160148270e+01
-8.282595615160148839e+01
-8.272595615160149407e+01
-8.262595615160149976e+01
-8.252595615160150544e+01
-8.242595615160151112e+01
-8.232595615160151681e+01
-8.222595615160152249e+01
-8.212595615160152818e+01
-8.202595615160153386e+01
-8.192595615160153955e+01
-8.182595615160154523e+01
-8.172595615160155091e+01
-8.162595615160155660e+01
-8.152595615160156228e+01
-8.142595615160156797e+01
-8.132595615160157365e+01
-8.122595615160157934e+01
-8.112595615160158502e+01
-8.102595615160159070e+01
-8.092595615160159639e+01
-8.082595615160160207e+01
-8.072595615160160776e+01
-8.062595615160161344e+01
-8.052595615160161913e+01
-8.042595615160162481e+01
-8.032595615160163049e+01
-8.022595615160163618e+01
-8.012595615160164186e+01
-8.002595615160164755e+01
-7.992595615160165323e+01
-7.982595615160165892e+01
-7.972595615160166460e+01
-7.962595615160167029e+01
-7.952595615160167597e+01
-7.942595615160168165e+01
-7.932595615160168734e+01
-7.922595615160169302e+01
-7.912595615160169871e+01
-7.902595615160170439e+01
-7.892595615160171008e+01
-7.882595615160171576e+01
-7.872595615160172144e+01
-7.862595615160172713e+01
-7.852595615160173281e+01
-7.842595615160173850e+01
-7.832595615160174418e+01
-7.822595615160174987e+01
-7.812595615160175555e+01
-7.802595615160176123e+01
-7.792595615160176692e+01
-7.782595615160177260e+01
-7.772595615160177829e+01
-7.762595615160178397e+01
-7.752595615160178966e+01
-7.742595615160179534e+01
-7.732595615160180103e+01
-7.722595615160180671e+01
-7.712595615160181239e+01
-7.702595615160181808e+01
-7.692595615160182376e+01
-7.682595615160182945e+01
-7.672595615160183513e+01
-7.662595615160184082e+01
-7.652595615160184650e+01
-7.642595615160185218e+01
-7.632595615160185787e+01
-7.622595615160186355e+01
-7.612595615160186924e+01
-7.602595615160187492e+01
-7.592595615160188061e+01
-7.582595615160188629e+01
-7.572595615160189197e+01
-7.562595615160189766e+01
-7.552595615160190334e+01
-7.542595615160190903e+01
-7.532595615160191471e+01
-7.522595615160192040e+01
-7.512595615160192608e+01
-7.502595615160193177e+01
-7.492595615160193745e+01
-7.482595615160194313e+01
-7.472595615160194882e+01
-7.462595615160195450e+01
-7.452595615160196019e+01
-7.442595615160196587e+01
-7.432595615160197156e+01
-7.422595615160197724e+01
-7.412595615160198292e+01
-7.402595615160198861e+01
-7.392595615160199429e+01
-7.382595615160199998e+01
-7.372595615160200566e+01
-7.362595615160201135e+01
-7.352595615160201703e+01
-7.342595615160202271e+01
-7.332595615160202840e+01
-7.322595615160203408e+01
-7.312595615160203977e+01
-7.302595615160204545e+01
-7.292595615160205114e+01
-7.282595615160205682e+01
-7.272595615160206250e+01
-7.262595615160206819e+01
-7.252595615160207387e+01
-7.242595615160207956e+01
-7.232595615160208524e+01
-7.222595615160209093e+01
-7.212595615160209661e+01
-7.202595615160210230e+01
-7.192595615160210798e+01
-7.182595615160211366e+01
-7.172595615160211935e+01
-7.162595615160212503e+01
-7.152595615160213072e+01
-7.142595615160213640e+01
-7.132595615160214209e+01
-7.122595615160214777e+01
-7.112595615160215345e+01
-7.102595615160215914e+01
-7.092595615160216482e+01
-7.082595615160217051e+01
-7.072595615160217619e+01
-7.062595615160218188e+01
-7.052595615160218756e+01
-7.042595615160219324e+01
-7.032595615160219893e+01
-7.022595615160220461e+01
-7.012595615160221030e+01
-7.002595615160221598e+01
-6.992595615160222167e+01
-6.982595615160222735e+01
-6.972595615160223304e+01
-6.962595615160223872e+01
-6.952595615160224440e+01
-6.942595615160225009e+01
-6.932595615160225577e+01
-6.922595615160226146e+01
-6.912595615160226714e+01
-6.902595615160227283e+01
-6.892595615160227851e+01
-6.882595615160228419e+01
-6.872595615160228988e+01
-6.862595615160229556e+01
-6.852595615160230125e+01
-6.842595615160230693e+01
-6.832595615160231262e+01
-6.822595615160231830e+01
-6.812595615160232398e+01
-6.802595615160232967e+01
-6.792595615160233535e+01
-6.782595615160234104e+01
-6.772595615160234672e+01
-6.762595615160235241e+01
-6.752595615160235809e+01
-6.742595615160236378e+01
-6.732595615160236946e+01
-6.722595615160237514e+01
-6.712595615160238083e+01
-6.702595615160238651e+01
-6.692595615160239220e+01
-6.682595615160239788e+01
-6.672595615160240357e+01
-6.662595615160240925e+01
-6.652595615160241493e+01
-6.642595615160242062e+01
-6.632595615160242630e+01
-6.622595615160243199e+01
-6.612595615160243767e+01
-6.602595615160244336e+01
-6.592595615160244904e+01
-6.582595615160245472e+01
-6.572595615160246041e+01
-6.562595615160246609e+01
-6.552595615160247178e+01
-6.542595615160247746e+01
-6.532595615160248315e+01
-6.522595615160248883e+01
-6.512595615160249451e+01
-6.502595615160250020e+01
-6.492595615160250588e+01
-6.482595615160251157e+01
-6.472595615160251725e+01
-6.462595615160252294e+01
-6.452595615160252862e+01
-6.442595615160253431e+01
-6.432595615160253999e+01
-6.422595615160254567e+01
-6.412595615160255136e+01
-6.402595615160255704e+01
-6.392595615160255562e+01
-6.382595615160255420e+01
-6.372595615160255278e+01
-6.362595615160255136e+01
-6.352595615160254994e+01
-6.342595615160254852e+01
-6.332595615160254710e+01
-6.322595615160254567e+01
-6.312595615160254425e+01
-6.302595615160254283e+01
-6.292595615160254141e+01
-6.282595615160253999e+01
-6.272595615160253857e+01
-6.262595615160253715e+01
-6.252595615160253573e+01
-6.242595615160253431e+01
-6.232595615160253288e+01
-6.222595615160253146e+01
-6.212595615160253004e+01
-6.202595615160252862e+01
-6.192595615160252720e+01
-6.182595615160252578e+01
-6.172595615160252436e+01
-6.162595615160252294e+01
-6.152595615160252152e+01
-6.142595615160252009e+01
-6.132595615160251867e+01
-6.122595615160251725e+01
-6.112595615160251583e+01
-6.102595615160251441e+01
-6.092595615160251299e+01
-6.082595615160251157e+01
-6.072595615160251015e+01
-6.062595615160250873e+01
-6.052595615160250730e+01
-6.042595615160250588e+01
-6.032595615160250446e+01
-6.022595615160250304e+01
-6.012595615160250162e+01
-6.002595615160250020e+01
-5.992595615160249878e+01
-5.982595615160249736e+01
-5.972595615160249594e+01
-5.962595615160249451e+01
-5.952595615160249309e+01
-5.942595615160249167e+01
-5.932595615160249025e+01
-5.922595615160248883e+01
-5.912595615160248741e+01
-5.902595615160248599e+01
-5.892595615160248457e+01
-5.882595615160248315e+01
-5.872595615160248173e+01
-5.862595615160248030e+01
-5.852595615160247888e+01
-5.842595615160247746e+01
-5.832595615160247604e+01
-5.822595615160247462e+01
-5.812595615160247320e+01
-5.802595615160247178e+01
-5.792595615160247036e+01
-5.782595615160246894e+01
-5.772595615160246751e+01
-5.762595615160246609e+01
-5.752595615160246467e+01
-5.742595615160246325e+01
-5.732595615160246183e+01
-5.722595615160246041e+01
-5.712595615160245899e+01
-5.702595615160245757e+01
-5.692595615160245615e+01
-5.682595615160245472e+01
-5.672595615160245330e+01
-5.662595615160245188e+01
-5.652595615160245046e+01
-5.642595615160244904e+01
-5.632595615160244762e+01
-5.622595615160244620e+01
-5.612595615160244478e+01
-5.602595615160244336e+01
-5.592595615160244193e+01
-5.582595615160244051e+01
-5.572595615160243909e+01
-5.562595615160243767e+01
-5.552595615160243625e+01
-5.542595615160243483e+01
-5.532595615160243341e+01
-5.522595615160243199e+01
-5.512595615160243057e+01
-5.502595615160242914e+01
-5.492595615160242772e+01
-5.482595615160242630e+01
-5.472595615160242488e+01
-5.462595615160242346e+01
-5.452595615160242204e+01
-5.442595615160242062e+01
-5.432595615160241920e+01
-5.422595615160241778e+01
-5.412595615160241636e+01
-5.402595615160241493e+01
-5.392595615160241351e+01
-5.382595615160241209e+01
-5.372595615160241067e+01
-5.362595615160240925e+01
-5.352595615160240783e+01
-5.342595615160240641e+01
-5.332595615160240499e+01
-5.322595615160240357e+01
-5.312595615160240214e+01
-5.302595615160240072e+01
-5.292595615160239930e+01
-5.282595615160239788e+01
-5.272595615160239646e+01
-5.262595615160239504e+01
-5.252595615160239362e+01
-5.242595615160239220e+01
-5.232595615160239078e+01
-5.222595615160238935e+01
-5.212595615160238793e+01
-5.202595615160238651e+01
-5.192595615160238509e+01
-5.182595615160238367e+01
-5.172595615160238225e+01
-5.162595615160238083e+01
-5.152595615160237941e+01
-5.142595615160237799e+01
-5.132595615160237656e+01
-5.122595615160237514e+01
-5.112595615160237372e+01
-5.102595615160237230e+01
-5.092595615160237088e+01
-5.082595615160236946e+01
-5.072595615160236804e+01
-5.062595615160236662e+01
-5.052595615160236520e+01
-5.042595615160236378e+01
-5.032595615160236235e+01
-5.022595615160236093e+01
-5.012595615160235951e+01
-5.002595615160235809e+01
-4.992595615160235667e+01
-4.982595615160235525e+01
-4.972595615160235383e+01
-4.962595615160235241e+01
-4.952595615160235099e+01
-4.942595615160234956e+01
-4.932595615160234814e+01
-4.922595615160234672e+01
-4.912595615160234530e+01
-4.902595615160234388e+01
-4.892595615160234246e+01
-4.882595615160234104e+01
-4.872595615160233962e+01
-4.862595615160233820e+01
-4.852595615160233677e+01
-4.842595615160233535e+01
-4.832595615160233393e+01
-4.822595615160233251e+01
-4.812595615160233109e+01
-4.802595615160232967e+01
-4.792595615160232825e+01
-4.782595615160232683e+01
-4.772595615160232541e+01
-4.762595615160232398e+01
-4.752595615160232256e+01
-4.742595615160232114e+01
-4.732595615160231972e+01
-4.722595615160231830e+01
-4.712595615160231688e+01
-4.702595615160231546e+01
-4.692595615160231404e+01
-4.682595615160231262e+01
-4.672595615160231119e+01
-4.662595615160230977e+01
-4.652595615160230835e+01
-4.642595615160230693e+01
-4.632595615160230551e+01
-4.622595615160230409e+01
-4.612595615160230267e+01
-4.602595615160230125e+01
-4.592595615160229983e+01
-4.582595615160229841e+01
-4.572595615160229698e+01
-4.562595615160229556e+01
-4.552595615160229414e+01
-4.542595615160229272e+01
-4.532595615160229130e+01
-4.522595615160228988e+01
-4.512595615160228846e+01
-4.502595615160228704e+01
-4.492595615160228562e+01
-4.482595615160228419e+01
-4.472595615160228277e+01
-4.462595615160228135e+01
-4.452595615160227993e+01
-4.442595615160227851e+01
-4.432595615160227709e+01
-4.422595615160227567e+01
-4.412595615160227425e+01
-4.402595615160227283e+01
-4.392595615160227140e+01
-4.382595615160226998e+01
-4.372595615160226856e+01
-4.362595615160226714e+01
-4.352595615160226572e+01
-4.342595615160226430e+01
-4.332595615160226288e+01
-4.322595615160226146e+01
-4.312595615160226004e+01
-4.302595615160225861e+01
-4.292595615160225719e+01
-4.282595615160225577e+01
-4.272595615160225435e+01
-4.262595615160225293e+01
-4.252595615160225151e+01
-4.242595615160225009e+01
-4.232595615160224867e+01
-4.222595615160224725e+01
-4.212595615160224582e+01
-4.202595615160224440e+01
-4.192595615160224298e+01
-4.182595615160224156e+01
-4.172595615160224014e+01
-4.162595615160223872e+01
-4.152595615160223730e+01
-4.142595615160223588e+01
-4.132595615160223446e+01
-4.122595615160223304e+01
-4.112595615160223161e+01
-4.102595615160223019e+01
-4.092595615160222877e+01
-4.082595615160222735e+01
-4.072595615160222593e+01
-4.062595615160222451e+01
-4.052595615160222309e+01
-4.042595615160222167e+01
-4.032595615160222025e+01
-4.022595615160221882e+01
-4.012595615160221740e+01
-4.002595615160221598e+01
-3.992595615160221456e+01
-3.982595615160221314e+01
-3.972595615160221172e+01
-3.962595615160221030e+01
-3.952595615160220888e+01
-3.942595615160220746e+01
-3.932595615160220603e+01
-3.922595615160220461e+01
-3.912595615160220319e+01
-3.902595615160220177e+01
-3.892595615160220035e+01
-3.882595615160219893e+01
-3.872595615160219751e+01
-3.862595615160219609e+01
-3.852595615160219467e+01
-3.842595615160219324e+01
-3.832595615160219182e+01
-3.822595615160219040e+01
-3.812595615160218898e+01
-3.802595615160218756e+01
-3.792595615160218614e+01
-3.782595615160218472e+01
-3.772595615160218330e+01
-3.762595615160218188e+01
-3.752595615160218046e+01
-3.742595615160217903e+01
-3.732595615160217761e+01
-3.722595615160217619e+01
-3.712595615160217477e+01
-3.702595615160217335e+01
-3.692595615160217193e+01
-3.682595615160217051e+01
-3.672595615160216909e+01
-3.662595615160216767e+01
-3.652595615160216624e+01
-3.642595615160216482e+01
-3.632595615160216340e+01
-3.622595615160216198e+01
-3.612595615160216056e+01
-3.602595615160215914e+01
-3.592595615160215772e+01
-3.582595615160215630e+01
-3.572595615160215488e+01
-3.562595615160215345e+01
-3.552595615160215203e+01
-3.542595615160215061e+01
-3.532595615160214919e+01
-3.522595615160214777e+01
-3.512595615160214635e+01
-3.502595615160214493e+01
-3.492595615160214351e+01
-3.482595615160214209e+01
-3.472595615160214066e+01
-3.462595615160213924e+01
-3.452595615160213782e+01
-3.442595615160213640e+01
-3.432595615160213498e+01
-3.422595615160213356e+01
-3.412595615160213214e+01
-3.402595615160213072e+01
-3.392595615160212930e+01
-3.382595615160212787e+01
-3.372595615160212645e+01
-3.362595615160212503e+01
-3.352595615160212361e+01
-3.342595615160212219e+01
-3.332595615160212077e+01
-3.322595615160211935e+01
-3.312595615160211793e+01
-3.302595615160211651e+01
-3.292595615160211509e+01
-3.282595615160211366e+01
-3.272595615160211224e+01
-3.262595615160211082e+01
-3.252595615160210940e+01
-3.242595615160210798e+01
-3.232595615160210656e+01
-3.222595615160210514e+01
-3.212595615160210372e+01
-3.202595615160210230e+01
-3.192595615160210087e+01
-3.182595615160209945e+01
-3.172595615160209803e+01
-3.162595615160209661e+01
-3.152595615160209519e+01
-3.142595615160209377e+01
-3.132595615160209235e+01
-3.122595615160209093e+01
-3.112595615160208951e+01
-3.102595615160208808e+01
-3.092595615160208666e+01
-3.082595615160208524e+01
-3.072595615160208382e+01
-3.062595615160208240e+01
-3.052595615160208098e+01
-3.042595615160207956e+01
-3.032595615160207814e+01
-3.022595615160207672e+01
-3.012595615160207529e+01
-3.002595615160207387e+01
-2.992595615160207245e+01
-2.982595615160207103e+01
-2.972595615160206961e+01
-2.962595615160206819e+01
-2.952595615160206677e+01
-2.942595615160206535e+01
-2.932595615160206393e+01
-2.922595615160206250e+01
-2.912595615160206108e+01
-2.902595615160205966e+01
-2.892595615160205824e+01
-2.882595615160205682e+01
-2.872595615160205540e+01
-2.862595615160205398e+01
-2.852595615160205256e+01
-2.842595615160205114e+01
-2.832595615160204972e+01
-2.822595615160204829e+01
-2.812595615160204687e+01
-2.802595615160204545e+01
-2.792595615160204403e+01
-2.782595615160204261e+01
-2.772595615160204119e+01
-2.762595615160203977e+01
-2.752595615160203835e+01
-2.742595615160203693e+01
-2.732595615160203550e+01
-2.722595615160203408e+01
-2.712595615160203266e+01
-2.702595615160203124e+01
-2.692595615160202982e+01
-2.682595615160202840e+01
-2.672595615160202698e+01
-2.662595615160202556e+01
-2.652595615160202414e+01
-2.642595615160202271e+01
-2.632595615160202129e+01
-2.622595615160201987e+01
-2.612595615160201845e+01
-2.602595615160201703e+01
-2.592595615160201561e+01
-2.582595615160201419e+01
-2.572595615160201277e+01
-2.562595615160201135e+01
-2.552595615160200992e+01
-2.542595615160200850e+01
-2.532595615160200708e+01
-2.522595615160200566e+01
-2.512595615160200424e+01
-2.502595615160200282e+01
-2.492595615160200140e+01
-2.482595615160199998e+01
-2.472595615160199856e+01
-2.462595615160199714e+01
-2.452595615160199571e+01
-2.442595615160199429e+01
-2.432595615160199287e+01
-2.422595615160199145e+01
-2.412595615160199003e+01
-2.402595615160198861e+01
-2.392595615160198719e+01
-2.382595615160198577e+01
-2.372595615160198435e+01
-2.362595615160198292e+01
-2.352595615160198150e+01
-2.342595615160198008e+01
-2.332595615160197866e+01
-2.322595615160197724e+01
-2.312595615160197582e+01
-2.302595615160197440e+01
-2.292595615160197298e+01
-2.282595615160197156e+01
-2.272595615160197013e+01
-2.262595615160196871e+01
-2.252595615160196729e+01
-2.242595615160196587e+01
-2.232595615160196445e+01
-2.222595615160196303e+01
-2.212595615160196161e+01
-2.202595615160196019e+01
-2.192595615160195877e+01
-2.182595615160195734e+01
-2.172595615160195592e+01
-2.162595615160195450e+01
-2.152595615160195308e+01
-2.142595615160195166e+01
-2.132595615160195024e+01
-2.122595615160194882e+01
-2.112595615160194740e+01
-2.102595615160194598e+01
-2.092595615160194455e+01
-2.082595615160194313e+01
-2.072595615160194171e+01
-2.062595615160194029e+01
-2.052595615160193887e+01
-2.042595615160193745e+01
-2.032595615160193603e+01
-2.022595615160193461e+01
-2.012595615160193319e+01
-2.002595615160193177e+01
-1.992595615160193034e+01
-1.982595615160192892e+01
-1.972595615160192750e+01
-1.962595615160192608e+01
-1.952595615160192466e+01
-1.942595615160192324e+01
-1.932595615160192182e+01
-1.922595615160192040e+01
-1.912595615160191898e+01
-1.902595615160191755e+01
-1.892595615160191613e+01
-1.882595615160191471e+01
-1.872595615160191329e+01
-1.862595615160191187e+01
-1.852595615160191045e+01
-1.842595615160190903e+01
-1.832595615160190761e+01
-1.822595615160190619e+01
-1.812595615160190476e+01
-1.802595615160190334e+01
-1.792595615160190192e+01
-1.782595615160190050e+01
-1.772595615160189908e+01
-1.762595615160189766e+01
-1.752595615160189624e+01
-1.742595615160189482e+01
-1.732595615160189340e+01
-1.722595615160189197e+01
-1.712595615160189055e+01
-1.702595615160188913e+01
-1.692595615160188771e+01
-1.682595615160188629e+01
-1.672595615160188487e+01
-1.662595615160188345e+01
-1.652595615160188203e+01
-1.642595615160188061e+01
-1.632595615160187918e+01
-1.622595615160187776e+01
-1.612595615160187634e+01
-1.602595615160187492e+01
-1.592595615160187528e+01
-1.582595615160187563e+01
-1.572595615160187599e+01
-1.562595615160187634e+01
-1.552595615160187670e+01
-1.542595615160187705e+01
-1.532595615160187741e+01
-1.522595615160187776e+01
-1.512595615160187812e+01
-1.502595615160187847e+01
-1.492595615160187883e+01
-1.482595615160187918e+01
-1.472595615160187954e+01
-1.462595615160187990e+01
-1.452595615160188025e+01
-1.442595615160188061e+01
-1.432595615160188096e+01
-1.422595615160188132e+01
-1.412595615160188167e+01
-1.402595615160188203e+01
-1.392595615160188238e+01
-1.382595615160188274e+01
-1.372595615160188309e+01
-1.362595615160188345e+01
-1.352595615160188380e+01
-1.342595615160188416e+01
-1.332595615160188451e+01
-1.322595615160188487e+01
-1.312595615160188522e+01
-1.302595615160188558e+01
-1.292595615160188594e+01
-1.282595615160188629e+01
-1.272595615160188665e+01
-1.262595615160188700e+01
-1.252595615160188736e+01
-1.242595615160188771e+01
-1.232595615160188807e+01
-1.222595615160188842e+01
-1.212595615160188878e+01
-1.202595615160188913e+01
-1.192595615160188949e+01
-1.182595615160188984e+01
-1.172595615160189020e+01
-1.162595615160189055e+01
-1.152595615160189091e+01
-1.142595615160189126e+01
-1.132595615160189162e+01
-1.122595615160189197e+01
-1.112595615160189233e+01
-1.102595615160189269e+01
-1.092595615160189304e+01
-1.082595615160189340e+01
-1.072595615160189375e+01
-1.062595615160189411e+01
-1.052595615160189446e+01
-1.042595615160189482e+01
-1.032595615160189517e+01
-1.022595615160189553e+01
-1.012595615160189588e+01
-1.002595615160189624e+01
-9.925956151601896593e+00
-9.825956151601896948e+00
-9.725956151601897304e+00
-9.625956151601897659e+00
-9.525956151601898014e+00
-9.425956151601898370e+00
-9.325956151601898725e+00
-9.225956151601899080e+00
-9.125956151601899435e+00
-9.025956151601899791e+00
-8.925956151601900146e+00
-8.825956151601900501e+00
-8.725956151601900856e+00
-8.625956151601901212e+00
-8.525956151601901567e+00
-8.425956151601901922e+00
-8.325956151601902278e+00
-8.225956151601902633e+00
-8.125956151601902988e+00
-8.025956151601903343e+00
-7.925956151601903699e+00
-7.825956151601904054e+00
-7.725956151601904409e+00
-7.625956151601904764e+00
-7.525956151601905120e+00
-7.425956151601905475e+00
-7.325956151601905830e+00
-7.225956151601906186e+00
-7.125956151601906541e+00
-7.025956151601906896e+00
-6.925956151601907251e+00
-6.825956151601907607e+00
-6.725956151601907962e+00
-6.625956151601908317e+00
-6.525956151601908672e+00
-6.425956151601909028e+00
-6.325956151601909383e+00
-6.225956151601909738e+00
-6.125956151601910094e+00
-6.025956151601910449e+00
-5.925956151601910804e+00
-5.825956151601911159e+00
-5.725956151601911515e+00
-5.625956151601911870e+00
-5.525956151601912225e+00
-5.425956151601912580e+00
-5.325956151601912936e+00
-5.225956151601913291e+00
-5.125956151601913646e+00
-5.025956151601914002e+00
-4.925956151601914357e+00
-4.825956151601914712e+00
-4.725956151601915067e+00
-4.625956151601915423e+00
-4.525956151601915778e+00
-4.425956151601916133e+00
-4.325956151601916488e+00
-4.225956151601916844e+00
-4.125956151601917199e+00
-4.025956151601917554e+00
-3.925956151601917465e+00
-3.825956151601917377e+00
-3.725956151601917288e+00
-3.625956151601917199e+00
-3.525956151601917110e+00
-3.425956151601917021e+00
-3.325956151601916932e+00
-3.225956151601916844e+00
-3.125956151601916755e+00
-3.025956151601916666e+00
-2.925956151601916577e+00
-2.825956151601916488e+00
-2.725956151601916400e+00
-2.625956151601916311e+00
-2.525956151601916222e+00
-2.425956151601916133e+00
-2.325956151601916044e+00
-2.225956151601915955e+00
-2.125956151601915867e+00
-2.025956151601915778e+00
-1.925956151601915689e+00
-1.825956151601915600e+00
-1.725956151601915511e+00
-1.625956151601915423e+00
-1.525956151601915334e+00
-1.425956151601915245e+00
-1.325956151601915156e+00
-1.225956151601915067e+00
-1.125956151601914978e+00
-1.025956151601914890e+00
-9.259561516019149119e-01
-8.259561516019149341e-01
-7.259561516019149563e-01
-6.259561516019149785e-01
-5.259561516019150007e-01
-4.259561516019150229e-01
-3.259561516019150451e-01
-2.259561516019150396e-01
-1.259561516019150340e-01
-2.595615160191502846e-02
7.404384839808497709e-02
1.740438483980849826e-01
2.740438483980849882e-01
3.740438483980850215e-01
4.740438483980849993e-01
5.740438483980849771e-01
6.740438483980849549e-01
7.740438483980849327e-01
8.740438483980849105e-01
9.740438483980848883e-01
1.074043848398084977e+00
1.174043848398085066e+00
1.274043848398085155e+00
1.374043848398085244e+00
1.474043848398085332e+00
1.574043848398085421e+00
1.674043848398085510e+00
1.774043848398085599e+00
1.874043848398085688e+00
1.974043848398085776e+00
2.074043848398085643e+00
2.174043848398085732e+00
2.274043848398085821e+00
2.374043848398085910e+00
2.474043848398085998e+00
2.574043848398086087e+00
2.674043848398086176e+00
2.774043848398086265e+00
2.874043848398086354e+00
2.974043848398086443e+00
3.074043848398086531e+00
3.174043848398086620e+00
3.274043848398086709e+00
3.374043848398086798e+00
3.474043848398086887e+00
3.574043848398086975e+00
3.674043848398087064e+00
3.774043848398087153e+00
3.874043848398087242e+00
3.974043848398087331e+00
4.074043848398087420e+00
4.174043848398087064e+00
4.274043848398086709e+00
4.374043848398086354e+00
4.474043848398085998e+00
4.574043848398085643e+00
4.674043848398085288e+00
4.774043848398084933e+00
4.874043848398084577e+00
4.974043848398084222e+00
5.074043848398083867e+00
5.174043848398083512e+00
5.274043848398083156e+00
5.374043848398082801e+00
5.474043848398082446e+00
5.574043848398082091e+00
5.674043848398081735e+00
5.774043848398081380e+00
5.874043848398081025e+00
5.974043848398080669e+00
6.074043848398080314e+00
6.174043848398079959e+00
6.274043848398079604e+00
6.374043848398079248e+00
6.474043848398078893e+00
6.574043848398078538e+00
6.674043848398078183e+00
6.774043848398077827e+00
6.874043848398077472e+00
6.974043848398077117e+00
7.074043848398076761e+00
7.174043848398076406e+00
7.274043848398076051e+00
7.374043848398075696e+00
7.474043848398075340e+00
7.574043848398074985e+00
7.674043848398074630e+00
7.774043848398074275e+00
7.874043848398073919e+00
7.974043848398073564e+00
8.074043848398073209e+00
8.174043848398072853e+00
8.274043848398072498e+00
8.374043848398072143e+00
8.474043848398071788e+00
8.574043848398071432e+00
8.674043848398071077e+00
8.774043848398070722e+00
8.874043848398070367e+00
8.974043848398070011e+00
9.074043848398069656e+00
9.174043848398069301e+00
9.274043848398068945e+00
9.374043848398068590e+00
9.474043848398068235e+00
9.574043848398067880e+00
9.674043848398067524e+00
9.774043848398067169e+00
9.874043848398066814e+00
9.974043848398066459e+00
1.007404384839806610e+01
1.017404384839806575e+01
1.027404384839806539e+01
1.037404384839806504e+01
1.047404384839806468e+01
1.057404384839806433e+01
1.067404384839806397e+01
1.077404384839806362e+01
1.087404384839806326e+01
1.097404384839806291e+01
1.107404384839806255e+01
1.117404384839806220e+01
1.127404384839806184e+01
1.137404384839806148e+01
1.147404384839806113e+01
1.157404384839806077e+01
1.167404384839806042e+01
1.177404384839806006e+01
1.187404384839805971e+01
1.197404384839805935e+01
1.207404384839805900e+01
1.217404384839805864e+01
1.227404384839805829e+01
1.237404384839805793e+01
1.247404384839805758e+01
1.257404384839805722e+01
1.267404384839805687e+01
1.277404384839805651e+01
1.287404384839805616e+01
1.297404384839805580e+01
1.307404384839805545e+01
1.317404384839805509e+01
1.327404384839805473e+01
1.337404384839805438e+01
1.347404384839805402e+01
1.357404384839805367e+01
1.367404384839805331e+01
1.377404384839805296e+01
1.387404384839805260e+01
1.397404384839805225e+01
1.407404384839805189e+01
1.417404384839805154e+01
1.427404384839805118e+01
1.437404384839805083e+01
1.447404384839805047e+01
1.457404384839805012e+01
1.467404384839804976e+01
1.477404384839804941e+01
1.487404384839804905e+01
1.497404384839804870e+01
1.507404384839804834e+01
1.517404384839804798e+01
1.527404384839804763e+01
1.537404384839804727e+01
1.547404384839804692e+01
1.557404384839804656e+01
1.567404384839804621e+01
1.577404384839804585e+01
1.587404384839804550e+01
1.597404384839804514e+01
1.607404384839804479e+01
1.617404384839804621e+01
1.627404384839804763e+01
1.637404384839804905e+01
1.647404384839805047e+01
1.657404384839805189e+01
1.667404384839805331e+01
1.677404384839805473e+01
1.687404384839805616e+01
1.697404384839805758e+01
1.707404384839805900e+01
1.717404384839806042e+01
1.727404384839806184e+01
1.737404384839806326e+01
1.747404384839806468e+01
1.757404384839806610e+01
1.767404384839806752e+01
1.777404384839806895e+01
1.787404384839807037e+01
1.797404384839807179e+01
1.807404384839807321e+01
1.817404384839807463e+01
1.827404384839807605e+01
1.837404384839807747e+01
1.847404384839807889e+01
1.857404384839808031e+01
1.867404384839808174e+01
1.877404384839808316e+01
1.887404384839808458e+01
1.897404384839808600e+01
1.907404384839808742e+01
1.917404384839808884e+01
1.927404384839809026e+01
1.937404384839809168e+01
1.947404384839809310e+01
1.957404384839809453e+01
1.967404384839809595e+01
1.977404384839809737e+01
1.987404384839809879e+01
1.997404384839810021e+01
2.007404384839810163e+01
2.017404384839810305e+01
2.027404384839810447e+01
2.037404384839810589e+01
2.047404384839810731e+01
2.057404384839810874e+01
2.067404384839811016e+01
2.077404384839811158e+01
2.087404384839811300e+01
2.097404384839811442e+01
2.107404384839811584e+01
2.117404384839811726e+01
2.127404384839811868e+01
2.137404384839812010e+01
2.147404384839812153e+01
2.157404384839812295e+01
2.167404384839812437e+01
2.177404384839812579e+01
2.187404384839812721e+01
2.197404384839812863e+01
2.207404384839813005e+01
2.217404384839813147e+01
2.227404384839813289e+01
2.237404384839813432e+01
2.247404384839813574e+01
2.257404384839813716e+01
2.267404384839813858e+01
2.277404384839814000e+01
2.287404384839814142e+01
2.297404384839814284e+01
2.307404384839814426e+01
2.317404384839814568e+01
2.327404384839814711e+01
2.337404384839814853e+01
2.347404384839814995e+01
2.357404384839815137e+01
2.367404384839815279e+01
2.377404384839815421e+01
2.387404384839815563e+01
2.397404384839815705e+01
2.407404384839815847e+01
2.417404384839815989e+01
2.427404384839816132e+01
2.437404384839816274e+01
2.447404384839816416e+01
2.457404384839816558e+01
2.467404384839816700e+01
2.477404384839816842e+01
2.487404384839816984e+01
2.497404384839817126e+01
2.507404384839817268e+01
2.517404384839817411e+01
2.527404384839817553e+01
2.537404384839817695e+01
2.547404384839817837e+01
2.557404384839817979e+01
2.567404384839818121e+01
2.577404384839818263e+01
2.587404384839818405e+01
2.597404384839818547e+01
2.607404384839818690e+01
2.617404384839818832e+01
2.627404384839818974e+01
2.637404384839819116e+01
2.647404384839819258e+01
2.657404384839819400e+01
2.667404384839819542e+01
2.677404384839819684e+01
2.687404384839819826e+01
2.697404384839819969e+01
2.707404384839820111e+01
2.717404384839820253e+01
2.727404384839820395e+01
2.737404384839820537e+01
2.747404384839820679e+01
2.757404384839820821e+01
2.767404384839820963e+01
2.777404384839821105e+01
2.787404384839821248e+01
2.797404384839821390e+01
2.807404384839821532e+01
2.817404384839821674e+01
2.827404384839821816e+01
2.837404384839821958e+01
2.847404384839822100e+01
2.857404384839822242e+01
2.867404384839822384e+01
2.877404384839822526e+01
2.887404384839822669e+01
2.897404384839822811e+01
2.907404384839822953e+01
2.917404384839823095e+01
2.927404384839823237e+01
2.937404384839823379e+01
2.947404384839823521e+01
2.957404384839823663e+01
2.967404384839823805e+01
2.977404384839823948e+01
2.987404384839824090e+01
2.997404384839824232e+01
3.007404384839824374e+01
3.017404384839824516e+01
3.027404384839824658e+01
3.037404384839824800e+01
3.047404384839824942e+01
3.057404384839825084e+01
3.067404384839825227e+01
3.077404384839825369e+01
3.087404384839825511e+01
3.097404384839825653e+01
3.107404384839825795e+01
3.117404384839825937e+01
3.127404384839826079e+01
3.137404384839826221e+01
3.147404384839826363e+01
3.157404384839826506e+01
3.167404384839826648e+01
3.177404384839826790e+01
3.187404384839826932e+01
3.197404384839827074e+01
3.207404384839826861e+01
3.217404384839827003e+01
3.227404384839827145e+01
3.237404384839827287e+01
3.247404384839827429e+01
3.257404384839827571e+01
3.267404384839827713e+01
3.277404384839827856e+01
3.287404384839827998e+01
3.297404384839828140e+01
3.307404384839828282e+01
3.317404384839828424e+01
3.327404384839828566e+01
3.337404384839828708e+01
3.347404384839828850e+01
3.357404384839828992e+01
3.367404384839829135e+01
3.377404384839829277e+01
3.387404384839829419e+01
3.397404384839829561e+01
3.407404384839829703e+01
3.417404384839829845e+01
3.427404384839829987e+01
3.437404384839830129e+01
3.447404384839830271e+01
3.457404384839830414e+01
3.467404384839830556e+01
3.477404384839830698e+01
3.487404384839830840e+01
3.497404384839830982e+01
3.507404384839831124e+01
3.517404384839831266e+01
3.527404384839831408e+01
3.537404384839831550e+01
3.547404384839831692e+01
3.557404384839831835e+01
3.567404384839831977e+01
3.577404384839832119e+01
3.587404384839832261e+01
3.597404384839832403e+01
3.607404384839832545e+01
3.617404384839832687e+01
3.627404384839832829e+01
3.637404384839832971e+01
3.647404384839833114e+01
3.657404384839833256e+01
3.667404384839833398e+01
3.677404384839833540e+01
3.687404384839833682e+01
3.697404384839833824e+01
3.707404384839833966e+01
3.717404384839834108e+01
3.727404384839834250e+01
3.737404384839834393e+01
3.747404384839834535e+01
3.757404384839834677e+01
3.767404384839834819e+01
3.777404384839834961e+01
3.787404384839835103e+01
3.797404384839835245e+01
3.807404384839835387e+01
3.817404384839835529e+01
3.827404384839835672e+01
3.837404384839835814e+01
3.847404384839835956e+01
3.857404384839836098e+01
3.867404384839836240e+01
3.877404384839836382e+01
3.887404384839836524e+01
3.897404384839836666e+01
3.907404384839836808e+01
3.917404384839836951e+01
3.927404384839837093e+01
3.937404384839837235e+01
3.947404384839837377e+01
3.957404384839837519e+01
3.967404384839837661e+01
3.977404384839837803e+01
3.987404384839837945e+01
3.997404384839838087e+01
4.007404384839838229e+01
4.017404384839838372e+01
4.027404384839838514e+01
4.037404384839838656e+01
4.047404384839838798e+01
4.057404384839838940e+01
4.067404384839839082e+01
4.077404384839839224e+01
4.087404384839839366e+01
4.097404384839839508e+01
4.107404384839839651e+01
4.117404384839839793e+01
4.127404384839839935e+01
4.137404384839840077e+01
4.147404384839840219e+01
4.157404384839840361e+01
4.167404384839840503e+01
4.177404384839840645e+01
4.187404384839840787e+01
4.197404384839840930e+01
4.207404384839841072e+01
4.217404384839841214e+01
4.227404384839841356e+01
4.237404384839841498e+01
4.247404384839841640e+01
4.257404384839841782e+01
4.267404384839841924e+01
4.277404384839842066e+01
4.287404384839842209e+01
4.297404384839842351e+01
4.307404384839842493e+01
4.317404384839842635e+01
4.327404384839842777e+01
4.337404384839842919e+01
4.347404384839843061e+01
4.357404384839843203e+01
4.367404384839843345e+01
4.377404384839843487e+01
4.387404384839843630e+01
4.397404384839843772e+01
4.407404384839843914e+01
4.417404384839844056e+01
4.427404384839844198e+01
4.437404384839844340e+01
4.447404384839844482e+01
4.457404384839844624e+01
4.467404384839844766e+01
4.477404384839844909e+01
4.487404384839845051e+01
4.497404384839845193e+01
4.507404384839845335e+01
4.517404384839845477e+01
4.527404384839845619e+01
4.537404384839845761e+01
4.547404384839845903e+01
4.557404384839846045e+01
4.567404384839846188e+01
4.577404384839846330e+01
4.587404384839846472e+01
4.597404384839846614e+01
4.607404384839846756e+01
4.617404384839846898e+01
4.627404384839847040e+01
4.637404384839847182e+01
4.647404384839847324e+01
4.657404384839847467e+01
4.667404384839847609e+01
4.677404384839847751e+01
4.687404384839847893e+01
4.697404384839848035e+01
4.707404384839848177e+01
4.717404384839848319e+01
4.727404384839848461e+01
4.737404384839848603e+01
4.747404384839848746e+01
4.757404384839848888e+01
4.767404384839849030e+01
4.777404384839849172e+01
4.787404384839849314e+01
4.797404384839849456e+01
4.807404384839849598e+01
4.817404384839849740e+01
4.827404384839849882e+01
4.837404384839850024e+01
4.847404384839850167e+01
4.857404384839850309e+01
4.867404384839850451e+01
4.877404384839850593e+01
4.887404384839850735e+01
4.897404384839850877e+01
4.907404384839851019e+01
4.917404384839851161e+01
4.927404384839851303e+01
4.937404384839851446e+01
4.947404384839851588e+01
4.957404384839851730e+01
4.967404384839851872e+01
4.977404384839852014e+01
4.987404384839852156e+01
4.997404384839852298e+01
5.007404384839852440e+01
5.017404384839852582e+01
5.027404384839852725e+01
5.037404384839852867e+01
5.047404384839853009e+01
5.057404384839853151e+01
5.067404384839853293e+01
5.077404384839853435e+01
5.087404384839853577e+01
5.097404384839853719e+01
5.107404384839853861e+01
5.117404384839854004e+01
5.127404384839854146e+01
5.137404384839854288e+01
5.147404384839854430e+01
5.157404384839854572e+01
5.167404384839854714e+01
5.177404384839854856e+01
5.187404384839854998e+01
5.197404384839855140e+01
5.207404384839855283e+01
5.217404384839855425e+01
5.227404384839855567e+01
5.237404384839855709e+01
5.247404384839855851e+01
5.257404384839855993e+01
5.267404384839856135e+01
5.277404384839856277e+01
5.287404384839856419e+01
5.297404384839856561e+01
5.307404384839856704e+01
5.317404384839856846e+01
5.327404384839856988e+01
5.337404384839857130e+01
5.347404384839857272e+01
5.357404384839857414e+01
5.367404384839857556e+01
5.377404384839857698e+01
5.387404384839857840e+01
5.397404384839857983e+01
5.407404384839858125e+01
5.417404384839858267e+01
5.427404384839858409e+01
5.437404384839858551e+01
5.447404384839858693e+01
5.457404384839858835e+01
5.467404384839858977e+01
5.477404384839859119e+01
5.487404384839859262e+01
5.497404384839859404e+01
5.507404384839859546e+01
5.517404384839859688e+01
5.527404384839859830e+01
5.537404384839859972e+01
5.547404384839860114e+01
5.557404384839860256e+01
5.567404384839860398e+01
5.577404384839860541e+01
5.587404384839860683e+01
5.597404384839860825e+01
5.607404384839860967e+01
5.617404384839861109e+01
5.627404384839861251e+01
5.637404384839861393e+01
5.647404384839861535e+01
5.657404384839861677e+01
5.667404384839861820e+01
5.677404384839861962e+01
5.687404384839862104e+01
5.697404384839862246e+01
5.707404384839862388e+01
5.717404384839862530e+01
5.727404384839862672e+01
5.737404384839862814e+01
5.747404384839862956e+01
5.757404384839863098e+01
5.767404384839863241e+01
5.777404384839863383e+01
5.787404384839863525e+01
5.797404384839863667e+01
5.807404384839863809e+01
5.817404384839863951e+01
5.827404384839864093e+01
5.837404384839864235e+01
5.847404384839864377e+01
5.857404384839864520e+01
5.867404384839864662e+01
5.877404384839864804e+01
5.887404384839864946e+01
5.897404384839865088e+01
5.907404384839865230e+01
5.917404384839865372e+01
5.927404384839865514e+01
5.937404384839865656e+01
5.947404384839865799e+01
5.957404384839865941e+01
5.967404384839866083e+01
5.977404384839866225e+01
5.987404384839866367e+01
5.997404384839866509e+01
6.007404384839866651e+01
6.017404384839866793e+01
6.027404384839866935e+01
6.037404384839867078e+01
6.047404384839867220e+01
6.057404384839867362e+01
6.067404384839867504e+01
6.077404384839867646e+01
6.087404384839867788e+01
6.097404384839867930e+01
6.107404384839868072e+01
6.117404384839868214e+01
6.127404384839868356e+01
6.137404384839868499e+01
6.147404384839868641e+01
6.157404384839868783e+01
6.167404384839868925e+01
6.177404384839869067e+01
6.187404384839869209e+01
6.197404384839869351e+01
6.207404384839869493e+01
6.217404384839869635e+01
6.227404384839869778e+01
6.237404384839869920e+01
6.247404384839870062e+01
6.257404384839870204e+01
6.267404384839870346e+01
6.277404384839870488e+01
6.287404384839870630e+01
6.297404384839870772e+01
6.307404384839870914e+01
6.317404384839871057e+01
6.327404384839871199e+01
6.337404384839871341e+01
6.347404384839871483e+01
6.357404384839871625e+01
6.367404384839871767e+01
6.377404384839871909e+01
6.387404384839872051e+01
6.397404384839872193e+01
6.407404384839871625e+01
6.417404384839871057e+01
6.427404384839870488e+01
6.437404384839869920e+01
6.447404384839869351e+01
6.457404384839868783e+01
6.467404384839868214e+01
6.477404384839867646e+01
6.487404384839867078e+01
6.497404384839866509e+01
6.507404384839865941e+01
6.517404384839865372e+01
6.527404384839864804e+01
6.537404384839864235e+01
6.547404384839863667e+01
6.557404384839863098e+01
6.567404384839862530e+01
6.577404384839861962e+01
6.587404384839861393e+01
6.597404384839860825e+01
6.607404384839860256e+01
6.617404384839859688e+01
6.627404384839859119e+01
6.637404384839858551e+01
6.647404384839857983e+01
6.657404384839857414e+01
6.667404384839856846e+01
6.677404384839856277e+01
6.687404384839855709e+01
6.697404384839855140e+01
6.707404384839854572e+01
6.717404384839854004e+01
6.727404384839853435e+01
6.737404384839852867e+01
6.747404384839852298e+01
6.757404384839851730e+01
6.767404384839851161e+01
6.777404384839850593e+01
6.787404384839850024e+01
6.797404384839849456e+01
6.807404384839848888e+01
6.817404384839848319e+01
6.827404384839847751e+01
6.837404384839847182e+01
6.847404384839846614e+01
6.857404384839846045e+01
6.867404384839845477e+01
6.877404384839844909e+01
6.887404384839844340e+01
6.897404384839843772e+01
6.907404384839843203e+01
6.917404384839842635e+01
6.927404384839842066e+01
6.937404384839841498e+01
6.947404384839840930e+01
6.957404384839840361e+01
6.967404384839839793e+01
6.977404384839839224e+01
6.987404384839838656e+01
6.997404384839838087e+01
7.007404384839837519e+01
7.017404384839836951e+01
7.027404384839836382e+01
7.037404384839835814e+01
7.047404384839835245e+01
7.057404384839834677e+01
7.067404384839834108e+01
7.077404384839833540e+01
7.087404384839832971e+01
7.097404384839832403e+01
7.107404384839831835e+01
7.117404384839831266e+01
7.127404384839830698e+01
7.137404384839830129e+01
7.147404384839829561e+01
7.157404384839828992e+01
7.167404384839828424e+01
7.177404384839827856e+01
7.187404384839827287e+01
7.197404384839826719e+01
7.207404384839826150e+01
7.217404384839825582e+01
7.227404384839825013e+01
7.237404384839824445e+01
7.247404384839823877e+01
7.257404384839823308e+01
7.267404384839822740e+01
7.277404384839822171e+01
7.287404384839821603e+01
7.297404384839821034e+01
7.307404384839820466e+01
7.317404384839819897e+01
7.327404384839819329e+01
7.337404384839818761e+01
7.347404384839818192e+01
7.357404384839817624e+01
7.367404384839817055e+01
7.377404384839816487e+01
7.387404384839815918e+01
7.397404384839815350e+01
7.407404384839814782e+01
7.417404384839814213e+01
7.427404384839813645e+01
7.437404384839813076e+01
7.447404384839812508e+01
7.457404384839811939e+01
7.467404384839811371e+01
7.477404384839810803e+01
7.487404384839810234e+01
7.497404384839809666e+01
7.507404384839809097e+01
7.517404384839808529e+01
7.527404384839807960e+01
7.537404384839807392e+01
7.547404384839806823e+01
7.557404384839806255e+01
7.567404384839805687e+01
7.577404384839805118e+01
7.587404384839804550e+01
7.597404384839803981e+01
7.607404384839803413e+01
7.617404384839802844e+01
7.627404384839802276e+01
7.637404384839801708e+01
7.647404384839801139e+01
7.657404384839800571e+01
7.667404384839800002e+01
7.677404384839799434e+01
7.687404384839798865e+01
7.697404384839798297e+01
7.707404384839797729e+01
7.717404384839797160e+01
7.727404384839796592e+01
7.737404384839796023e+01
7.747404384839795455e+01
7.757404384839794886e+01
7.767404384839794318e+01
7.777404384839793750e+01
7.787404384839793181e+01
7.797404384839792613e+01
7.807404384839792044e+01
7.817404384839791476e+01
7.827404384839790907e+01
7.837404384839790339e+01
7.847404384839789770e+01
7.857404384839789202e+01
7.867404384839788634e+01
7.877404384839788065e+01
7.887404384839787497e+01
7.897404384839786928e+01
7.907404384839786360e+01
7.917404384839785791e+01
7.927404384839785223e+01
7.937404384839784655e+01
7.947404384839784086e+01
7.957404384839783518e+01
7.967404384839782949e+01
7.977404384839782381e+01
7.987404384839781812e+01
7.997404384839781244e+01
8.007404384839780676e+01
8.017404384839780107e+01
8.027404384839779539e+01
8.037404384839778970e+01
8.047404384839778402e+01
8.057404384839777833e+01
8.067404384839777265e+01
8.077404384839776696e+01
8.087404384839776128e+01
8.097404384839775560e+01
8.107404384839774991e+01
8.117404384839774423e+01
8.127404384839773854e+01
8.137404384839773286e+01
8.147404384839772717e+01
8.157404384839772149e+01
8.167404384839771581e+01
8.177404384839771012e+01
8.187404384839770444e+01
8.197404384839769875e+01
8.207404384839769307e+01
8.217404384839768738e+01
8.227404384839768170e+01
8.237404384839767602e+01
8.247404384839767033e+01
8.257404384839766465e+01
8.267404384839765896e+01
8.277404384839765328e+01
8.287404384839764759e+01
8.297404384839764191e+01
8.307404384839763622e+01
8.317404384839763054e+01
8.327404384839762486e+01
8.337404384839761917e+01
8.347404384839761349e+01
8.357404384839760780e+01
8.367404384839760212e+01
8.377404384839759643e+01
8.387404384839759075e+01
8.397404384839758507e+01
8.407404384839757938e+01
8.417404384839757370e+01
8.427404384839756801e+01
8.437404384839756233e+01
8.447404384839755664e+01
8.457404384839755096e+01
8.467404384839754528e+01
8.477404384839753959e+01
8.487404384839753391e+01
8.497404384839752822e+01
8.507404384839752254e+01
8.517404384839751685e+01
8.527404384839751117e+01
8.537404384839750549e+01
8.547404384839749980e+01
8.557404384839749412e+01
8.567404384839748843e+01
8.577404384839748275e+01
8.587404384839747706e+01
8.597404384839747138e+01
8.607404384839746569e+01
8.617404384839746001e+01
8.627404384839745433e+01
8.637404384839744864e+01
8.647404384839744296e+01
8.657404384839743727e+01
8.667404384839743159e+01
8.677404384839742590e+01
8.687404384839742022e+01
8.697404384839741454e+01
8.707404384839740885e+01
8.717404384839740317e+01
8.727404384839739748e+01
8.737404384839739180e+01
8.747404384839738611e+01
8.757404384839738043e+01
8.767404384839737475e+01
8.777404384839736906e+01
8.787404384839736338e+01
8.797404384839735769e+01
8.807404384839735201e+01
8.817404384839734632e+01
8.827404384839734064e+01
8.837404384839733495e+01
8.847404384839732927e+01
8.857404384839732359e+01
8.867404384839731790e+01
8.877404384839731222e+01
8.887404384839730653e+01
8.897404384839730085e+01
8.907404384839729516e+01
8.917404384839728948e+01
8.927404384839728380e+01
8.937404384839727811e+01
8.947404384839727243e+01
8.957404384839726674e+01
8.967404384839726106e+01
8.977404384839725537e+01
8.987404384839724969e+01
8.997404384839724401e+01
9.007404384839723832e+01
9.017404384839723264e+01
9.027404384839722695e+01
9.037404384839722127e+01
9.047404384839721558e+01
9.057404384839720990e+01
9.067404384839720421e+01
9.077404384839719853e+01
9.087404384839719285e+01
9.097404384839718716e+01
9.107404384839718148e+01
9.117404384839717579e+01
9.127404384839717011e+01
9.137404384839716442e+01
9.147404384839715874e+01
9.157404384839715306e+01
9.167404384839714737e+01
9.177404384839714169e+01
9.187404384839713600e+01
9.197404384839713032e+01
9.207404384839712463e+01
9.217404384839711895e+01
9.227404384839711327e+01
9.237404384839710758e+01
9.247404384839710190e+01
9.257404384839709621e+01
9.267404384839709053e+01
9.277404384839708484e+01
9.287404384839707916e+01
9.297404384839707348e+01
9.307404384839706779e+01
9.317404384839706211e+01
9.327404384839705642e+01
9.337404384839705074e+01
9.347404384839704505e+01
9.357404384839703937e+01
9.367404384839703368e+01
9.377404384839702800e+01
9.387404384839702232e+01
9.397404384839701663e+01
9.407404384839701095e+01
9.417404384839700526e+01
9.427404384839699958e+01
9.437404384839699389e+01
9.447404384839698821e+01
9.457404384839698253e+01
9.467404384839697684e+01
9.477404384839697116e+01
9.487404384839696547e+01
9.497404384839695979e+01
9.507404384839695410e+01
9.517404384839694842e+01
9.527404384839694274e+01
9.537404384839693705e+01
9.547404384839693137e+01
9.557404384839692568e+01
9.567404384839692000e+01
9.577404384839691431e+01
9.587404384839690863e+01
9.597404384839690294e+01
9.607404384839689726e+01
9.617404384839689158e+01
9.627404384839688589e+01
9.637404384839688021e+01
9.647404384839687452e+01
9.657404384839686884e+01
9.667404384839686315e+01
9.677404384839685747e+01
9.687404384839685179e+01
9.697404384839684610e+01
9.707404384839684042e+01
9.717404384839683473e+01
9.727404384839682905e+01
9.737404384839682336e+01
9.747404384839681768e+01
9.757404384839681200e+01
9.767404384839680631e+01
9.777404384839680063e+01
9.787404384839679494e+01
9.797404384839678926e+01
9.807404384839678357e+01
9.817404384839677789e+01
9.827404384839677220e+01
9.837404384839676652e+01
9.847404384839676084e+01
9.857404384839675515e+01
9.867404384839674947e+01
9.877404384839674378e+01
9.887404384839673810e+01
9.897404384839673241e+01
9.907404384839672673e+01
9.917404384839672105e+01
9.927404384839671536e+01
9.937404384839670968e+01
9.947404384839670399e+01
9.957404384839669831e+01
9.967404384839669262e+01
9.977404384839668694e+01
9.987404384839668126e+01
9.997404384839667557e+01
1.000000000000000000e+02
