-1.000000000000000000e+02
-9.991396936303473808e+01
-9.981396936303474376e+01
-9.971396936303474945e+01
-9.961396936303475513e+01
-9.951396936303476082e+01
-9.941396936303476650e+01
-9.931396936303477219e+01
-9.921396936303477787e+01
-9.911396936303478356e+01
-9.901396936303478924e+01
-9.891396936303479492e+01
-9.881396936303480061e+01
-9.871396936303480629e+01
-9.861396936303481198e+01
-9.851396936303481766e+01
-9.841396936303482335e+01
-9.831396936303482903e+01
-9.821396936303483471e+01
-9.811396936303484040e+01
-9.801396936303484608e+01
-9.791396936303485177e+01
-9.781396936303485745e+01
-9.771396936303486314e+01
-9.761396936303486882e+01
-9.751396936303487450e+01
-9.741396936303488019e+01
-9.731396936303488587e+01
-9.721396936303489156e+01
-9.711396936303489724e+01
-9.701396936303490293e+01
-9.691396936303490861e+01
-9.681396936303491429e+01
-9.671396936303491998e+01
-9.661396936303492566e+01
-9.651396936303493135e+01
-9.641396936303493703e+01
-9.631396936303494272e+01
-9.621396936303494840e+01
-9.611396936303495409e+01
-9.601396936303495977e+01
-9.591396936303496545e+01
-9.581396936303497114e+01
-9.571396936303497682e+01
-9.561396936303498251e+01
-9.551396936303498819e+01
-9.541396936303499388e+01
-9.531396936303499956e+01
-9.521396936303500524e+01
-9.511396936303501093e+01
-9.501396936303501661e+01
-9.491396936303502230e+01
-9.481396936303502798e+01
-9.471396936303503367e+01
-9.461396936303503935e+01
-9.451396936303504503e+01
-9.441396936303505072e+01
-9.431396936303505640e+01
-9.421396936303506209e+01
-9.411396936303506777e+01
-9.401396936303507346e+01
-9.391396936303507914e+01
-9.381396936303508483e+01
-9.371396936303509051e+01
-9.361396936303509619e+01
-9.351396936303510188e+01
-9.341396936303510756e+01
-9.331396936303511325e+01
-9.321396936303511893e+01
-9.311396936303512462e+01
-9.301396936303513030e+01
-9.291396936303513598e+01
-9.281396936303514167e+01
-9.271396936303514735e+01
-9.261396936303515304e+01
-9.251396936303515872e+01
-9.241396936303516441e+01
-9.231396936303517009e+01
-9.221396936303517577e+01
-9.211396936303518146e+01
-9.201396936303518714e+01
-9.191396936303519283e+01
-9.181396936303519851e+01
-9.171396936303520420e+01
-9.161396936303520988e+01
-9.151396936303521557e+01
-9.141396936303522125e+01
-9.131396936303522693e+01
-9.121396936303523262e+01
-9.111396936303523830e+01
-9.101396936303524399e+01
-9.091396936303524967e+01
-9.081396936303525536e+01
-9.071396936303526104e+01
-9.061396936303526672e+01
-9.051396936303527241e+01
-9.041396936303527809e+01
-9.031396936303528378e+01
-9.021396936303528946e+01
-9.011396936303529515e+01
-9.001396936303530083e+01
-8.991396936303530651e+01
-8.981396936303531220e+01
-8.971396936303531788e+01
-8.961396936303532357e+01
-8.951396936303532925e+01
-8.941396936303533494e+01
-8.931396936303534062e+01
-8.921396936303534630e+01
-8.911396936303535199e+01
-8.901396936303535767e+01
-8.891396936303536336e+01
-8.881396936303536904e+01
-8.871396936303537473e+01
-8.861396936303538041e+01
-8.851396936303538610e+01
-8.841396936303539178e+01
-8.831396936303539746e+01
-8.821396936303540315e+01
-8.811396936303540883e+01
-8.801396936303541452e+01
-8.791396936303542020e+01
-8.781396936303542589e+01
-8.771396936303543157e+01
-8.761396936303543725e+01
-8.751396936303544294e+01
-8.741396936303544862e+01
-8.731396936303545431e+01
-8.721396936303545999e+01
-8.711396936303546568e+01
-8.701396936303547136e+01
-8.691396936303547704e+01
-8.681396936303548273e+01
-8.671396936303548841e+01
-8.661396936303549410e+01
-8.651396936303549978e+01
-8.641396936303550547e+01
-8.631396936303551115e+01
-8.621396936303551684e+01
-8.611396936303552252e+01
-8.601396936303552820e+01
-8.591396936303553389e+01
-8.581396936303553957e+01
-8.571396936303554526e+01
-8.561396936303555094e+01
-8.551396936303555663e+01
-8.541396936303556231e+01
-8.531396936303556799e+01
-8.521396936303557368e+01
-8.511396936303557936e+01
-8.501396936303558505e+01
-8.491396936303559073e+01
-8.481396936303559642e+01
-8.471396936303560210e+01
-8.461396936303560778e+01
-8.451396936303561347e+01
-8.441396936303561915e+01
-8.431396936303562484e+01
-8.421396936303563052e+01
-8.411396936303563621e+01
-8.401396936303564189e+01
-8.391396936303564758e+01
-8.381396936303565326e+01
-8.371396936303565894e+01
-8.361396936303566463e+01
-8.351396936303567031e+01
-8.341396936303567600e+01
-8.331396936303568168e+01
-8.321396936303568737e+01
-8.311396936303569305e+01
-8.301396936303569873e+01
-8.291396936303570442e+01
-8.281396936303571010e+01
-8.271396936303571579e+01
-8.261396936303572147e+01
-8.251396936303572716e+01
-8.241396936303573284e+01
-8.231396936303573852e+01
-8.221396936303574421e+01
-8.211396936303574989e+01
-8.201396936303575558e+01
-8.191396936303576126e+01
-8.181396936303576695e+01
-8.171396936303577263e+01
-8.161396936303577831e+01
-8.151396936303578400e+01
-8.141396936303578968e+01
-8.131396936303579537e+01
-8.121396936303580105e+01
-8.111396936303580674e+01
-8.101396936303581242e+01
-8.091396936303581811e+01
-8.081396936303582379e+01
-8.071396936303582947e+01
-8.061396936303583516e+01
-8.051396936303584084e+01
-8.041396936303584653e+01
-8.031396936303585221e+01
-8.021396936303585790e+01
-8.011396936303586358e+01
-8.001396936303586926e+01
-7.991396936303587495e+01
-7.981396936303588063e+01
-7.971396936303588632e+01
-7.961396936303589200e+01
-7.951396936303589769e+01
-7.941396936303590337e+01
-7.931396936303590905e+01
-7.921396936303591474e+01
-7.911396936303592042e+01
-7.901396936303592611e+01
-7.891396936303593179e+01
-7.881396936303593748e+01
-7.871396936303594316e+01
-7.861396936303594885e+01
-7.851396936303595453e+01
-7.841396936303596021e+01
-7.831396936303596590e+01
-7.821396936303597158e+01
-7.811396936303597727e+01
-7.801396936303598295e+01
-7.791396936303598864e+01
-7.781396936303599432e+01
-7.771396936303600000e+01
-7.761396936303600569e+01
-7.751396936303601137e+01
-7.741396936303601706e+01
-7.731396936303602274e+01
-7.721396936303602843e+01
-7.711396936303603411e+01
-7.701396936303603979e+01
-7.691396936303604548e+01
-7.681396936303605116e+01
-7.671396936303605685e+01
-7.661396936303606253e+01
-7.651396936303606822e+01
-7.641396936303607390e+01
-7.631396936303607959e+01
-7.621396936303608527e+01
-7.611396936303609095e+01
-7.601396936303609664e+01
-7.591396936303610232e+01
-7.581396936303610801e+01
-7.571396936303611369e+01
-7.561396936303611938e+01
-7.551396936303612506e+01
-7.541396936303613074e+01
-7.531396936303613643e+01
-7.521396936303614211e+01
-7.511396936303614780e+01
-7.501396936303615348e+01
-7.491396936303615917e+01
-7.481396936303616485e+01
-7.471396936303617053e+01
-7.461396936303617622e+01
-7.451396936303618190e+01
-7.441396936303618759e+01
-7.431396936303619327e+01
-7.421396936303619896e+01
-7.411396936303620464e+01
-7.401396936303621032e+01
-7.391396936303621601e+01
-7.381396936303622169e+01
-7.371396936303622738e+01
-7.361396936303623306e+01
-7.351396936303623875e+01
-7.341396936303624443e+01
-7.331396936303625012e+01
-7.321396936303625580e+01
-7.311396936303626148e+01
-7.301396936303626717e+01
-7.291396936303627285e+01
-7.281396936303627854e+01
-7.271396936303628422e+01
-7.261396936303628991e+01
-7.251396936303629559e+01
-7.241396936303630127e+01
-7.231396936303630696e+01
-7.221396936303631264e+01
-7.211396936303631833e+01
-7.201396936303632401e+01
-7.191396936303632970e+01
-7.181396936303633538e+01
-7.171396936303634106e+01
-7.161396936303634675e+01
-7.151396936303635243e+01
-7.141396936303635812e+01
-7.131396936303636380e+01
-7.121396936303636949e+01
-7.111396936303637517e+01
-7.101396936303638086e+01
-7.091396936303638654e+01
-7.081396936303639222e+01
-7.071396936303639791e+01
-7.061396936303640359e+01
-7.051396936303640928e+01
-7.041396936303641496e+01
-7.031396936303642065e+01
-7.021396936303642633e+01
-7.011396936303643201e+01
-7.001396936303643770e+01
-6.991396936303644338e+01
-6.981396936303644907e+01
-6.971396936303645475e+01
-6.961396936303646044e+01
-6.951396936303646612e+01
-6.941396936303647180e+01
-6.931396936303647749e+01
-6.921396936303648317e+01
-6.911396936303648886e+01
-6.901396936303649454e+01
-6.891396936303650023e+01
-6.881396936303650591e+01
-6.871396936303651160e+01
-6.861396936303651728e+01
-6.851396936303652296e+01
-6.841396936303652865e+01
-6.831396936303653433e+01
-6.821396936303654002e+01
-6.811396936303654570e+01
-6.801396936303655139e+01
-6.791396936303655707e+01
-6.781396936303656275e+01
-6.771396936303656844e+01
-6.761396936303657412e+01
-6.751396936303657981e+01
-6.741396936303658549e+01
-6.731396936303659118e+01
-6.721396936303659686e+01
-6.711396936303660254e+01
-6.701396936303660823e+01
-6.691396936303661391e+01
-6.681396936303661960e+01
-6.671396936303662528e+01
-6.661396936303663097e+01
-6.651396936303663665e+01
-6.641396936303664233e+01
-6.631396936303664802e+01
-6.621396936303665370e+01
-6.611396936303665939e+01
-6.601396936303666507e+01
-6.591396936303667076e+01
-6.581396936303667644e+01
-6.571396936303668213e+01
-6.561396936303668781e+01
-6.551396936303669349e+01
-6.541396936303669918e+01
-6.531396936303670486e+01
-6.521396936303671055e+01
-6.511396936303671623e+01
-6.501396936303672192e+01
-6.491396936303672760e+01
-6.481396936303673328e+01
-6.471396936303673897e+01
-6.461396936303674465e+01
-6.451396936303675034e+01
-6.441396936303675602e+01
-6.431396936303676171e+01
-6.421396936303676739e+01
-6.411396936303677307e+01
-6.401396936303677876e+01
-6.391396936303677734e+01
-6.381396936303677592e+01
-6.371396936303677450e+01
-6.361396936303677307e+01
-6.351396936303677165e+01
-6.341396936303677023e+01
-6.331396936303676881e+01
-6.321396936303676739e+01
-6.311396936303676597e+01
-6.301396936303676455e+01
-6.291396936303676313e+01
-6.281396936303676171e+01
-6.271396936303676029e+01
-6.261396936303675886e+01
-6.251396936303675744e+01
-6.241396936303675602e+01
-6.231396936303675460e+01
-6.221396936303675318e+01
-6.211396936303675176e+01
-6.201396936303675034e+01
-6.191396936303674892e+01
-6.181396936303674750e+01
-6.171396936303674607e+01
-6.161396936303674465e+01
-6.151396936303674323e+01
-6.141396936303674181e+01
-6.131396936303674039e+01
-6.121396936303673897e+01
-6.111396936303673755e+01
-6.101396936303673613e+01
-6.091396936303673471e+01
-6.081396936303673328e+01
-6.071396936303673186e+01
-6.061396936303673044e+01
-6.051396936303672902e+01
-6.041396936303672760e+01
-6.031396936303672618e+01
-6.021396936303672476e+01
-6.011396936303672334e+01
-6.001396936303672192e+01
-5.991396936303672049e+01
-5.981396936303671907e+01
-5.971396936303671765e+01
-5.961396936303671623e+01
-5.951396936303671481e+01
-5.941396936303671339e+01
-5.931396936303671197e+01
-5.921396936303671055e+01
-5.911396936303670913e+01
-5.901396936303670770e+01
-5.891396936303670628e+01
-5.881396936303670486e+01
-5.871396936303670344e+01
-5.861396936303670202e+01
-5.851396936303670060e+01
-5.841396936303669918e+01
-5.831396936303669776e+01
-5.821396936303669634e+01
-5.811396936303669492e+01
-5.801396936303669349e+01
-5.791396936303669207e+01
-5.781396936303669065e+01
-5.771396936303668923e+01
-5.761396936303668781e+01
-5.751396936303668639e+01
-5.741396936303668497e+01
-5.731396936303668355e+01
-5.721396936303668213e+01
-5.711396936303668070e+01
-5.701396936303667928e+01
-5.691396936303667786e+01
-5.681396936303667644e+01
-5.671396936303667502e+01
-5.661396936303667360e+01
-5.651396936303667218e+01
-5.641396936303667076e+01
-5.631396936303666934e+01
-5.621396936303666791e+01
-5.611396936303666649e+01
-5.601396936303666507e+01
-5.591396936303666365e+01
-5.581396936303666223e+01
-5.571396936303666081e+01
-5.561396936303665939e+01
-5.551396936303665797e+01
-5.541396936303665655e+01
-5.531396936303665512e+01
-5.521396936303665370e+01
-5.511396936303665228e+01
-5.501396936303665086e+01
-5.491396936303664944e+01
-5.481396936303664802e+01
-5.471396936303664660e+01
-5.461396936303664518e+01
-5.451396936303664376e+01
-5.441396936303664233e+01
-5.431396936303664091e+01
-5.421396936303663949e+01
-5.411396936303663807e+01
-5.401396936303663665e+01
-5.391396936303663523e+01
-5.381396936303663381e+01
-5.371396936303663239e+01
-5.361396936303663097e+01
-5.351396936303662955e+01
-5.341396936303662812e+01
-5.331396936303662670e+01
-5.321396936303662528e+01
-5.311396936303662386e+01
-5.301396936303662244e+01
-5.291396936303662102e+01
-5.281396936303661960e+01
-5.271396936303661818e+01
-5.261396936303661676e+01
-5.251396936303661533e+01
-5.241396936303661391e+01
-5.231396936303661249e+01
-5.221396936303661107e+01
-5.211396936303660965e+01
-5.201396936303660823e+01
-5.191396936303660681e+01
-5.181396936303660539e+01
-5.171396936303660397e+01
-5.161396936303660254e+01
-5.151396936303660112e+01
-5.141396936303659970e+01
-5.131396936303659828e+01
-5.121396936303659686e+01
-5.111396936303659544e+01
-5.101396936303659402e+01
-5.091396936303659260e+01
-5.081396936303659118e+01
-5.071396936303658975e+01
-5.061396936303658833e+01
-5.051396936303658691e+01
-5.041396936303658549e+01
-5.031396936303658407e+01
-5.021396936303658265e+01
-5.011396936303658123e+01
-5.001396936303657981e+01
-4.991396936303657839e+01
-4.981396936303657696e+01
-4.971396936303657554e+01
-4.961396936303657412e+01
-4.951396936303657270e+01
-4.941396936303657128e+01
-4.931396936303656986e+01
-4.921396936303656844e+01
-4.911396936303656702e+01
-4.901396936303656560e+01
-4.891396936303656418e+01
-4.881396936303656275e+01
-4.871396936303656133e+01
-4.861396936303655991e+01
-4.851396936303655849e+01
-4.841396936303655707e+01
-4.831396936303655565e+01
-4.821396936303655423e+01
-4.811396936303655281e+01
-4.801396936303655139e+01
-4.791396936303654996e+01
-4.781396936303654854e+01
-4.771396936303654712e+01
-4.761396936303654570e+01
-4.751396936303654428e+01
-4.741396936303654286e+01
-4.731396936303654144e+01
-4.721396936303654002e+01
-4.711396936303653860e+01
-4.701396936303653717e+01
-4.691396936303653575e+01
-4.681396936303653433e+01
-4.671396936303653291e+01
-4.661396936303653149e+01
-4.651396936303653007e+01
-4.641396936303652865e+01
-4.631396936303652723e+01
-4.621396936303652581e+01
-4.611396936303652438e+01
-4.601396936303652296e+01
-4.591396936303652154e+01
-4.581396936303652012e+01
-4.571396936303651870e+01
-4.561396936303651728e+01
-4.551396936303651586e+01
-4.541396936303651444e+01
-4.531396936303651302e+01
-4.521396936303651160e+01
-4.511396936303651017e+01
-4.501396936303650875e+01
-4.491396936303650733e+01
-4.481396936303650591e+01
-4.471396936303650449e+01
-4.461396936303650307e+01
-4.451396936303650165e+01
-4.441396936303650023e+01
-4.431396936303649881e+01
-4.421396936303649738e+01
-4.411396936303649596e+01
-4.401396936303649454e+01
-4.391396936303649312e+01
-4.381396936303649170e+01
-4.371396936303649028e+01
-4.361396936303648886e+01
-4.351396936303648744e+01
-4.341396936303648602e+01
-4.331396936303648459e+01
-4.321396936303648317e+01
-4.311396936303648175e+01
-4.301396936303648033e+01
-4.291396936303647891e+01
-4.281396936303647749e+01
-4.271396936303647607e+01
-4.261396936303647465e+01
-4.251396936303647323e+01
-4.241396936303647180e+01
-4.231396936303647038e+01
-4.221396936303646896e+01
-4.211396936303646754e+01
-4.201396936303646612e+01
-4.191396936303646470e+01
-4.181396936303646328e+01
-4.171396936303646186e+01
-4.161396936303646044e+01
-4.151396936303645901e+01
-4.141396936303645759e+01
-4.131396936303645617e+01
-4.121396936303645475e+01
-4.111396936303645333e+01
-4.101396936303645191e+01
-4.091396936303645049e+01
-4.081396936303644907e+01
-4.071396936303644765e+01
-4.061396936303644623e+01
-4.051396936303644480e+01
-4.041396936303644338e+01
-4.031396936303644196e+01
-4.021396936303644054e+01
-4.011396936303643912e+01
-4.001396936303643770e+01
-3.991396936303643628e+01
-3.981396936303643486e+01
-3.971396936303643344e+01
-3.961396936303643201e+01
-3.951396936303643059e+01
-3.941396936303642917e+01
-3.931396936303642775e+01
-3.921396936303642633e+01
-3.911396936303642491e+01
-3.901396936303642349e+01
-3.891396936303642207e+01
-3.881396936303642065e+01
-3.871396936303641922e+01
-3.861396936303641780e+01
-3.851396936303641638e+01
-3.841396936303641496e+01
-3.831396936303641354e+01
-3.821396936303641212e+01
-3.811396936303641070e+01
-3.801396936303640928e+01
-3.791396936303640786e+01
-3.781396936303640643e+01
-3.771396936303640501e+01
-3.761396936303640359e+01
-3.751396936303640217e+01
-3.741396936303640075e+01
-3.731396936303639933e+01
-3.721396936303639791e+01
-3.711396936303639649e+01
-3.701396936303639507e+01
-3.691396936303639364e+01
-3.681396936303639222e+01
-3.671396936303639080e+01
-3.661396936303638938e+01
-3.651396936303638796e+01
-3.641396936303638654e+01
-3.631396936303638512e+01
-3.621396936303638370e+01
-3.611396936303638228e+01
-3.601396936303638086e+01
-3.591396936303637943e+01
-3.581396936303637801e+01
-3.571396936303637659e+01
-3.561396936303637517e+01
-3.551396936303637375e+01
-3.541396936303637233e+01
-3.531396936303637091e+01
-3.521396936303636949e+01
-3.511396936303636807e+01
-3.501396936303636664e+01
-3.491396936303636522e+01
-3.481396936303636380e+01
-3.471396936303636238e+01
-3.461396936303636096e+01
-3.451396936303635954e+01
-3.441396936303635812e+01
-3.431396936303635670e+01
-3.421396936303635528e+01
-3.411396936303635385e+01
-3.401396936303635243e+01
-3.391396936303635101e+01
-3.381396936303634959e+01
-3.371396936303634817e+01
-3.361396936303634675e+01
-3.351396936303634533e+01
-3.341396936303634391e+01
-3.331396936303634249e+01
-3.321396936303634106e+01
-3.311396936303633964e+01
-3.301396936303633822e+01
-3.291396936303633680e+01
-3.281396936303633538e+01
-3.271396936303633396e+01
-3.261396936303633254e+01
-3.251396936303633112e+01
-3.241396936303632970e+01
-3.231396936303632828e+01
-3.221396936303632685e+01
-3.211396936303632543e+01
-3.201396936303632401e+01
-3.191396936303632259e+01
-3.181396936303632117e+01
-3.171396936303631975e+01
-3.161396936303631833e+01
-3.151396936303631691e+01
-3.141396936303631549e+01
-3.131396936303631406e+01
-3.121396936303631264e+01
-3.111396936303631122e+01
-3.101396936303630980e+01
-3.091396936303630838e+01
-3.081396936303630696e+01
-3.071396936303630554e+01
-3.061396936303630412e+01
-3.051396936303630270e+01
-3.041396936303630127e+01
-3.031396936303629985e+01
-3.021396936303629843e+01
-3.011396936303629701e+01
-3.001396936303629559e+01
-2.991396936303629417e+01
-2.981396936303629275e+01
-2.971396936303629133e+01
-2.961396936303628991e+01
-2.951396936303628848e+01
-2.941396936303628706e+01
-2.931396936303628564e+01
-2.921396936303628422e+01
-2.911396936303628280e+01
-2.901396936303628138e+01
-2.891396936303627996e+01
-2.881396936303627854e+01
-2.871396936303627712e+01
-2.861396936303627569e+01
-2.851396936303627427e+01
-2.841396936303627285e+01
-2.831396936303627143e+01
-2.821396936303627001e+01
-2.811396936303626859e+01
-2.801396936303626717e+01
-2.791396936303626575e+01
-2.781396936303626433e+01
-2.771396936303626291e+01
-2.761396936303626148e+01
-2.751396936303626006e+01
-2.741396936303625864e+01
-2.731396936303625722e+01
-2.721396936303625580e+01
-2.711396936303625438e+01
-2.701396936303625296e+01
-2.691396936303625154e+01
-2.681396936303625012e+01
-2.671396936303624869e+01
-2.661396936303624727e+01
-2.651396936303624585e+01
-2.641396936303624443e+01
-2.631396936303624301e+01
-2.621396936303624159e+01
-2.611396936303624017e+01
-2.601396936303623875e+01
-2.591396936303623733e+01
-2.581396936303623590e+01
-2.571396936303623448e+01
-2.561396936303623306e+01
-2.551396936303623164e+01
-2.541396936303623022e+01
-2.531396936303622880e+01
-2.521396936303622738e+01
-2.511396936303622596e+01
-2.501396936303622454e+01
-2.491396936303622311e+01
-2.481396936303622169e+01
-2.471396936303622027e+01
-2.461396936303621885e+01
-2.451396936303621743e+01
-2.441396936303621601e+01
-2.431396936303621459e+01
-2.421396936303621317e+01
-2.411396936303621175e+01
-2.401396936303621032e+01
-2.391396936303620890e+01
-2.381396936303620748e+01
-2.371396936303620606e+01
-2.361396936303620464e+01
-2.351396936303620322e+01
-2.341396936303620180e+01
-2.331396936303620038e+01
-2.321396936303619896e+01
-2.311396936303619754e+01
-2.301396936303619611e+01
-2.291396936303619469e+01
-2.281396936303619327e+01
-2.271396936303619185e+01
-2.261396936303619043e+01
-2.251396936303618901e+01
-2.241396936303618759e+01
-2.231396936303618617e+01
-2.221396936303618475e+01
-2.211396936303618332e+01
-2.201396936303618190e+01
-2.191396936303618048e+01
-2.181396936303617906e+01
-2.171396936303617764e+01
-2.161396936303617622e+01
-2.151396936303617480e+01
-2.141396936303617338e+01
-2.131396936303617196e+01
-2.121396936303617053e+01
-2.111396936303616911e+01
-2.101396936303616769e+01
-2.091396936303616627e+01
-2.081396936303616485e+01
-2.071396936303616343e+01
-2.061396936303616201e+01
-2.051396936303616059e+01
-2.041396936303615917e+01
-2.031396936303615774e+01
-2.021396936303615632e+01
-2.011396936303615490e+01
-2.001396936303615348e+01
-1.991396936303615206e+01
-1.981396936303615064e+01
-1.971396936303614922e+01
-1.961396936303614780e+01
-1.951396936303614638e+01
-1.941396936303614496e+01
-1.931396936303614353e+01
-1.921396936303614211e+01
-1.911396936303614069e+01
-1.901396936303613927e+01
-1.891396936303613785e+01
-1.881396936303613643e+01
-1.871396936303613501e+01
-1.861396936303613359e+01
-1.851396936303613217e+01
-1.841396936303613074e+01
-1.831396936303612932e+01
-1.821396936303612790e+01
-1.811396936303612648e+01
-1.801396936303612506e+01
-1.791396936303612364e+01
-1.781396936303612222e+01
-1.771396936303612080e+01
-1.761396936303611938e+01
-1.751396936303611795e+01
-1.741396936303611653e+01
-1.731396936303611511e+01
-1.721396936303611369e+01
-1.711396936303611227e+01
-1.701396936303611085e+01
-1.691396936303610943e+01
-1.681396936303610801e+01
-1.671396936303610659e+01
-1.661396936303610516e+01
-1.651396936303610374e+01
-1.641396936303610232e+01
-1.631396936303610090e+01
-1.621396936303609948e+01
-1.611396936303609806e+01
-1.601396936303609664e+01
-1.591396936303609699e+01
-1.581396936303609735e+01
-1.571396936303609770e+01
-1.561396936303609806e+01
-1.551396936303609841e+01
-1.541396936303609877e+01
-1.531396936303609912e+01
-1.521396936303609948e+01
-1.511396936303609984e+01
-1.501396936303610019e+01
-1.491396936303610055e+01
-1.481396936303610090e+01
-1.471396936303610126e+01
-1.461396936303610161e+01
-1.451396936303610197e+01
-1.441396936303610232e+01
-1.431396936303610268e+01
-1.421396936303610303e+01
-1.411396936303610339e+01
-1.401396936303610374e+01
-1.391396936303610410e+01
-1.381396936303610445e+01
-1.371396936303610481e+01
-1.361396936303610516e+01
-1.351396936303610552e+01
-1.341396936303610588e+01
-1.331396936303610623e+01
-1.321396936303610659e+01
-1.311396936303610694e+01
-1.301396936303610730e+01
-1.291396936303610765e+01
-1.281396936303610801e+01
-1.271396936303610836e+01
-1.261396936303610872e+01
-1.251396936303610907e+01
-1.241396936303610943e+01
-1.231396936303610978e+01
-1.221396936303611014e+01
-1.211396936303611049e+01
-1.201396936303611085e+01
-1.191396936303611120e+01
-1.181396936303611156e+01
-1.171396936303611191e+01
-1.161396936303611227e+01
-1.151396936303611263e+01
-1.141396936303611298e+01
-1.131396936303611334e+01
-1.121396936303611369e+01
-1.111396936303611405e+01
-1.101396936303611440e+01
-1.091396936303611476e+01
-1.081396936303611511e+01
-1.071396936303611547e+01
-1.061396936303611582e+01
-1.051396936303611618e+01
-1.041396936303611653e+01
-1.031396936303611689e+01
-1.021396936303611724e+01
-1.011396936303611760e+01
-1.001396936303611795e+01
-9.913969363036118310e+00
-9.813969363036118665e+00
-9.713969363036119020e+00
-9.613969363036119375e+00
-9.513969363036119731e+00
-9.413969363036120086e+00
-9.313969363036120441e+00
-9.213969363036120797e+00
-9.113969363036121152e+00
-9.013969363036121507e+00
-8.913969363036121862e+00
-8.813969363036122218e+00
-8.713969363036122573e+00
-8.613969363036122928e+00
-8.513969363036123283e+00
-8.413969363036123639e+00
-8.313969363036123994e+00
-8.213969363036124349e+00
-8.113969363036124705e+00
-8.013969363036125060e+00
-7.913969363036125415e+00
-7.813969363036125770e+00
-7.713969363036126126e+00
-7.613969363036126481e+00
-7.513969363036126836e+00
-7.413969363036127191e+00
-7.313969363036127547e+00
-7.213969363036127902e+00
-7.113969363036128257e+00
-7.013969363036128613e+00
-6.913969363036128968e+00
-6.813969363036129323e+00
-6.713969363036129678e+00
-6.613969363036130034e+00
-6.513969363036130389e+00
-6.413969363036130744e+00
-6.313969363036131099e+00
-6.213969363036131455e+00
-6.113969363036131810e+00
-6.013969363036132165e+00
-5.913969363036132521e+00
-5.813969363036132876e+00
-5.713969363036133231e+00
-5.613969363036133586e+00
-5.513969363036133942e+00
-5.413969363036134297e+00
-5.313969363036134652e+00
-5.213969363036135007e+00
-5.113969363036135363e+00
-5.013969363036135718e+00
-4.913969363036136073e+00
-4.813969363036136428e+00
-4.713969363036136784e+00
-4.613969363036137139e+00
-4.513969363036137494e+00
-4.413969363036137850e+00
-4.313969363036138205e+00
-4.213969363036138560e+00
-4.113969363036138915e+00
-4.013969363036139271e+00
-3.913969363036139182e+00
-3.813969363036139093e+00
-3.713969363036139004e+00
-3.613969363036138915e+00
-3.513969363036138827e+00
-3.413969363036138738e+00
-3.313969363036138649e+00
-3.213969363036138560e+00
-3.113969363036138471e+00
-3.013969363036138382e+00
-2.913969363036138294e+00
-2.813969363036138205e+00
-2.713969363036138116e+00
-2.613969363036138027e+00
-2.513969363036137938e+00
-2.413969363036137850e+00
-2.313969363036137761e+00
-2.213969363036137672e+00
-2.113969363036137583e+00
-2.013969363036137494e+00
-1.913969363036137405e+00
-1.813969363036137317e+00
-1.713969363036137228e+00
-1.613969363036137139e+00
-1.513969363036137050e+00
-1.413969363036136961e+00
-1.313969363036136873e+00
-1.213969363036136784e+00
-1.113969363036136695e+00
-1.013969363036136606e+00
-9.139693630361366283e-01
-8.139693630361366505e-01
-7.139693630361366727e-01
-6.139693630361366949e-01
-5.139693630361367171e-01
-4.139693630361367394e-01
-3.139693630361367616e-01
-2.139693630361367560e-01
-1.139693630361367505e-01
-1.396936303613674490e-02
8.603063696386326065e-02
1.860306369638632662e-01
2.860306369638632717e-01
3.860306369638633051e-01
4.860306369638632829e-01
5.860306369638632606e-01
6.860306369638632384e-01
7.860306369638632162e-01
8.860306369638631940e-01
9.860306369638631718e-01
1.086030636963863261e+00
1.186030636963863349e+00
1.286030636963863438e+00
1.386030636963863527e+00
1.486030636963863616e+00
1.586030636963863705e+00
1.686030636963863794e+00
1.786030636963863882e+00
1.886030636963863971e+00
1.986030636963864060e+00
2.086030636963863927e+00
2.186030636963864016e+00
2.286030636963864104e+00
2.386030636963864193e+00
2.486030636963864282e+00
2.586030636963864371e+00
2.686030636963864460e+00
2.786030636963864549e+00
2.886030636963864637e+00
2.986030636963864726e+00
3.086030636963864815e+00
3.186030636963864904e+00
3.286030636963864993e+00
3.386030636963865081e+00
3.486030636963865170e+00
3.586030636963865259e+00
3.686030636963865348e+00
3.786030636963865437e+00
3.886030636963865526e+00
3.986030636963865614e+00
4.086030636963865703e+00
4.186030636963865348e+00
4.286030636963864993e+00
4.386030636963864637e+00
4.486030636963864282e+00
4.586030636963863927e+00
4.686030636963863572e+00
4.786030636963863216e+00
4.886030636963862861e+00
4.986030636963862506e+00
5.086030636963862150e+00
5.186030636963861795e+00
5.286030636963861440e+00
5.386030636963861085e+00
5.486030636963860729e+00
5.586030636963860374e+00
5.686030636963860019e+00
5.786030636963859664e+00
5.886030636963859308e+00
5.986030636963858953e+00
6.086030636963858598e+00
6.186030636963858242e+00
6.286030636963857887e+00
6.386030636963857532e+00
6.486030636963857177e+00
6.586030636963856821e+00
6.686030636963856466e+00
6.786030636963856111e+00
6.886030636963855756e+00
6.986030636963855400e+00
7.086030636963855045e+00
7.186030636963854690e+00
7.286030636963854334e+00
7.386030636963853979e+00
7.486030636963853624e+00
7.586030636963853269e+00
7.686030636963852913e+00
7.786030636963852558e+00
7.886030636963852203e+00
7.986030636963851848e+00
8.086030636963851492e+00
8.186030636963851137e+00
8.286030636963850782e+00
8.386030636963850426e+00
8.486030636963850071e+00
8.586030636963849716e+00
8.686030636963849361e+00
8.786030636963849005e+00
8.886030636963848650e+00
8.986030636963848295e+00
9.086030636963847940e+00
9.186030636963847584e+00
9.286030636963847229e+00
9.386030636963846874e+00
9.486030636963846518e+00
9.586030636963846163e+00
9.686030636963845808e+00
9.786030636963845453e+00
9.886030636963845097e+00
9.986030636963844742e+00
1.008603063696384439e+01
1.018603063696384403e+01
1.028603063696384368e+01
1.038603063696384332e+01
1.048603063696384297e+01
1.058603063696384261e+01
1.068603063696384226e+01
1.078603063696384190e+01
1.088603063696384154e+01
1.098603063696384119e+01
1.108603063696384083e+01
1.118603063696384048e+01
1.128603063696384012e+01
1.138603063696383977e+01
1.148603063696383941e+01
1.158603063696383906e+01
1.168603063696383870e+01
1.178603063696383835e+01
1.188603063696383799e+01
1.198603063696383764e+01
1.208603063696383728e+01
1.218603063696383693e+01
1.228603063696383657e+01
1.238603063696383622e+01
1.248603063696383586e+01
1.258603063696383551e+01
1.268603063696383515e+01
1.278603063696383479e+01
1.288603063696383444e+01
1.298603063696383408e+01
1.308603063696383373e+01
1.318603063696383337e+01
1.328603063696383302e+01
1.338603063696383266e+01
1.348603063696383231e+01
1.358603063696383195e+01
1.368603063696383160e+01
1.378603063696383124e+01
1.388603063696383089e+01
1.398603063696383053e+01
1.408603063696383018e+01
1.418603063696382982e+01
1.428603063696382947e+01
1.438603063696382911e+01
1.448603063696382875e+01
1.458603063696382840e+01
1.468603063696382804e+01
1.478603063696382769e+01
1.488603063696382733e+01
1.498603063696382698e+01
1.508603063696382662e+01
1.518603063696382627e+01
1.528603063696382591e+01
1.538603063696382556e+01
1.548603063696382520e+01
1.558603063696382485e+01
1.568603063696382449e+01
1.578603063696382414e+01
1.588603063696382378e+01
1.598603063696382343e+01
1.608603063696382307e+01
1.618603063696382449e+01
1.628603063696382591e+01
1.638603063696382733e+01
1.648603063696382875e+01
1.658603063696383018e+01
1.668603063696383160e+01
1.678603063696383302e+01
1.688603063696383444e+01
1.698603063696383586e+01
1.708603063696383728e+01
1.718603063696383870e+01
1.728603063696384012e+01
1.738603063696384154e+01
1.748603063696384297e+01
1.758603063696384439e+01
1.768603063696384581e+01
1.778603063696384723e+01
1.788603063696384865e+01
1.798603063696385007e+01
1.808603063696385149e+01
1.818603063696385291e+01
1.828603063696385433e+01
1.838603063696385576e+01
1.848603063696385718e+01
1.858603063696385860e+01
1.868603063696386002e+01
1.878603063696386144e+01
1.888603063696386286e+01
1.898603063696386428e+01
1.908603063696386570e+01
1.918603063696386712e+01
1.928603063696386855e+01
1.938603063696386997e+01
1.948603063696387139e+01
1.958603063696387281e+01
1.968603063696387423e+01
1.978603063696387565e+01
1.988603063696387707e+01
1.998603063696387849e+01
2.008603063696387991e+01
2.018603063696388134e+01
2.028603063696388276e+01
2.038603063696388418e+01
2.048603063696388560e+01
2.058603063696388702e+01
2.068603063696388844e+01
2.078603063696388986e+01
2.088603063696389128e+01
2.098603063696389270e+01
2.108603063696389412e+01
2.118603063696389555e+01
2.128603063696389697e+01
2.138603063696389839e+01
2.148603063696389981e+01
2.158603063696390123e+01
2.168603063696390265e+01
2.178603063696390407e+01
2.188603063696390549e+01
2.198603063696390691e+01
2.208603063696390834e+01
2.218603063696390976e+01
2.228603063696391118e+01
2.238603063696391260e+01
2.248603063696391402e+01
2.258603063696391544e+01
2.268603063696391686e+01
2.278603063696391828e+01
2.288603063696391970e+01
2.298603063696392113e+01
2.308603063696392255e+01
2.318603063696392397e+01
2.328603063696392539e+01
2.338603063696392681e+01
2.348603063696392823e+01
2.358603063696392965e+01
2.368603063696393107e+01
2.378603063696393249e+01
2.388603063696393392e+01
2.398603063696393534e+01
2.408603063696393676e+01
2.418603063696393818e+01
2.428603063696393960e+01
2.438603063696394102e+01
2.448603063696394244e+01
2.458603063696394386e+01
2.468603063696394528e+01
2.478603063696394671e+01
2.488603063696394813e+01
2.498603063696394955e+01
2.508603063696395097e+01
2.518603063696395239e+01
2.528603063696395381e+01
2.538603063696395523e+01
2.548603063696395665e+01
2.558603063696395807e+01
2.568603063696395949e+01
2.578603063696396092e+01
2.588603063696396234e+01
2.598603063696396376e+01
2.608603063696396518e+01
2.618603063696396660e+01
2.628603063696396802e+01
2.638603063696396944e+01
2.648603063696397086e+01
2.658603063696397228e+01
2.668603063696397371e+01
2.678603063696397513e+01
2.688603063696397655e+01
2.698603063696397797e+01
2.708603063696397939e+01
2.718603063696398081e+01
2.728603063696398223e+01
2.738603063696398365e+01
2.748603063696398507e+01
2.758603063696398650e+01
2.768603063696398792e+01
2.778603063696398934e+01
2.788603063696399076e+01
2.798603063696399218e+01
2.808603063696399360e+01
2.818603063696399502e+01
2.828603063696399644e+01
2.838603063696399786e+01
2.848603063696399929e+01
2.858603063696400071e+01
2.868603063696400213e+01
2.878603063696400355e+01
2.888603063696400497e+01
2.898603063696400639e+01
2.908603063696400781e+01
2.918603063696400923e+01
2.928603063696401065e+01
2.938603063696401207e+01
2.948603063696401350e+01
2.958603063696401492e+01
2.968603063696401634e+01
2.978603063696401776e+01
2.988603063696401918e+01
2.998603063696402060e+01
3.008603063696402202e+01
3.018603063696402344e+01
3.028603063696402486e+01
3.038603063696402629e+01
3.048603063696402771e+01
3.058603063696402913e+01
3.068603063696403055e+01
3.078603063696403197e+01
3.088603063696403339e+01
3.098603063696403481e+01
3.108603063696403623e+01
3.118603063696403765e+01
3.128603063696403908e+01
3.138603063696404050e+01
3.148603063696404192e+01
3.158603063696404334e+01
3.168603063696404476e+01
3.178603063696404618e+01
3.188603063696404760e+01
3.198603063696404902e+01
3.208603063696404689e+01
3.218603063696404831e+01
3.228603063696404973e+01
3.238603063696405115e+01
3.248603063696405258e+01
3.258603063696405400e+01
3.268603063696405542e+01
3.278603063696405684e+01
3.288603063696405826e+01
3.298603063696405968e+01
3.308603063696406110e+01
3.318603063696406252e+01
3.328603063696406394e+01
3.338603063696406537e+01
3.348603063696406679e+01
3.358603063696406821e+01
3.368603063696406963e+01
3.378603063696407105e+01
3.388603063696407247e+01
3.398603063696407389e+01
3.408603063696407531e+01
3.418603063696407673e+01
3.428603063696407816e+01
3.438603063696407958e+01
3.448603063696408100e+01
3.458603063696408242e+01
3.468603063696408384e+01
3.478603063696408526e+01
3.488603063696408668e+01
3.498603063696408810e+01
3.508603063696408952e+01
3.518603063696409095e+01
3.528603063696409237e+01
3.538603063696409379e+01
3.548603063696409521e+01
3.558603063696409663e+01
3.568603063696409805e+01
3.578603063696409947e+01
3.588603063696410089e+01
3.598603063696410231e+01
3.608603063696410373e+01
3.618603063696410516e+01
3.628603063696410658e+01
3.638603063696410800e+01
3.648603063696410942e+01
3.658603063696411084e+01
3.668603063696411226e+01
3.678603063696411368e+01
3.688603063696411510e+01
3.698603063696411652e+01
3.708603063696411795e+01
3.718603063696411937e+01
3.728603063696412079e+01
3.738603063696412221e+01
3.748603063696412363e+01
3.758603063696412505e+01
3.768603063696412647e+01
3.778603063696412789e+01
3.788603063696412931e+01
3.798603063696413074e+01
3.808603063696413216e+01
3.818603063696413358e+01
3.828603063696413500e+01
3.838603063696413642e+01
3.848603063696413784e+01
3.858603063696413926e+01
3.868603063696414068e+01
3.878603063696414210e+01
3.888603063696414353e+01
3.898603063696414495e+01
3.908603063696414637e+01
3.918603063696414779e+01
3.928603063696414921e+01
3.938603063696415063e+01
3.948603063696415205e+01
3.958603063696415347e+01
3.968603063696415489e+01
3.978603063696415632e+01
3.988603063696415774e+01
3.998603063696415916e+01
4.008603063696416058e+01
4.018603063696416200e+01
4.028603063696416342e+01
4.038603063696416484e+01
4.048603063696416626e+01
4.058603063696416768e+01
4.068603063696416910e+01
4.078603063696417053e+01
4.088603063696417195e+01
4.098603063696417337e+01
4.108603063696417479e+01
4.118603063696417621e+01
4.128603063696417763e+01
4.138603063696417905e+01
4.148603063696418047e+01
4.158603063696418189e+01
4.168603063696418332e+01
4.178603063696418474e+01
4.188603063696418616e+01
4.198603063696418758e+01
4.208603063696418900e+01
4.218603063696419042e+01
4.228603063696419184e+01
4.238603063696419326e+01
4.248603063696419468e+01
4.258603063696419611e+01
4.268603063696419753e+01
4.278603063696419895e+01
4.288603063696420037e+01
4.298603063696420179e+01
4.308603063696420321e+01
4.318603063696420463e+01
4.328603063696420605e+01
4.338603063696420747e+01
4.348603063696420890e+01
4.358603063696421032e+01
4.368603063696421174e+01
4.378603063696421316e+01
4.388603063696421458e+01
4.398603063696421600e+01
4.408603063696421742e+01
4.418603063696421884e+01
4.428603063696422026e+01
4.438603063696422169e+01
4.448603063696422311e+01
4.458603063696422453e+01
4.468603063696422595e+01
4.478603063696422737e+01
4.488603063696422879e+01
4.498603063696423021e+01
4.508603063696423163e+01
4.518603063696423305e+01
4.528603063696423447e+01
4.538603063696423590e+01
4.548603063696423732e+01
4.558603063696423874e+01
4.568603063696424016e+01
4.578603063696424158e+01
4.588603063696424300e+01
4.598603063696424442e+01
4.608603063696424584e+01
4.618603063696424726e+01
4.628603063696424869e+01
4.638603063696425011e+01
4.648603063696425153e+01
4.658603063696425295e+01
4.668603063696425437e+01
4.678603063696425579e+01
4.688603063696425721e+01
4.698603063696425863e+01
4.708603063696426005e+01
4.718603063696426148e+01
4.728603063696426290e+01
4.738603063696426432e+01
4.748603063696426574e+01
4.758603063696426716e+01
4.768603063696426858e+01
4.778603063696427000e+01
4.788603063696427142e+01
4.798603063696427284e+01
4.808603063696427427e+01
4.818603063696427569e+01
4.828603063696427711e+01
4.838603063696427853e+01
4.848603063696427995e+01
4.858603063696428137e+01
4.868603063696428279e+01
4.878603063696428421e+01
4.888603063696428563e+01
4.898603063696428705e+01
4.908603063696428848e+01
4.918603063696428990e+01
4.928603063696429132e+01
4.938603063696429274e+01
4.948603063696429416e+01
4.958603063696429558e+01
4.968603063696429700e+01
4.978603063696429842e+01
4.988603063696429984e+01
4.998603063696430127e+01
5.008603063696430269e+01
5.018603063696430411e+01
5.028603063696430553e+01
5.038603063696430695e+01
5.048603063696430837e+01
5.058603063696430979e+01
5.068603063696431121e+01
5.078603063696431263e+01
5.088603063696431406e+01
5.098603063696431548e+01
5.108603063696431690e+01
5.118603063696431832e+01
5.128603063696431974e+01
5.138603063696432116e+01
5.148603063696432258e+01
5.158603063696432400e+01
5.168603063696432542e+01
5.178603063696432685e+01
5.188603063696432827e+01
5.198603063696432969e+01
5.208603063696433111e+01
5.218603063696433253e+01
5.228603063696433395e+01
5.238603063696433537e+01
5.248603063696433679e+01
5.258603063696433821e+01
5.268603063696433964e+01
5.278603063696434106e+01
5.288603063696434248e+01
5.298603063696434390e+01
5.308603063696434532e+01
5.318603063696434674e+01
5.328603063696434816e+01
5.338603063696434958e+01
5.348603063696435100e+01
5.358603063696435242e+01
5.368603063696435385e+01
5.378603063696435527e+01
5.388603063696435669e+01
5.398603063696435811e+01
5.408603063696435953e+01
5.418603063696436095e+01
5.428603063696436237e+01
5.438603063696436379e+01
5.448603063696436521e+01
5.458603063696436664e+01
5.468603063696436806e+01
5.478603063696436948e+01
5.488603063696437090e+01
5.498603063696437232e+01
5.508603063696437374e+01
5.518603063696437516e+01
5.528603063696437658e+01
5.538603063696437800e+01
5.548603063696437943e+01
5.558603063696438085e+01
5.568603063696438227e+01
5.578603063696438369e+01
5.588603063696438511e+01
5.598603063696438653e+01
5.608603063696438795e+01
5.618603063696438937e+01
5.628603063696439079e+01
5.638603063696439222e+01
5.648603063696439364e+01
5.658603063696439506e+01
5.668603063696439648e+01
5.678603063696439790e+01
5.688603063696439932e+01
5.698603063696440074e+01
5.708603063696440216e+01
5.718603063696440358e+01
5.728603063696440501e+01
5.738603063696440643e+01
5.748603063696440785e+01
5.758603063696440927e+01
5.768603063696441069e+01
5.778603063696441211e+01
5.788603063696441353e+01
5.798603063696441495e+01
5.808603063696441637e+01
5.818603063696441779e+01
5.828603063696441922e+01
5.838603063696442064e+01
5.848603063696442206e+01
5.858603063696442348e+01
5.868603063696442490e+01
5.878603063696442632e+01
5.888603063696442774e+01
5.898603063696442916e+01
5.908603063696443058e+01
5.918603063696443201e+01
5.928603063696443343e+01
5.938603063696443485e+01
5.948603063696443627e+01
5.958603063696443769e+01
5.968603063696443911e+01
5.978603063696444053e+01
5.988603063696444195e+01
5.998603063696444337e+01
6.008603063696444480e+01
6.018603063696444622e+01
6.028603063696444764e+01
6.038603063696444906e+01
6.048603063696445048e+01
6.058603063696445190e+01
6.068603063696445332e+01
6.078603063696445474e+01
6.088603063696445616e+01
6.098603063696445759e+01
6.108603063696445901e+01
6.118603063696446043e+01
6.128603063696446185e+01
6.138603063696446327e+01
6.148603063696446469e+01
6.158603063696446611e+01
6.168603063696446753e+01
6.178603063696446895e+01
6.188603063696447038e+01
6.198603063696447180e+01
6.208603063696447322e+01
6.218603063696447464e+01
6.228603063696447606e+01
6.238603063696447748e+01
6.248603063696447890e+01
6.258603063696448032e+01
6.268603063696448174e+01
6.278603063696448316e+01
6.288603063696448459e+01
6.298603063696448601e+01
6.308603063696448743e+01
6.318603063696448885e+01
6.328603063696449027e+01
6.338603063696449169e+01
6.348603063696449311e+01
6.358603063696449453e+01
6.368603063696449595e+01
6.378603063696449738e+01
6.388603063696449880e+01
6.398603063696450022e+01
6.408603063696449453e+01
6.418603063696448885e+01
6.428603063696448316e+01
6.438603063696447748e+01
6.448603063696447180e+01
6.458603063696446611e+01
6.468603063696446043e+01
6.478603063696445474e+01
6.488603063696444906e+01
6.498603063696444337e+01
6.508603063696443769e+01
6.518603063696443201e+01
6.528603063696442632e+01
6.538603063696442064e+01
6.548603063696441495e+01
6.558603063696440927e+01
6.568603063696440358e+01
6.578603063696439790e+01
6.588603063696439222e+01
6.598603063696438653e+01
6.608603063696438085e+01
6.618603063696437516e+01
6.628603063696436948e+01
6.638603063696436379e+01
6.648603063696435811e+01
6.658603063696435242e+01
6.668603063696434674e+01
6.678603063696434106e+01
6.688603063696433537e+01
6.698603063696432969e+01
6.708603063696432400e+01
6.718603063696431832e+01
6.728603063696431263e+01
6.738603063696430695e+01
6.748603063696430127e+01
6.758603063696429558e+01
6.768603063696428990e+01
6.778603063696428421e+01
6.788603063696427853e+01
6.798603063696427284e+01
6.808603063696426716e+01
6.818603063696426148e+01
6.828603063696425579e+01
6.838603063696425011e+01
6.848603063696424442e+01
6.858603063696423874e+01
6.868603063696423305e+01
6.878603063696422737e+01
6.888603063696422169e+01
6.898603063696421600e+01
6.908603063696421032e+01
6.918603063696420463e+01
6.928603063696419895e+01
6.938603063696419326e+01
6.948603063696418758e+01
6.958603063696418189e+01
6.968603063696417621e+01
6.978603063696417053e+01
6.988603063696416484e+01
6.998603063696415916e+01
7.008603063696415347e+01
7.018603063696414779e+01
7.028603063696414210e+01
7.038603063696413642e+01
7.048603063696413074e+01
7.058603063696412505e+01
7.068603063696411937e+01
7.078603063696411368e+01
7.088603063696410800e+01
7.098603063696410231e+01
7.108603063696409663e+01
7.118603063696409095e+01
7.128603063696408526e+01
7.138603063696407958e+01
7.148603063696407389e+01
7.158603063696406821e+01
7.168603063696406252e+01
7.178603063696405684e+01
7.188603063696405115e+01
7.198603063696404547e+01
7.208603063696403979e+01
7.218603063696403410e+01
7.228603063696402842e+01
7.238603063696402273e+01
7.248603063696401705e+01
7.258603063696401136e+01
7.268603063696400568e+01
7.278603063696400000e+01
7.288603063696399431e+01
7.298603063696398863e+01
7.308603063696398294e+01
7.318603063696397726e+01
7.328603063696397157e+01
7.338603063696396589e+01
7.348603063696396021e+01
7.358603063696395452e+01
7.368603063696394884e+01
7.378603063696394315e+01
7.388603063696393747e+01
7.398603063696393178e+01
7.408603063696392610e+01
7.418603063696392041e+01
7.428603063696391473e+01
7.438603063696390905e+01
7.448603063696390336e+01
7.458603063696389768e+01
7.468603063696389199e+01
7.478603063696388631e+01
7.488603063696388062e+01
7.498603063696387494e+01
7.508603063696386926e+01
7.518603063696386357e+01
7.528603063696385789e+01
7.538603063696385220e+01
7.548603063696384652e+01
7.558603063696384083e+01
7.568603063696383515e+01
7.578603063696382947e+01
7.588603063696382378e+01
7.598603063696381810e+01
7.608603063696381241e+01
7.618603063696380673e+01
7.628603063696380104e+01
7.638603063696379536e+01
7.648603063696378968e+01
7.658603063696378399e+01
7.668603063696377831e+01
7.678603063696377262e+01
7.688603063696376694e+01
7.698603063696376125e+01
7.708603063696375557e+01
7.718603063696374988e+01
7.728603063696374420e+01
7.738603063696373852e+01
7.748603063696373283e+01
7.758603063696372715e+01
7.768603063696372146e+01
7.778603063696371578e+01
7.788603063696371009e+01
7.798603063696370441e+01
7.808603063696369873e+01
7.818603063696369304e+01
7.828603063696368736e+01
7.838603063696368167e+01
7.848603063696367599e+01
7.858603063696367030e+01
7.868603063696366462e+01
7.878603063696365894e+01
7.888603063696365325e+01
7.898603063696364757e+01
7.908603063696364188e+01
7.918603063696363620e+01
7.928603063696363051e+01
7.938603063696362483e+01
7.948603063696361914e+01
7.958603063696361346e+01
7.968603063696360778e+01
7.978603063696360209e+01
7.988603063696359641e+01
7.998603063696359072e+01
8.008603063696358504e+01
8.018603063696357935e+01
8.028603063696357367e+01
8.038603063696356799e+01
8.048603063696356230e+01
8.058603063696355662e+01
8.068603063696355093e+01
8.078603063696354525e+01
8.088603063696353956e+01
8.098603063696353388e+01
8.108603063696352820e+01
8.118603063696352251e+01
8.128603063696351683e+01
8.138603063696351114e+01
8.148603063696350546e+01
8.158603063696349977e+01
8.168603063696349409e+01
8.178603063696348840e+01
8.188603063696348272e+01
8.198603063696347704e+01
8.208603063696347135e+01
8.218603063696346567e+01
8.228603063696345998e+01
8.238603063696345430e+01
8.248603063696344861e+01
8.258603063696344293e+01
8.268603063696343725e+01
8.278603063696343156e+01
8.288603063696342588e+01
8.298603063696342019e+01
8.308603063696341451e+01
8.318603063696340882e+01
8.328603063696340314e+01
8.338603063696339746e+01
8.348603063696339177e+01
8.358603063696338609e+01
8.368603063696338040e+01
8.378603063696337472e+01
8.388603063696336903e+01
8.398603063696336335e+01
8.408603063696335767e+01
8.418603063696335198e+01
8.428603063696334630e+01
8.438603063696334061e+01
8.448603063696333493e+01
8.458603063696332924e+01
8.468603063696332356e+01
8.478603063696331787e+01
8.488603063696331219e+01
8.498603063696330651e+01
8.508603063696330082e+01
8.518603063696329514e+01
8.528603063696328945e+01
8.538603063696328377e+01
8.548603063696327808e+01
8.558603063696327240e+01
8.568603063696326672e+01
8.578603063696326103e+01
8.588603063696325535e+01
8.598603063696324966e+01
8.608603063696324398e+01
8.618603063696323829e+01
8.628603063696323261e+01
8.638603063696322693e+01
8.648603063696322124e+01
8.658603063696321556e+01
8.668603063696320987e+01
8.678603063696320419e+01
8.688603063696319850e+01
8.698603063696319282e+01
8.708603063696318713e+01
8.718603063696318145e+01
8.728603063696317577e+01
8.738603063696317008e+01
8.748603063696316440e+01
8.758603063696315871e+01
8.768603063696315303e+01
8.778603063696314734e+01
8.788603063696314166e+01
8.798603063696313598e+01
8.808603063696313029e+01
8.818603063696312461e+01
8.828603063696311892e+01
8.838603063696311324e+01
8.848603063696310755e+01
8.858603063696310187e+01
8.868603063696309619e+01
8.878603063696309050e+01
8.888603063696308482e+01
8.898603063696307913e+01
8.908603063696307345e+01
8.918603063696306776e+01
8.928603063696306208e+01
8.938603063696305639e+01
8.948603063696305071e+01
8.958603063696304503e+01
8.968603063696303934e+01
8.978603063696303366e+01
8.988603063696302797e+01
8.998603063696302229e+01
9.008603063696301660e+01
9.018603063696301092e+01
9.028603063696300524e+01
9.038603063696299955e+01
9.048603063696299387e+01
9.058603063696298818e+01
9.068603063696298250e+01
9.078603063696297681e+01
9.088603063696297113e+01
9.098603063696296545e+01
9.108603063696295976e+01
9.118603063696295408e+01
9.128603063696294839e+01
9.138603063696294271e+01
9.148603063696293702e+01
9.158603063696293134e+01
9.168603063696292566e+01
9.178603063696291997e+01
9.188603063696291429e+01
9.198603063696290860e+01
9.208603063696290292e+01
9.218603063696289723e+01
9.228603063696289155e+01
9.238603063696288586e+01
9.248603063696288018e+01
9.258603063696287450e+01
9.268603063696286881e+01
9.278603063696286313e+01
9.288603063696285744e+01
9.298603063696285176e+01
9.308603063696284607e+01
9.318603063696284039e+01
9.328603063696283471e+01
9.338603063696282902e+01
9.348603063696282334e+01
9.358603063696281765e+01
9.368603063696281197e+01
9.378603063696280628e+01
9.388603063696280060e+01
9.398603063696279492e+01
9.408603063696278923e+01
9.418603063696278355e+01
9.428603063696277786e+01
9.438603063696277218e+01
9.448603063696276649e+01
9.458603063696276081e+01
9.468603063696275512e+01
9.478603063696274944e+01
9.488603063696274376e+01
9.498603063696273807e+01
9.508603063696273239e+01
9.518603063696272670e+01
9.528603063696272102e+01
9.538603063696271533e+01
9.548603063696270965e+01
9.558603063696270397e+01
9.568603063696269828e+01
9.578603063696269260e+01
9.588603063696268691e+01
9.598603063696268123e+01
9.608603063696267554e+01
9.618603063696266986e+01
9.628603063696266418e+01
9.638603063696265849e+01
9.648603063696265281e+01
9.658603063696264712e+01
9.668603063696264144e+01
9.678603063696263575e+01
9.688603063696263007e+01
9.698603063696262438e+01
9.708603063696261870e+01
9.718603063696261302e+01
9.728603063696260733e+01
9.738603063696260165e+01
9.748603063696259596e+01
9.758603063696259028e+01
9.768603063696258459e+01
9.778603063696257891e+01
9.788603063696257323e+01
9.798603063696256754e+01
9.808603063696256186e+01
9.818603063696255617e+01
9.828603063696255049e+01
9.838603063696254480e+01
9.848603063696253912e+01
9.858603063696253344e+01
9.868603063696252775e+01
9.878603063696252207e+01
9.888603063696251638e+01
9.898603063696251070e+01
9.908603063696250501e+01
9.918603063696249933e+01
9.928603063696249365e+01
9.938603063696248796e+01
9.948603063696248228e+01
9.958603063696247659e+01
9.968603063696247091e+01
9.978603063696246522e+01
9.988603063696245954e+01
9.998603063696245385e+01
1.000000000000000000e+02
