-1.000000000000000000e+02
-9.990205747536283809e+01
-9.960205747536284093e+01
-9.930205747536284377e+01
-9.900205747536284662e+01
-9.870205747536284946e+01
-9.840205747536285230e+01
-9.810205747536285514e+01
-9.780205747536285799e+01
-9.750205747536286083e+01
-9.720205747536286367e+01
-9.690205747536286651e+01
-9.660205747536286935e+01
-9.630205747536287220e+01
-9.600205747536287504e+01
-9.570205747536287788e+01
-9.540205747536288072e+01
-9.510205747536288357e+01
-9.480205747536288641e+01
-9.450205747536288925e+01
-9.420205747536289209e+01
-9.390205747536289493e+01
-9.360205747536289778e+01
-9.330205747536290062e+01
-9.300205747536290346e+01
-9.270205747536290630e+01
-9.240205747536290914e+01
-9.210205747536291199e+01
-9.180205747536291483e+01
-9.150205747536291767e+01
-9.120205747536292051e+01
-9.090205747536292336e+01
-9.060205747536292620e+01
-9.030205747536292904e+01
-9.000205747536293188e+01
-8.970205747536293472e+01
-8.940205747536293757e+01
-8.910205747536294041e+01
-8.880205747536294325e+01
-8.850205747536294609e+01
-8.820205747536294894e+01
-8.790205747536295178e+01
-8.760205747536295462e+01
-8.730205747536295746e+01
-8.700205747536296030e+01
-8.670205747536296315e+01
-8.640205747536296599e+01
-8.610205747536296883e+01
-8.580205747536297167e+01
-8.550205747536297451e+01
-8.520205747536297736e+01
-8.490205747536298020e+01
-8.460205747536298304e+01
-8.430205747536298588e+01
-8.400205747536298873e+01
-8.370205747536299157e+01
-8.340205747536299441e+01
-8.310205747536299725e+01
-8.280205747536300009e+01
-8.250205747536300294e+01
-8.220205747536300578e+01
-8.190205747536300862e+01
-8.160205747536301146e+01
-8.130205747536301431e+01
-8.100205747536301715e+01
-8.070205747536301999e+01
-8.040205747536302283e+01
-8.010205747536302567e+01
-7.980205747536302852e+01
-7.950205747536303136e+01
-7.920205747536303420e+01
-7.890205747536303704e+01
-7.860205747536303988e+01
-7.830205747536304273e+01
-7.800205747536304557e+01
-7.770205747536304841e+01
-7.740205747536305125e+01
-7.710205747536305410e+01
-7.680205747536305694e+01
-7.650205747536305978e+01
-7.620205747536306262e+01
-7.590205747536306546e+01
-7.560205747536306831e+01
-7.530205747536307115e+01
-7.500205747536307399e+01
-7.470205747536307683e+01
-7.440205747536307967e+01
-7.410205747536308252e+01
-7.380205747536308536e+01
-7.350205747536308820e+01
-7.320205747536309104e+01
-7.290205747536309389e+01
-7.260205747536309673e+01
-7.230205747536309957e+01
-7.200205747536310241e+01
-7.170205747536310525e+01
-7.140205747536310810e+01
-7.110205747536311094e+01
-7.080205747536311378e+01
-7.050205747536311662e+01
-7.020205747536311947e+01
-6.990205747536312231e+01
-6.960205747536312515e+01
-6.930205747536312799e+01
-6.900205747536313083e+01
-6.870205747536313368e+01
-6.840205747536313652e+01
-6.810205747536313936e+01
-6.780205747536314220e+01
-6.750205747536314504e+01
-6.720205747536314789e+01
-6.690205747536315073e+01
-6.660205747536315357e+01
-6.630205747536315641e+01
-6.600205747536315926e+01
-6.570205747536316210e+01
-6.540205747536316494e+01
-6.510205747536316778e+01
-6.480205747536317062e+01
-6.450205747536317347e+01
-6.420205747536317631e+01
-6.390205747536317915e+01
-6.360205747536318199e+01
-6.330205747536318484e+01
-6.300205747536318768e+01
-6.270205747536319052e+01
-6.240205747536319336e+01
-6.210205747536319620e+01
-6.180205747536319905e+01
-6.150205747536320189e+01
-6.120205747536320473e+01
-6.090205747536320757e+01
-6.060205747536321041e+01
-6.030205747536321326e+01
-6.000205747536321610e+01
-5.970205747536321894e+01
-5.940205747536322178e+01
-5.910205747536322463e+01
-5.880205747536322747e+01
-5.850205747536323031e+01
-5.820205747536323315e+01
-5.790205747536323599e+01
-5.760205747536323884e+01
-5.730205747536324168e+01
-5.700205747536324452e+01
-5.670205747536324736e+01
-5.640205747536325021e+01
-5.610205747536325305e+01
-5.580205747536325589e+01
-5.550205747536325873e+01
-5.520205747536326157e+01
-5.490205747536326442e+01
-5.460205747536326726e+01
-5.430205747536327010e+01
-5.400205747536327294e+01
-5.370205747536327578e+01
-5.340205747536327863e+01
-5.310205747536328147e+01
-5.280205747536328431e+01
-5.250205747536328715e+01
-5.220205747536329000e+01
-5.190205747536329284e+01
-5.160205747536329568e+01
-5.130205747536329852e+01
-5.100205747536330136e+01
-5.070205747536330421e+01
-5.040205747536330705e+01
-5.010205747536330989e+01
-4.980205747536331273e+01
-4.950205747536331558e+01
-4.920205747536331842e+01
-4.890205747536332126e+01
-4.860205747536332410e+01
-4.830205747536332694e+01
-4.800205747536332979e+01
-4.770205747536333263e+01
-4.740205747536333547e+01
-4.710205747536333831e+01
-4.680205747536334115e+01
-4.650205747536334400e+01
-4.620205747536334684e+01
-4.590205747536334968e+01
-4.560205747536335252e+01
-4.530205747536335537e+01
-4.500205747536335821e+01
-4.470205747536336105e+01
-4.440205747536336389e+01
-4.410205747536336673e+01
-4.380205747536336958e+01
-4.350205747536337242e+01
-4.320205747536337526e+01
-4.290205747536337810e+01
-4.260205747536338095e+01
-4.230205747536338379e+01
-4.200205747536338663e+01
-4.170205747536338947e+01
-4.140205747536339231e+01
-4.110205747536339516e+01
-4.080205747536339800e+01
-4.050205747536340084e+01
-4.020205747536340368e+01
-3.990205747536340652e+01
-3.960205747536340937e+01
-3.930205747536341221e+01
-3.900205747536341505e+01
-3.870205747536341789e+01
-3.840205747536342074e+01
-3.810205747536342358e+01
-3.780205747536342642e+01
-3.750205747536342926e+01
-3.720205747536343210e+01
-3.690205747536343495e+01
-3.660205747536343779e+01
-3.630205747536344063e+01
-3.600205747536344347e+01
-3.570205747536344631e+01
-3.540205747536344916e+01
-3.510205747536345200e+01
-3.480205747536345484e+01
-3.450205747536345768e+01
-3.420205747536346053e+01
-3.390205747536346337e+01
-3.360205747536346621e+01
-3.330205747536346905e+01
-3.300205747536347189e+01
-3.270205747536347474e+01
-3.240205747536347758e+01
-3.210205747536348042e+01
-3.180205747536347971e+01
-3.150205747536347900e+01
-3.120205747536347829e+01
-3.090205747536347758e+01
-3.060205747536347687e+01
-3.030205747536347616e+01
-3.000205747536347545e+01
-2.970205747536347474e+01
-2.940205747536347403e+01
-2.910205747536347332e+01
-2.880205747536347261e+01
-2.850205747536347189e+01
-2.820205747536347118e+01
-2.790205747536347047e+01
-2.760205747536346976e+01
-2.730205747536346905e+01
-2.700205747536346834e+01
-2.670205747536346763e+01
-2.640205747536346692e+01
-2.610205747536346621e+01
-2.580205747536346550e+01
-2.550205747536346479e+01
-2.520205747536346408e+01
-2.490205747536346337e+01
-2.460205747536346266e+01
-2.430205747536346195e+01
-2.400205747536346124e+01
-2.370205747536346053e+01
-2.340205747536345982e+01
-2.310205747536345910e+01
-2.280205747536345839e+01
-2.250205747536345768e+01
-2.220205747536345697e+01
-2.190205747536345626e+01
-2.160205747536345555e+01
-2.130205747536345484e+01
-2.100205747536345413e+01
-2.070205747536345342e+01
-2.040205747536345271e+01
-2.010205747536345200e+01
-1.980205747536345129e+01
-1.950205747536345058e+01
-1.920205747536344987e+01
-1.890205747536344916e+01
-1.860205747536344845e+01
-1.830205747536344774e+01
-1.800205747536344703e+01
-1.770205747536344631e+01
-1.740205747536344560e+01
-1.710205747536344489e+01
-1.680205747536344418e+01
-1.650205747536344347e+01
-1.620205747536344276e+01
-1.590205747536344205e+01
-1.560205747536344134e+01
-1.530205747536344063e+01
-1.500205747536343992e+01
-1.470205747536343921e+01
-1.440205747536343850e+01
-1.410205747536343779e+01
-1.380205747536343708e+01
-1.350205747536343637e+01
-1.320205747536343566e+01
-1.290205747536343495e+01
-1.260205747536343424e+01
-1.230205747536343353e+01
-1.200205747536343281e+01
-1.170205747536343210e+01
-1.140205747536343139e+01
-1.110205747536343068e+01
-1.080205747536342997e+01
-1.050205747536342926e+01
-1.020205747536342855e+01
-9.902057475363427841e+00
-9.602057475363427130e+00
-9.302057475363426420e+00
-9.002057475363425709e+00
-8.702057475363424999e+00
-8.402057475363424288e+00
-8.102057475363423578e+00
-7.802057475363423755e+00
-7.502057475363423933e+00
-7.202057475363424111e+00
-6.902057475363424288e+00
-6.602057475363424466e+00
-6.302057475363424643e+00
-6.002057475363424821e+00
-5.702057475363424999e+00
-5.402057475363425176e+00
-5.102057475363425354e+00
-4.802057475363425532e+00
-4.502057475363425709e+00
-4.202057475363425887e+00
-3.902057475363426065e+00
-3.602057475363426242e+00
-3.302057475363426420e+00
-3.002057475363426597e+00
-2.702057475363426775e+00
-2.402057475363426953e+00
-2.102057475363427130e+00
-1.802057475363427086e+00
-1.502057475363427042e+00
-1.202057475363426997e+00
-9.020574753634269527e-01
-6.020574753634269083e-01
-3.020574753634268639e-01
-2.057475363426819470e-03
2.979425246365732249e-01
5.979425246365732693e-01
8.979425246365733138e-01
1.197942524636573358e+00
1.497942524636573403e+00
1.797942524636573447e+00
2.097942524636573491e+00
2.397942524636573758e+00
2.697942524636573580e+00
2.997942524636573403e+00
3.297942524636573225e+00
3.597942524636573047e+00
3.897942524636572870e+00
4.197942524636572692e+00
4.497942524636572514e+00
4.797942524636572337e+00
5.097942524636572159e+00
5.397942524636571981e+00
5.697942524636571804e+00
5.997942524636571626e+00
6.297942524636571449e+00
6.597942524636571271e+00
6.897942524636571093e+00
7.197942524636570916e+00
7.497942524636570738e+00
7.797942524636570560e+00
8.097942524636570383e+00
8.397942524636571093e+00
8.697942524636571804e+00
8.997942524636572514e+00
9.297942524636573225e+00
9.597942524636573935e+00
9.897942524636574646e+00
1.019794252463657536e+01
1.049794252463657607e+01
1.079794252463657678e+01
1.109794252463657749e+01
1.139794252463657820e+01
1.169794252463657891e+01
1.199794252463657962e+01
1.229794252463658033e+01
1.259794252463658104e+01
1.289794252463658175e+01
1.319794252463658246e+01
1.349794252463658317e+01
1.379794252463658388e+01
1.409794252463658459e+01
1.439794252463658530e+01
1.469794252463658601e+01
1.499794252463658673e+01
1.529794252463658744e+01
1.559794252463658815e+01
1.589794252463658886e+01
1.619794252463658779e+01
1.649794252463658850e+01
1.679794252463658921e+01
1.709794252463658992e+01
1.739794252463659063e+01
1.769794252463659134e+01
1.799794252463659205e+01
1.829794252463659276e+01
1.859794252463659348e+01
1.889794252463659419e+01
1.919794252463659490e+01
1.949794252463659561e+01
1.979794252463659632e+01
2.009794252463659703e+01
2.039794252463659774e+01
2.069794252463659845e+01
2.099794252463659916e+01
2.129794252463659987e+01
2.159794252463660058e+01
2.189794252463660129e+01
2.219794252463660200e+01
2.249794252463660271e+01
2.279794252463660342e+01
2.309794252463660413e+01
2.339794252463660484e+01
2.369794252463660555e+01
2.399794252463660627e+01
2.429794252463660698e+01
2.459794252463660769e+01
2.489794252463660840e+01
2.519794252463660911e+01
2.549794252463660982e+01
2.579794252463661053e+01
2.609794252463661124e+01
2.639794252463661195e+01
2.669794252463661266e+01
2.699794252463661337e+01
2.729794252463661408e+01
2.759794252463661479e+01
2.789794252463661550e+01
2.819794252463661621e+01
2.849794252463661692e+01
2.879794252463661763e+01
2.909794252463661834e+01
2.939794252463661905e+01
2.969794252463661977e+01
2.999794252463662048e+01
3.029794252463662119e+01
3.059794252463662190e+01
3.089794252463662261e+01
3.119794252463662332e+01
3.149794252463662403e+01
3.179794252463662474e+01
3.209794252463662190e+01
3.239794252463661905e+01
3.269794252463661621e+01
3.299794252463661337e+01
3.329794252463661053e+01
3.359794252463660769e+01
3.389794252463660484e+01
3.419794252463660200e+01
3.449794252463659916e+01
3.479794252463659632e+01
3.509794252463659348e+01
3.539794252463659063e+01
3.569794252463658779e+01
3.599794252463658495e+01
3.629794252463658211e+01
3.659794252463657926e+01
3.689794252463657642e+01
3.719794252463657358e+01
3.749794252463657074e+01
3.779794252463656790e+01
3.809794252463656505e+01
3.839794252463656221e+01
3.869794252463655937e+01
3.899794252463655653e+01
3.929794252463655369e+01
3.959794252463655084e+01
3.989794252463654800e+01
4.019794252463654516e+01
4.049794252463654232e+01
4.079794252463653947e+01
4.109794252463653663e+01
4.139794252463653379e+01
4.169794252463653095e+01
4.199794252463652811e+01
4.229794252463652526e+01
4.259794252463652242e+01
4.289794252463651958e+01
4.319794252463651674e+01
4.349794252463651389e+01
4.379794252463651105e+01
4.409794252463650821e+01
4.439794252463650537e+01
4.469794252463650253e+01
4.499794252463649968e+01
4.529794252463649684e+01
4.559794252463649400e+01
4.589794252463649116e+01
4.619794252463648832e+01
4.649794252463648547e+01
4.679794252463648263e+01
4.709794252463647979e+01
4.739794252463647695e+01
4.769794252463647410e+01
4.799794252463647126e+01
4.829794252463646842e+01
4.859794252463646558e+01
4.889794252463646274e+01
4.919794252463645989e+01
4.949794252463645705e+01
4.979794252463645421e+01
5.009794252463645137e+01
5.039794252463644852e+01
5.069794252463644568e+01
5.099794252463644284e+01
5.129794252463644000e+01
5.159794252463643716e+01
5.189794252463643431e+01
5.219794252463643147e+01
5.249794252463642863e+01
5.279794252463642579e+01
5.309794252463642295e+01
5.339794252463642010e+01
5.369794252463641726e+01
5.399794252463641442e+01
5.429794252463641158e+01
5.459794252463640873e+01
5.489794252463640589e+01
5.519794252463640305e+01
5.549794252463640021e+01
5.579794252463639737e+01
5.609794252463639452e+01
5.639794252463639168e+01
5.669794252463638884e+01
5.699794252463638600e+01
5.729794252463638315e+01
5.759794252463638031e+01
5.789794252463637747e+01
5.819794252463637463e+01
5.849794252463637179e+01
5.879794252463636894e+01
5.909794252463636610e+01
5.939794252463636326e+01
5.969794252463636042e+01
5.999794252463635758e+01
6.029794252463635473e+01
6.059794252463635189e+01
6.089794252463634905e+01
6.119794252463634621e+01
6.149794252463634336e+01
6.179794252463634052e+01
6.209794252463633768e+01
6.239794252463633484e+01
6.269794252463633200e+01
6.299794252463632915e+01
6.329794252463632631e+01
6.359794252463632347e+01
6.389794252463632063e+01
6.419794252463631778e+01
6.449794252463631494e+01
6.479794252463631210e+01
6.509794252463630926e+01
6.539794252463630642e+01
6.569794252463630357e+01
6.599794252463630073e+01
6.629794252463629789e+01
6.659794252463629505e+01
6.689794252463629221e+01
6.719794252463628936e+01
6.749794252463628652e+01
6.779794252463628368e+01
6.809794252463628084e+01
6.839794252463627799e+01
6.869794252463627515e+01
6.899794252463627231e+01
6.929794252463626947e+01
6.959794252463626663e+01
6.989794252463626378e+01
7.019794252463626094e+01
7.049794252463625810e+01
7.079794252463625526e+01
7.109794252463625241e+01
7.139794252463624957e+01
7.169794252463624673e+01
7.199794252463624389e+01
7.229794252463624105e+01
7.259794252463623820e+01
7.289794252463623536e+01
7.319794252463623252e+01
7.349794252463622968e+01
7.379794252463622684e+01
7.409794252463622399e+01
7.439794252463622115e+01
7.469794252463621831e+01
7.499794252463621547e+01
7.529794252463621262e+01
7.559794252463620978e+01
7.589794252463620694e+01
7.619794252463620410e+01
7.649794252463620126e+01
7.679794252463619841e+01
7.709794252463619557e+01
7.739794252463619273e+01
7.769794252463618989e+01
7.799794252463618704e+01
7.829794252463618420e+01
7.859794252463618136e+01
7.889794252463617852e+01
7.919794252463617568e+01
7.949794252463617283e+01
7.979794252463616999e+01
8.009794252463616715e+01
8.039794252463616431e+01
8.069794252463616147e+01
8.099794252463615862e+01
8.129794252463615578e+01
8.159794252463615294e+01
8.189794252463615010e+01
8.219794252463614725e+01
8.249794252463614441e+01
8.279794252463614157e+01
8.309794252463613873e+01
8.339794252463613589e+01
8.369794252463613304e+01
8.399794252463613020e+01
8.429794252463612736e+01
8.459794252463612452e+01
8.489794252463612168e+01
8.519794252463611883e+01
8.549794252463611599e+01
8.579794252463611315e+01
8.609794252463611031e+01
8.639794252463610746e+01
8.669794252463610462e+01
8.699794252463610178e+01
8.729794252463609894e+01
8.759794252463609610e+01
8.789794252463609325e+01
8.819794252463609041e+01
8.849794252463608757e+01
8.879794252463608473e+01
8.909794252463608188e+01
8.939794252463607904e+01
8.969794252463607620e+01
8.999794252463607336e+01
9.029794252463607052e+01
9.059794252463606767e+01
9.089794252463606483e+01
9.119794252463606199e+01
9.149794252463605915e+01
9.179794252463605631e+01
9.209794252463605346e+01
9.239794252463605062e+01
9.269794252463604778e+01
9.299794252463604494e+01
9.329794252463604209e+01
9.359794252463603925e+01
9.389794252463603641e+01
9.419794252463603357e+01
9.449794252463603073e+01
9.479794252463602788e+01
9.509794252463602504e+01
9.539794252463602220e+01
9.569794252463601936e+01
9.599794252463601651e+01
9.629794252463601367e+01
9.659794252463601083e+01
9.689794252463600799e+01
9.719794252463600515e+01
9.749794252463600230e+01
9.779794252463599946e+01
9.809794252463599662e+01
9.839794252463599378e+01
9.869794252463599094e+01
9.899794252463598809e+01
9.929794252463598525e+01
9.959794252463598241e+01
9.989794252463597957e+01
1.000000000000000000e+02
