-1.000000000000000000e+02
-9.991396936303473808e+01
-9.978063602970139812e+01
-9.964730269636805815e+01
-9.951396936303471819e+01
-9.938063602970137822e+01
-9.924730269636803826e+01
-9.911396936303469829e+01
-9.898063602970135832e+01
-9.884730269636801836e+01
-9.871396936303467839e+01
-9.858063602970133843e+01
-9.844730269636799846e+01
-9.831396936303465850e+01
-9.818063602970131853e+01
-9.804730269636797857e+01
-9.791396936303463860e+01
-9.778063602970129864e+01
-9.764730269636795867e+01
-9.751396936303461871e+01
-9.738063602970127874e+01
-9.724730269636793878e+01
-9.711396936303459881e+01
-9.698063602970125885e+01
-9.684730269636791888e+01
-9.671396936303457892e+01
-9.658063602970123895e+01
-9.644730269636789899e+01
-9.631396936303455902e+01
-9.618063602970121906e+01
-9.604730269636787909e+01
-9.591396936303453913e+01
-9.578063602970119916e+01
-9.564730269636785920e+01
-9.551396936303451923e+01
-9.538063602970117927e+01
-9.524730269636783930e+01
-9.511396936303449934e+01
-9.498063602970115937e+01
-9.484730269636781941e+01
-9.471396936303447944e+01
-9.458063602970113948e+01
-9.444730269636779951e+01
-9.431396936303445955e+01
-9.418063602970111958e+01
-9.404730269636777962e+01
-9.391396936303443965e+01
-9.378063602970109969e+01
-9.364730269636775972e+01
-9.351396936303441976e+01
-9.338063602970107979e+01
-9.324730269636773983e+01
-9.311396936303439986e+01
-9.298063602970105990e+01
-9.284730269636771993e+01
-9.271396936303437997e+01
-9.258063602970104000e+01
-9.244730269636770004e+01
-9.231396936303436007e+01
-9.218063602970102011e+01
-9.204730269636768014e+01
-9.191396936303434018e+01
-9.178063602970100021e+01
-9.164730269636766025e+01
-9.151396936303432028e+01
-9.138063602970098032e+01
-9.124730269636764035e+01
-9.111396936303430039e+01
-9.098063602970096042e+01
-9.084730269636762046e+01
-9.071396936303428049e+01
-9.058063602970094053e+01
-9.044730269636760056e+01
-9.031396936303426060e+01
-9.018063602970092063e+01
-9.004730269636758067e+01
-8.991396936303424070e+01
-8.978063602970090074e+01
-8.964730269636756077e+01
-8.951396936303422081e+01
-8.938063602970088084e+01
-8.924730269636754088e+01
-8.911396936303420091e+01
-8.898063602970086095e+01
-8.884730269636752098e+01
-8.871396936303418101e+01
-8.858063602970084105e+01
-8.844730269636750108e+01
-8.831396936303416112e+01
-8.818063602970082115e+01
-8.804730269636748119e+01
-8.791396936303414122e+01
-8.778063602970080126e+01
-8.764730269636746129e+01
-8.751396936303412133e+01
-8.738063602970078136e+01
-8.724730269636744140e+01
-8.711396936303410143e+01
-8.698063602970076147e+01
-8.684730269636742150e+01
-8.671396936303408154e+01
-8.658063602970074157e+01
-8.644730269636740161e+01
-8.631396936303406164e+01
-8.618063602970072168e+01
-8.604730269636738171e+01
-8.591396936303404175e+01
-8.578063602970070178e+01
-8.564730269636736182e+01
-8.551396936303402185e+01
-8.538063602970068189e+01
-8.524730269636734192e+01
-8.511396936303400196e+01
-8.498063602970066199e+01
-8.484730269636732203e+01
-8.471396936303398206e+01
-8.458063602970064210e+01
-8.444730269636730213e+01
-8.431396936303396217e+01
-8.418063602970062220e+01
-8.404730269636728224e+01
-8.391396936303394227e+01
-8.378063602970060231e+01
-8.364730269636726234e+01
-8.351396936303392238e+01
-8.338063602970058241e+01
-8.324730269636724245e+01
-8.311396936303390248e+01
-8.298063602970056252e+01
-8.284730269636722255e+01
-8.271396936303388259e+01
-8.258063602970054262e+01
-8.244730269636720266e+01
-8.231396936303386269e+01
-8.218063602970052273e+01
-8.204730269636718276e+01
-8.191396936303384280e+01
-8.178063602970050283e+01
-8.164730269636716287e+01
-8.151396936303382290e+01
-8.138063602970048294e+01
-8.124730269636714297e+01
-8.111396936303380301e+01
-8.098063602970046304e+01
-8.084730269636712308e+01
-8.071396936303378311e+01
-8.058063602970044315e+01
-8.044730269636710318e+01
-8.031396936303376322e+01
-8.018063602970042325e+01
-8.004730269636708329e+01
-7.991396936303374332e+01
-7.978063602970040336e+01
-7.964730269636706339e+01
-7.951396936303372343e+01
-7.938063602970038346e+01
-7.924730269636704350e+01
-7.911396936303370353e+01
-7.898063602970036357e+01
-7.884730269636702360e+01
-7.871396936303368363e+01
-7.858063602970034367e+01
-7.844730269636700370e+01
-7.831396936303366374e+01
-7.818063602970032377e+01
-7.804730269636698381e+01
-7.791396936303364384e+01
-7.778063602970030388e+01
-7.764730269636696391e+01
-7.751396936303362395e+01
-7.738063602970028398e+01
-7.724730269636694402e+01
-7.711396936303360405e+01
-7.698063602970026409e+01
-7.684730269636692412e+01
-7.671396936303358416e+01
-7.658063602970024419e+01
-7.644730269636690423e+01
-7.631396936303356426e+01
-7.618063602970022430e+01
-7.604730269636688433e+01
-7.591396936303354437e+01
-7.578063602970020440e+01
-7.564730269636686444e+01
-7.551396936303352447e+01
-7.538063602970018451e+01
-7.524730269636684454e+01
-7.511396936303350458e+01
-7.498063602970016461e+01
-7.484730269636682465e+01
-7.471396936303348468e+01
-7.458063602970014472e+01
-7.444730269636680475e+01
-7.431396936303346479e+01
-7.418063602970012482e+01
-7.404730269636678486e+01
-7.391396936303344489e+01
-7.378063602970010493e+01
-7.364730269636676496e+01
-7.351396936303342500e+01
-7.338063602970008503e+01
-7.324730269636674507e+01
-7.311396936303340510e+01
-7.298063602970006514e+01
-7.284730269636672517e+01
-7.271396936303338521e+01
-7.258063602970004524e+01
-7.244730269636670528e+01
-7.231396936303336531e+01
-7.218063602970002535e+01
-7.204730269636668538e+01
-7.191396936303334542e+01
-7.178063602970000545e+01
-7.164730269636666549e+01
-7.151396936303332552e+01
-7.138063602969998556e+01
-7.124730269636664559e+01
-7.111396936303330563e+01
-7.098063602969996566e+01
-7.084730269636662570e+01
-7.071396936303328573e+01
-7.058063602969994577e+01
-7.044730269636660580e+01
-7.031396936303326584e+01
-7.018063602969992587e+01
-7.004730269636658591e+01
-6.991396936303324594e+01
-6.978063602969990598e+01
-6.964730269636656601e+01
-6.951396936303322605e+01
-6.938063602969988608e+01
-6.924730269636654612e+01
-6.911396936303320615e+01
-6.898063602969986619e+01
-6.884730269636652622e+01
-6.871396936303318626e+01
-6.858063602969984629e+01
-6.844730269636650632e+01
-6.831396936303316636e+01
-6.818063602969982639e+01
-6.804730269636648643e+01
-6.791396936303314646e+01
-6.778063602969980650e+01
-6.764730269636646653e+01
-6.751396936303312657e+01
-6.738063602969978660e+01
-6.724730269636644664e+01
-6.711396936303310667e+01
-6.698063602969976671e+01
-6.684730269636642674e+01
-6.671396936303308678e+01
-6.658063602969974681e+01
-6.644730269636640685e+01
-6.631396936303306688e+01
-6.618063602969972692e+01
-6.604730269636638695e+01
-6.591396936303304699e+01
-6.578063602969970702e+01
-6.564730269636636706e+01
-6.551396936303302709e+01
-6.538063602969968713e+01
-6.524730269636634716e+01
-6.511396936303300720e+01
-6.498063602969966723e+01
-6.484730269636632727e+01
-6.471396936303298730e+01
-6.458063602969964734e+01
-6.444730269636630737e+01
-6.431396936303296741e+01
-6.418063602969962744e+01
-6.404730269636628748e+01
-6.391396936303295462e+01
-6.378063602969962176e+01
-6.364730269636628890e+01
-6.351396936303295604e+01
-6.338063602969962318e+01
-6.324730269636629032e+01
-6.311396936303295746e+01
-6.298063602969962460e+01
-6.284730269636629174e+01
-6.271396936303295888e+01
-6.258063602969962602e+01
-6.244730269636629316e+01
-6.231396936303296030e+01
-6.218063602969962744e+01
-6.204730269636629458e+01
-6.191396936303296172e+01
-6.178063602969962886e+01
-6.164730269636629600e+01
-6.151396936303296314e+01
-6.138063602969963028e+01
-6.124730269636629743e+01
-6.111396936303296457e+01
-6.098063602969963171e+01
-6.084730269636629885e+01
-6.071396936303296599e+01
-6.058063602969963313e+01
-6.044730269636630027e+01
-6.031396936303296741e+01
-6.018063602969963455e+01
-6.004730269636630169e+01
-5.991396936303296883e+01
-5.978063602969963597e+01
-5.964730269636630311e+01
-5.951396936303297025e+01
-5.938063602969963739e+01
-5.924730269636630453e+01
-5.911396936303297167e+01
-5.898063602969963881e+01
-5.884730269636630595e+01
-5.871396936303297309e+01
-5.858063602969964023e+01
-5.844730269636630737e+01
-5.831396936303297451e+01
-5.818063602969964165e+01
-5.804730269636630879e+01
-5.791396936303297593e+01
-5.778063602969964307e+01
-5.764730269636631022e+01
-5.751396936303297736e+01
-5.738063602969964450e+01
-5.724730269636631164e+01
-5.711396936303297878e+01
-5.698063602969964592e+01
-5.684730269636631306e+01
-5.671396936303298020e+01
-5.658063602969964734e+01
-5.644730269636631448e+01
-5.631396936303298162e+01
-5.618063602969964876e+01
-5.604730269636631590e+01
-5.591396936303298304e+01
-5.578063602969965018e+01
-5.564730269636631732e+01
-5.551396936303298446e+01
-5.538063602969965160e+01
-5.524730269636631874e+01
-5.511396936303298588e+01
-5.498063602969965302e+01
-5.484730269636632016e+01
-5.471396936303298730e+01
-5.458063602969965444e+01
-5.444730269636632158e+01
-5.431396936303298872e+01
-5.418063602969965586e+01
-5.404730269636632300e+01
-5.391396936303299015e+01
-5.378063602969965729e+01
-5.364730269636632443e+01
-5.351396936303299157e+01
-5.338063602969965871e+01
-5.324730269636632585e+01
-5.311396936303299299e+01
-5.298063602969966013e+01
-5.284730269636632727e+01
-5.271396936303299441e+01
-5.258063602969966155e+01
-5.244730269636632869e+01
-5.231396936303299583e+01
-5.218063602969966297e+01
-5.204730269636633011e+01
-5.191396936303299725e+01
-5.178063602969966439e+01
-5.164730269636633153e+01
-5.151396936303299867e+01
-5.138063602969966581e+01
-5.124730269636633295e+01
-5.111396936303300009e+01
-5.098063602969966723e+01
-5.084730269636633437e+01
-5.071396936303300151e+01
-5.058063602969966865e+01
-5.044730269636633579e+01
-5.031396936303300294e+01
-5.018063602969967008e+01
-5.004730269636633722e+01
-4.991396936303300436e+01
-4.978063602969967150e+01
-4.964730269636633864e+01
-4.951396936303300578e+01
-4.938063602969967292e+01
-4.924730269636634006e+01
-4.911396936303300720e+01
-4.898063602969967434e+01
-4.884730269636634148e+01
-4.871396936303300862e+01
-4.858063602969967576e+01
-4.844730269636634290e+01
-4.831396936303301004e+01
-4.818063602969967718e+01
-4.804730269636634432e+01
-4.791396936303301146e+01
-4.778063602969967860e+01
-4.764730269636634574e+01
-4.751396936303301288e+01
-4.738063602969968002e+01
-4.724730269636634716e+01
-4.711396936303301430e+01
-4.698063602969968144e+01
-4.684730269636634858e+01
-4.671396936303301572e+01
-4.658063602969968287e+01
-4.644730269636635001e+01
-4.631396936303301715e+01
-4.618063602969968429e+01
-4.604730269636635143e+01
-4.591396936303301857e+01
-4.578063602969968571e+01
-4.564730269636635285e+01
-4.551396936303301999e+01
-4.538063602969968713e+01
-4.524730269636635427e+01
-4.511396936303302141e+01
-4.498063602969968855e+01
-4.484730269636635569e+01
-4.471396936303302283e+01
-4.458063602969968997e+01
-4.444730269636635711e+01
-4.431396936303302425e+01
-4.418063602969969139e+01
-4.404730269636635853e+01
-4.391396936303302567e+01
-4.378063602969969281e+01
-4.364730269636635995e+01
-4.351396936303302709e+01
-4.338063602969969423e+01
-4.324730269636636137e+01
-4.311396936303302851e+01
-4.298063602969969565e+01
-4.284730269636636280e+01
-4.271396936303302994e+01
-4.258063602969969708e+01
-4.244730269636636422e+01
-4.231396936303303136e+01
-4.218063602969969850e+01
-4.204730269636636564e+01
-4.191396936303303278e+01
-4.178063602969969992e+01
-4.164730269636636706e+01
-4.151396936303303420e+01
-4.138063602969970134e+01
-4.124730269636636848e+01
-4.111396936303303562e+01
-4.098063602969970276e+01
-4.084730269636636990e+01
-4.071396936303303704e+01
-4.058063602969970418e+01
-4.044730269636637132e+01
-4.031396936303303846e+01
-4.018063602969970560e+01
-4.004730269636637274e+01
-3.991396936303303988e+01
-3.978063602969970702e+01
-3.964730269636637416e+01
-3.951396936303304130e+01
-3.938063602969970844e+01
-3.924730269636637559e+01
-3.911396936303304273e+01
-3.898063602969970987e+01
-3.884730269636637701e+01
-3.871396936303304415e+01
-3.858063602969971129e+01
-3.844730269636637843e+01
-3.831396936303304557e+01
-3.818063602969971271e+01
-3.804730269636637985e+01
-3.791396936303304699e+01
-3.778063602969971413e+01
-3.764730269636638127e+01
-3.751396936303304841e+01
-3.738063602969971555e+01
-3.724730269636638269e+01
-3.711396936303304983e+01
-3.698063602969971697e+01
-3.684730269636638411e+01
-3.671396936303305125e+01
-3.658063602969971839e+01
-3.644730269636638553e+01
-3.631396936303305267e+01
-3.618063602969971981e+01
-3.604730269636638695e+01
-3.591396936303305409e+01
-3.578063602969972123e+01
-3.564730269636638837e+01
-3.551396936303305552e+01
-3.538063602969972266e+01
-3.524730269636638980e+01
-3.511396936303305694e+01
-3.498063602969972408e+01
-3.484730269636639122e+01
-3.471396936303305836e+01
-3.458063602969972550e+01
-3.444730269636639264e+01
-3.431396936303305978e+01
-3.418063602969972692e+01
-3.404730269636639406e+01
-3.391396936303306120e+01
-3.378063602969972834e+01
-3.364730269636639548e+01
-3.351396936303306262e+01
-3.338063602969972976e+01
-3.324730269636639690e+01
-3.311396936303306404e+01
-3.298063602969973118e+01
-3.284730269636639832e+01
-3.271396936303306546e+01
-3.258063602969973260e+01
-3.244730269636639974e+01
-3.231396936303306688e+01
-3.218063602969973402e+01
-3.204730269636640116e+01
-3.191396936303306830e+01
-3.178063602969973545e+01
-3.164730269636640259e+01
-3.151396936303306973e+01
-3.138063602969973687e+01
-3.124730269636640401e+01
-3.111396936303307115e+01
-3.098063602969973829e+01
-3.084730269636640543e+01
-3.071396936303307257e+01
-3.058063602969973971e+01
-3.044730269636640685e+01
-3.031396936303307399e+01
-3.018063602969974113e+01
-3.004730269636640827e+01
-2.991396936303307541e+01
-2.978063602969974255e+01
-2.964730269636640969e+01
-2.951396936303307683e+01
-2.938063602969974397e+01
-2.924730269636641111e+01
-2.911396936303307825e+01
-2.898063602969974539e+01
-2.884730269636641253e+01
-2.871396936303307967e+01
-2.858063602969974681e+01
-2.844730269636641395e+01
-2.831396936303308109e+01
-2.818063602969974824e+01
-2.804730269636641538e+01
-2.791396936303308252e+01
-2.778063602969974966e+01
-2.764730269636641680e+01
-2.751396936303308394e+01
-2.738063602969975108e+01
-2.724730269636641822e+01
-2.711396936303308536e+01
-2.698063602969975250e+01
-2.684730269636641964e+01
-2.671396936303308678e+01
-2.658063602969975392e+01
-2.644730269636642106e+01
-2.631396936303308820e+01
-2.618063602969975534e+01
-2.604730269636642248e+01
-2.591396936303308962e+01
-2.578063602969975676e+01
-2.564730269636642390e+01
-2.551396936303309104e+01
-2.538063602969975818e+01
-2.524730269636642532e+01
-2.511396936303309246e+01
-2.498063602969975960e+01
-2.484730269636642674e+01
-2.471396936303309388e+01
-2.458063602969976102e+01
-2.444730269636642817e+01
-2.431396936303309531e+01
-2.418063602969976245e+01
-2.404730269636642959e+01
-2.391396936303309673e+01
-2.378063602969976387e+01
-2.364730269636643101e+01
-2.351396936303309815e+01
-2.338063602969976529e+01
-2.324730269636643243e+01
-2.311396936303309957e+01
-2.298063602969976671e+01
-2.284730269636643385e+01
-2.271396936303310099e+01
-2.258063602969976813e+01
-2.244730269636643527e+01
-2.231396936303310241e+01
-2.218063602969976955e+01
-2.204730269636643669e+01
-2.191396936303310383e+01
-2.178063602969977097e+01
-2.164730269636643811e+01
-2.151396936303310525e+01
-2.138063602969977239e+01
-2.124730269636643953e+01
-2.111396936303310667e+01
-2.098063602969977381e+01
-2.084730269636644095e+01
-2.071396936303310810e+01
-2.058063602969977524e+01
-2.044730269636644238e+01
-2.031396936303310952e+01
-2.018063602969977666e+01
-2.004730269636644380e+01
-1.991396936303311094e+01
-1.978063602969977808e+01
-1.964730269636644522e+01
-1.951396936303311236e+01
-1.938063602969977950e+01
-1.924730269636644664e+01
-1.911396936303311378e+01
-1.898063602969978092e+01
-1.884730269636644806e+01
-1.871396936303311520e+01
-1.858063602969978234e+01
-1.844730269636644948e+01
-1.831396936303311662e+01
-1.818063602969978376e+01
-1.804730269636645090e+01
-1.791396936303311804e+01
-1.778063602969978518e+01
-1.764730269636645232e+01
-1.751396936303311946e+01
-1.738063602969978660e+01
-1.724730269636645374e+01
-1.711396936303312089e+01
-1.698063602969978803e+01
-1.684730269636645517e+01
-1.671396936303312231e+01
-1.658063602969978945e+01
-1.644730269636645659e+01
-1.631396936303312373e+01
-1.618063602969979087e+01
-1.604730269636645801e+01
-1.591396936303312515e+01
-1.578063602969979229e+01
-1.564730269636645943e+01
-1.551396936303312657e+01
-1.538063602969979371e+01
-1.524730269636646085e+01
-1.511396936303312799e+01
-1.498063602969979513e+01
-1.484730269636646227e+01
-1.471396936303312941e+01
-1.458063602969979655e+01
-1.444730269636646369e+01
-1.431396936303313083e+01
-1.418063602969979797e+01
-1.404730269636646511e+01
-1.391396936303313225e+01
-1.378063602969979939e+01
-1.364730269636646653e+01
-1.351396936303313367e+01
-1.338063602969980082e+01
-1.324730269636646796e+01
-1.311396936303313510e+01
-1.298063602969980224e+01
-1.284730269636646938e+01
-1.271396936303313652e+01
-1.258063602969980366e+01
-1.244730269636647080e+01
-1.231396936303313794e+01
-1.218063602969980508e+01
-1.204730269636647222e+01
-1.191396936303313936e+01
-1.178063602969980650e+01
-1.164730269636647364e+01
-1.151396936303314078e+01
-1.138063602969980792e+01
-1.124730269636647506e+01
-1.111396936303314220e+01
-1.098063602969980934e+01
-1.084730269636647648e+01
-1.071396936303314362e+01
-1.058063602969981076e+01
-1.044730269636647790e+01
-1.031396936303314504e+01
-1.018063602969981218e+01
-1.004730269636647932e+01
-9.913969363033146465e+00
-9.780636029699813605e+00
-9.647302696366480745e+00
-9.513969363033147886e+00
-9.380636029699815026e+00
-9.247302696366482166e+00
-9.113969363033149307e+00
-8.980636029699816447e+00
-8.847302696366483588e+00
-8.713969363033150728e+00
-8.580636029699817868e+00
-8.447302696366485009e+00
-8.313969363033152149e+00
-8.180636029699819289e+00
-8.047302696366486430e+00
-7.913969363033152682e+00
-7.780636029699818934e+00
-7.647302696366485186e+00
-7.513969363033151438e+00
-7.380636029699817691e+00
-7.247302696366483943e+00
-7.113969363033150195e+00
-6.980636029699816447e+00
-6.847302696366482699e+00
-6.713969363033148952e+00
-6.580636029699815204e+00
-6.447302696366481456e+00
-6.313969363033147708e+00
-6.180636029699813960e+00
-6.047302696366480212e+00
-5.913969363033146465e+00
-5.780636029699812717e+00
-5.647302696366478969e+00
-5.513969363033145221e+00
-5.380636029699811473e+00
-5.247302696366477726e+00
-5.113969363033143978e+00
-4.980636029699810230e+00
-4.847302696366476482e+00
-4.713969363033142734e+00
-4.580636029699808986e+00
-4.447302696366475239e+00
-4.313969363033141491e+00
-4.180636029699807743e+00
-4.047302696366473995e+00
-3.913969363033140691e+00
-3.780636029699807388e+00
-3.647302696366474084e+00
-3.513969363033140780e+00
-3.380636029699807477e+00
-3.247302696366474173e+00
-3.113969363033140869e+00
-2.980636029699807565e+00
-2.847302696366474262e+00
-2.713969363033140958e+00
-2.580636029699807654e+00
-2.447302696366474350e+00
-2.313969363033141047e+00
-2.180636029699807743e+00
-2.047302696366474439e+00
-1.913969363033141136e+00
-1.780636029699807832e+00
-1.647302696366474528e+00
-1.513969363033141224e+00
-1.380636029699807921e+00
-1.247302696366474617e+00
-1.113969363033141313e+00
-9.806360296998080095e-01
-8.473026963664747058e-01
-7.139693630331414020e-01
-5.806360296998080983e-01
-4.473026963664747946e-01
-3.139693630331414909e-01
-1.806360296998081594e-01
-4.730269636647482789e-02
8.603063696685850359e-02
2.193639703001918351e-01
3.526973036335251388e-01
4.860306369668584425e-01
6.193639703001917463e-01
7.526973036335250500e-01
8.860306369668583537e-01
1.019363970300191768e+00
1.152697303633525072e+00
1.286030636966858376e+00
1.419363970300191680e+00
1.552697303633524983e+00
1.686030636966858287e+00
1.819363970300191591e+00
1.952697303633524895e+00
2.086030636966858420e+00
2.219363970300191724e+00
2.352697303633525028e+00
2.486030636966858332e+00
2.619363970300191635e+00
2.752697303633524939e+00
2.886030636966858243e+00
3.019363970300191546e+00
3.152697303633524850e+00
3.286030636966858154e+00
3.419363970300191458e+00
3.552697303633524761e+00
3.686030636966858065e+00
3.819363970300191369e+00
3.952697303633524673e+00
4.086030636966857976e+00
4.219363970300191724e+00
4.352697303633525472e+00
4.486030636966859220e+00
4.619363970300192967e+00
4.752697303633526715e+00
4.886030636966860463e+00
5.019363970300194211e+00
5.152697303633527959e+00
5.286030636966861707e+00
5.419363970300195454e+00
5.552697303633529202e+00
5.686030636966862950e+00
5.819363970300196698e+00
5.952697303633530446e+00
6.086030636966864193e+00
6.219363970300197941e+00
6.352697303633531689e+00
6.486030636966865437e+00
6.619363970300199185e+00
6.752697303633532933e+00
6.886030636966866680e+00
7.019363970300200428e+00
7.152697303633534176e+00
7.286030636966867924e+00
7.419363970300201672e+00
7.552697303633535419e+00
7.686030636966869167e+00
7.819363970300202915e+00
7.952697303633536663e+00
8.086030636966869523e+00
8.219363970300202382e+00
8.352697303633535242e+00
8.486030636966868101e+00
8.619363970300200961e+00
8.752697303633533821e+00
8.886030636966866680e+00
9.019363970300199540e+00
9.152697303633532400e+00
9.286030636966865259e+00
9.419363970300198119e+00
9.552697303633530979e+00
9.686030636966863838e+00
9.819363970300196698e+00
9.952697303633529557e+00
1.008603063696686242e+01
1.021936397030019528e+01
1.035269730363352814e+01
1.048603063696686100e+01
1.061936397030019386e+01
1.075269730363352672e+01
1.088603063696685957e+01
1.101936397030019243e+01
1.115269730363352529e+01
1.128603063696685815e+01
1.141936397030019101e+01
1.155269730363352387e+01
1.168603063696685673e+01
1.181936397030018959e+01
1.195269730363352245e+01
1.208603063696685531e+01
1.221936397030018817e+01
1.235269730363352103e+01
1.248603063696685389e+01
1.261936397030018675e+01
1.275269730363351961e+01
1.288603063696685247e+01
1.301936397030018533e+01
1.315269730363351819e+01
1.328603063696685105e+01
1.341936397030018391e+01
1.355269730363351677e+01
1.368603063696684963e+01
1.381936397030018249e+01
1.395269730363351535e+01
1.408603063696684821e+01
1.421936397030018107e+01
1.435269730363351393e+01
1.448603063696684679e+01
1.461936397030017964e+01
1.475269730363351250e+01
1.488603063696684536e+01
1.501936397030017822e+01
1.515269730363351108e+01
1.528603063696684394e+01
1.541936397030017680e+01
1.555269730363350966e+01
1.568603063696684252e+01
1.581936397030017538e+01
1.595269730363350824e+01
1.608603063696684288e+01
1.621936397030017574e+01
1.635269730363350860e+01
1.648603063696684146e+01
1.661936397030017432e+01
1.675269730363350718e+01
1.688603063696684004e+01
1.701936397030017289e+01
1.715269730363350575e+01
1.728603063696683861e+01
1.741936397030017147e+01
1.755269730363350433e+01
1.768603063696683719e+01
1.781936397030017005e+01
1.795269730363350291e+01
1.808603063696683577e+01
1.821936397030016863e+01
1.835269730363350149e+01
1.848603063696683435e+01
1.861936397030016721e+01
1.875269730363350007e+01
1.888603063696683293e+01
1.901936397030016579e+01
1.915269730363349865e+01
1.928603063696683151e+01
1.941936397030016437e+01
1.955269730363349723e+01
1.968603063696683009e+01
1.981936397030016295e+01
1.995269730363349581e+01
2.008603063696682867e+01
2.021936397030016153e+01
2.035269730363349439e+01
2.048603063696682725e+01
2.061936397030016010e+01
2.075269730363349296e+01
2.088603063696682582e+01
2.101936397030015868e+01
2.115269730363349154e+01
2.128603063696682440e+01
2.141936397030015726e+01
2.155269730363349012e+01
2.168603063696682298e+01
2.181936397030015584e+01
2.195269730363348870e+01
2.208603063696682156e+01
2.221936397030015442e+01
2.235269730363348728e+01
2.248603063696682014e+01
2.261936397030015300e+01
2.275269730363348586e+01
2.288603063696681872e+01
2.301936397030015158e+01
2.315269730363348444e+01
2.328603063696681730e+01
2.341936397030015016e+01
2.355269730363348302e+01
2.368603063696681588e+01
2.381936397030014874e+01
2.395269730363348160e+01
2.408603063696681446e+01
2.421936397030014732e+01
2.435269730363348017e+01
2.448603063696681303e+01
2.461936397030014589e+01
2.475269730363347875e+01
2.488603063696681161e+01
2.501936397030014447e+01
2.515269730363347733e+01
2.528603063696681019e+01
2.541936397030014305e+01
2.555269730363347591e+01
2.568603063696680877e+01
2.581936397030014163e+01
2.595269730363347449e+01
2.608603063696680735e+01
2.621936397030014021e+01
2.635269730363347307e+01
2.648603063696680593e+01
2.661936397030013879e+01
2.675269730363347165e+01
2.688603063696680451e+01
2.701936397030013737e+01
2.715269730363347023e+01
2.728603063696680309e+01
2.741936397030013595e+01
2.755269730363346881e+01
2.768603063696680167e+01
2.781936397030013453e+01
2.795269730363346738e+01
2.808603063696680024e+01
2.821936397030013310e+01
2.835269730363346596e+01
2.848603063696679882e+01
2.861936397030013168e+01
2.875269730363346454e+01
2.888603063696679740e+01
2.901936397030013026e+01
2.915269730363346312e+01
2.928603063696679598e+01
2.941936397030012884e+01
2.955269730363346170e+01
2.968603063696679456e+01
2.981936397030012742e+01
2.995269730363346028e+01
3.008603063696679314e+01
3.021936397030012600e+01
3.035269730363345886e+01
3.048603063696679172e+01
3.061936397030012458e+01
3.075269730363345744e+01
3.088603063696679030e+01
3.101936397030012316e+01
3.115269730363345602e+01
3.128603063696678888e+01
3.141936397030012174e+01
3.155269730363345460e+01
3.168603063696678745e+01
3.181936397030012031e+01
3.195269730363345317e+01
3.208603063696678959e+01
3.221936397030012245e+01
3.235269730363345531e+01
3.248603063696678817e+01
3.261936397030012103e+01
3.275269730363345388e+01
3.288603063696678674e+01
3.301936397030011960e+01
3.315269730363345246e+01
3.328603063696678532e+01
3.341936397030011818e+01
3.355269730363345104e+01
3.368603063696678390e+01
3.381936397030011676e+01
3.395269730363344962e+01
3.408603063696678248e+01
3.421936397030011534e+01
3.435269730363344820e+01
3.448603063696678106e+01
3.461936397030011392e+01
3.475269730363344678e+01
3.488603063696677964e+01
3.501936397030011250e+01
3.515269730363344536e+01
3.528603063696677822e+01
3.541936397030011108e+01
3.555269730363344394e+01
3.568603063696677680e+01
3.581936397030010966e+01
3.595269730363344252e+01
3.608603063696677538e+01
3.621936397030010824e+01
3.635269730363344109e+01
3.648603063696677395e+01
3.661936397030010681e+01
3.675269730363343967e+01
3.688603063696677253e+01
3.701936397030010539e+01
3.715269730363343825e+01
3.728603063696677111e+01
3.741936397030010397e+01
3.755269730363343683e+01
3.768603063696676969e+01
3.781936397030010255e+01
3.795269730363343541e+01
3.808603063696676827e+01
3.821936397030010113e+01
3.835269730363343399e+01
3.848603063696676685e+01
3.861936397030009971e+01
3.875269730363343257e+01
3.888603063696676543e+01
3.901936397030009829e+01
3.915269730363343115e+01
3.928603063696676401e+01
3.941936397030009687e+01
3.955269730363342973e+01
3.968603063696676259e+01
3.981936397030009545e+01
3.995269730363342831e+01
4.008603063696676116e+01
4.021936397030009402e+01
4.035269730363342688e+01
4.048603063696675974e+01
4.061936397030009260e+01
4.075269730363342546e+01
4.088603063696675832e+01
4.101936397030009118e+01
4.115269730363342404e+01
4.128603063696675690e+01
4.141936397030008976e+01
4.155269730363342262e+01
4.168603063696675548e+01
4.181936397030008834e+01
4.195269730363342120e+01
4.208603063696675406e+01
4.221936397030008692e+01
4.235269730363341978e+01
4.248603063696675264e+01
4.261936397030008550e+01
4.275269730363341836e+01
4.288603063696675122e+01
4.301936397030008408e+01
4.315269730363341694e+01
4.328603063696674980e+01
4.341936397030008266e+01
4.355269730363341552e+01
4.368603063696674838e+01
4.381936397030008123e+01
4.395269730363341409e+01
4.408603063696674695e+01
4.421936397030007981e+01
4.435269730363341267e+01
4.448603063696674553e+01
4.461936397030007839e+01
4.475269730363341125e+01
4.488603063696674411e+01
4.501936397030007697e+01
4.515269730363340983e+01
4.528603063696674269e+01
4.541936397030007555e+01
4.555269730363340841e+01
4.568603063696674127e+01
4.581936397030007413e+01
4.595269730363340699e+01
4.608603063696673985e+01
4.621936397030007271e+01
4.635269730363340557e+01
4.648603063696673843e+01
4.661936397030007129e+01
4.675269730363340415e+01
4.688603063696673701e+01
4.701936397030006987e+01
4.715269730363340273e+01
4.728603063696673559e+01
4.741936397030006844e+01
4.755269730363340130e+01
4.768603063696673416e+01
4.781936397030006702e+01
4.795269730363339988e+01
4.808603063696673274e+01
4.821936397030006560e+01
4.835269730363339846e+01
4.848603063696673132e+01
4.861936397030006418e+01
4.875269730363339704e+01
4.888603063696672990e+01
4.901936397030006276e+01
4.915269730363339562e+01
4.928603063696672848e+01
4.941936397030006134e+01
4.955269730363339420e+01
4.968603063696672706e+01
4.981936397030005992e+01
4.995269730363339278e+01
5.008603063696672564e+01
5.021936397030005850e+01
5.035269730363339136e+01
5.048603063696672422e+01
5.061936397030005708e+01
5.075269730363338994e+01
5.088603063696672280e+01
5.101936397030005566e+01
5.115269730363338851e+01
5.128603063696672137e+01
5.141936397030005423e+01
5.155269730363338709e+01
5.168603063696671995e+01
5.181936397030005281e+01
5.195269730363338567e+01
5.208603063696671853e+01
5.221936397030005139e+01
5.235269730363338425e+01
5.248603063696671711e+01
5.261936397030004997e+01
5.275269730363338283e+01
5.288603063696671569e+01
5.301936397030004855e+01
5.315269730363338141e+01
5.328603063696671427e+01
5.341936397030004713e+01
5.355269730363337999e+01
5.368603063696671285e+01
5.381936397030004571e+01
5.395269730363337857e+01
5.408603063696671143e+01
5.421936397030004429e+01
5.435269730363337715e+01
5.448603063696671001e+01
5.461936397030004287e+01
5.475269730363337572e+01
5.488603063696670858e+01
5.501936397030004144e+01
5.515269730363337430e+01
5.528603063696670716e+01
5.541936397030004002e+01
5.555269730363337288e+01
5.568603063696670574e+01
5.581936397030003860e+01
5.595269730363337146e+01
5.608603063696670432e+01
5.621936397030003718e+01
5.635269730363337004e+01
5.648603063696670290e+01
5.661936397030003576e+01
5.675269730363336862e+01
5.688603063696670148e+01
5.701936397030003434e+01
5.715269730363336720e+01
5.728603063696670006e+01
5.741936397030003292e+01
5.755269730363336578e+01
5.768603063696669864e+01
5.781936397030003150e+01
5.795269730363336436e+01
5.808603063696669722e+01
5.821936397030003008e+01
5.835269730363336294e+01
5.848603063696669579e+01
5.861936397030002865e+01
5.875269730363336151e+01
5.888603063696669437e+01
5.901936397030002723e+01
5.915269730363336009e+01
5.928603063696669295e+01
5.941936397030002581e+01
5.955269730363335867e+01
5.968603063696669153e+01
5.981936397030002439e+01
5.995269730363335725e+01
6.008603063696669011e+01
6.021936397030002297e+01
6.035269730363335583e+01
6.048603063696668869e+01
6.061936397030002155e+01
6.075269730363335441e+01
6.088603063696668727e+01
6.101936397030002013e+01
6.115269730363335299e+01
6.128603063696668585e+01
6.141936397030001871e+01
6.155269730363335157e+01
6.168603063696668443e+01
6.181936397030001729e+01
6.195269730363335015e+01
6.208603063696668301e+01
6.221936397030001586e+01
6.235269730363334872e+01
6.248603063696668158e+01
6.261936397030001444e+01
6.275269730363334730e+01
6.288603063696668016e+01
6.301936397030001302e+01
6.315269730363334588e+01
6.328603063696667874e+01
6.341936397030001160e+01
6.355269730363334446e+01
6.368603063696667732e+01
6.381936397030001018e+01
6.395269730363334304e+01
6.408603063696668301e+01
6.421936397030002297e+01
6.435269730363336294e+01
6.448603063696670290e+01
6.461936397030004287e+01
6.475269730363338283e+01
6.488603063696672280e+01
6.501936397030006276e+01
6.515269730363340273e+01
6.528603063696674269e+01
6.541936397030008266e+01
6.555269730363342262e+01
6.568603063696676259e+01
6.581936397030010255e+01
6.595269730363344252e+01
6.608603063696678248e+01
6.621936397030012245e+01
6.635269730363346241e+01
6.648603063696680238e+01
6.661936397030014234e+01
6.675269730363348231e+01
6.688603063696682227e+01
6.701936397030016224e+01
6.715269730363350220e+01
6.728603063696684217e+01
6.741936397030018213e+01
6.755269730363352210e+01
6.768603063696686206e+01
6.781936397030020203e+01
6.795269730363354199e+01
6.808603063696688196e+01
6.821936397030022192e+01
6.835269730363356189e+01
6.848603063696690185e+01
6.861936397030024182e+01
6.875269730363358178e+01
6.888603063696692175e+01
6.901936397030026171e+01
6.915269730363360168e+01
6.928603063696694164e+01
6.941936397030028161e+01
6.955269730363362157e+01
6.968603063696696154e+01
6.981936397030030150e+01
6.995269730363364147e+01
7.008603063696698143e+01
7.021936397030032140e+01
7.035269730363366136e+01
7.048603063696700133e+01
7.061936397030034129e+01
7.075269730363368126e+01
7.088603063696702122e+01
7.101936397030036119e+01
7.115269730363370115e+01
7.128603063696704112e+01
7.141936397030038108e+01
7.155269730363372105e+01
7.168603063696706101e+01
7.181936397030040098e+01
7.195269730363374094e+01
7.208603063696708091e+01
7.221936397030042087e+01
7.235269730363376084e+01
7.248603063696710080e+01
7.261936397030044077e+01
7.275269730363378073e+01
7.288603063696712070e+01
7.301936397030046066e+01
7.315269730363380063e+01
7.328603063696714059e+01
7.341936397030048056e+01
7.355269730363382052e+01
7.368603063696716049e+01
7.381936397030050045e+01
7.395269730363384042e+01
7.408603063696718038e+01
7.421936397030052035e+01
7.435269730363386032e+01
7.448603063696720028e+01
7.461936397030054025e+01
7.475269730363388021e+01
7.488603063696722018e+01
7.501936397030056014e+01
7.515269730363390011e+01
7.528603063696724007e+01
7.541936397030058004e+01
7.555269730363392000e+01
7.568603063696725997e+01
7.581936397030059993e+01
7.595269730363393990e+01
7.608603063696727986e+01
7.621936397030061983e+01
7.635269730363395979e+01
7.648603063696729976e+01
7.661936397030063972e+01
7.675269730363397969e+01
7.688603063696731965e+01
7.701936397030065962e+01
7.715269730363399958e+01
7.728603063696733955e+01
7.741936397030067951e+01
7.755269730363401948e+01
7.768603063696735944e+01
7.781936397030069941e+01
7.795269730363403937e+01
7.808603063696737934e+01
7.821936397030071930e+01
7.835269730363405927e+01
7.848603063696739923e+01
7.861936397030073920e+01
7.875269730363407916e+01
7.888603063696741913e+01
7.901936397030075909e+01
7.915269730363409906e+01
7.928603063696743902e+01
7.941936397030077899e+01
7.955269730363411895e+01
7.968603063696745892e+01
7.981936397030079888e+01
7.995269730363413885e+01
8.008603063696747881e+01
8.021936397030081878e+01
8.035269730363415874e+01
8.048603063696749871e+01
8.061936397030083867e+01
8.075269730363417864e+01
8.088603063696751860e+01
8.101936397030085857e+01
8.115269730363419853e+01
8.128603063696753850e+01
8.141936397030087846e+01
8.155269730363421843e+01
8.168603063696755839e+01
8.181936397030089836e+01
8.195269730363423832e+01
8.208603063696757829e+01
8.221936397030091825e+01
8.235269730363425822e+01
8.248603063696759818e+01
8.261936397030093815e+01
8.275269730363427811e+01
8.288603063696761808e+01
8.301936397030095804e+01
8.315269730363429801e+01
8.328603063696763797e+01
8.341936397030097794e+01
8.355269730363431790e+01
8.368603063696765787e+01
8.381936397030099783e+01
8.395269730363433780e+01
8.408603063696767776e+01
8.421936397030101773e+01
8.435269730363435770e+01
8.448603063696769766e+01
8.461936397030103763e+01
8.475269730363437759e+01
8.488603063696771756e+01
8.501936397030105752e+01
8.515269730363439749e+01
8.528603063696773745e+01
8.541936397030107742e+01
8.555269730363441738e+01
8.568603063696775735e+01
8.581936397030109731e+01
8.595269730363443728e+01
8.608603063696777724e+01
8.621936397030111721e+01
8.635269730363445717e+01
8.648603063696779714e+01
8.661936397030113710e+01
8.675269730363447707e+01
8.688603063696781703e+01
8.701936397030115700e+01
8.715269730363449696e+01
8.728603063696783693e+01
8.741936397030117689e+01
8.755269730363451686e+01
8.768603063696785682e+01
8.781936397030119679e+01
8.795269730363453675e+01
8.808603063696787672e+01
8.821936397030121668e+01
8.835269730363455665e+01
8.848603063696789661e+01
8.861936397030123658e+01
8.875269730363457654e+01
8.888603063696791651e+01
8.901936397030125647e+01
8.915269730363459644e+01
8.928603063696793640e+01
8.941936397030127637e+01
8.955269730363461633e+01
8.968603063696795630e+01
8.981936397030129626e+01
8.995269730363463623e+01
9.008603063696797619e+01
9.021936397030131616e+01
9.035269730363465612e+01
9.048603063696799609e+01
9.061936397030133605e+01
9.075269730363467602e+01
9.088603063696801598e+01
9.101936397030135595e+01
9.115269730363469591e+01
9.128603063696803588e+01
9.141936397030137584e+01
9.155269730363471581e+01
9.168603063696805577e+01
9.181936397030139574e+01
9.195269730363473570e+01
9.208603063696807567e+01
9.221936397030141563e+01
9.235269730363475560e+01
9.248603063696809556e+01
9.261936397030143553e+01
9.275269730363477549e+01
9.288603063696811546e+01
9.301936397030145542e+01
9.315269730363479539e+01
9.328603063696813535e+01
9.341936397030147532e+01
9.355269730363481528e+01
9.368603063696815525e+01
9.381936397030149521e+01
9.395269730363483518e+01
9.408603063696817514e+01
9.421936397030151511e+01
9.435269730363485507e+01
9.448603063696819504e+01
9.461936397030153501e+01
9.475269730363487497e+01
9.488603063696821494e+01
9.501936397030155490e+01
9.515269730363489487e+01
9.528603063696823483e+01
9.541936397030157480e+01
9.555269730363491476e+01
9.568603063696825473e+01
9.581936397030159469e+01
9.595269730363493466e+01
9.608603063696827462e+01
9.621936397030161459e+01
9.635269730363495455e+01
9.648603063696829452e+01
9.661936397030163448e+01
9.675269730363497445e+01
9.688603063696831441e+01
9.701936397030165438e+01
9.715269730363499434e+01
9.728603063696833431e+01
9.741936397030167427e+01
9.755269730363501424e+01
9.768603063696835420e+01
9.781936397030169417e+01
9.795269730363503413e+01
9.808603063696837410e+01
9.821936397030171406e+01
9.835269730363505403e+01
9.848603063696839399e+01
9.861936397030173396e+01
9.875269730363507392e+01
9.888603063696841389e+01
9.901936397030175385e+01
9.915269730363509382e+01
9.928603063696843378e+01
9.941936397030177375e+01
9.955269730363511371e+01
9.968603063696845368e+01
9.981936397030179364e+01
9.995269730363513361e+01
1.000000000000000000e+02
