-1.000000000000000000e+02
-9.990433767370087992e+01
-9.980433767370088560e+01
-9.970433767370089129e+01
-9.960433767370089697e+01
-9.950433767370090266e+01
-9.940433767370090834e+01
-9.930433767370091402e+01
-9.920433767370091971e+01
-9.910433767370092539e+01
-9.900433767370093108e+01
-9.890433767370093676e+01
-9.880433767370094245e+01
-9.870433767370094813e+01
-9.860433767370095381e+01
-9.850433767370095950e+01
-9.840433767370096518e+01
-9.830433767370097087e+01
-9.820433767370097655e+01
-9.810433767370098224e+01
-9.800433767370098792e+01
-9.790433767370099361e+01
-9.780433767370099929e+01
-9.770433767370100497e+01
-9.760433767370101066e+01
-9.750433767370101634e+01
-9.740433767370102203e+01
-9.730433767370102771e+01
-9.720433767370103340e+01
-9.710433767370103908e+01
-9.700433767370104476e+01
-9.690433767370105045e+01
-9.680433767370105613e+01
-9.670433767370106182e+01
-9.660433767370106750e+01
-9.650433767370107319e+01
-9.640433767370107887e+01
-9.630433767370108455e+01
-9.620433767370109024e+01
-9.610433767370109592e+01
-9.600433767370110161e+01
-9.590433767370110729e+01
-9.580433767370111298e+01
-9.570433767370111866e+01
-9.560433767370112434e+01
-9.550433767370113003e+01
-9.540433767370113571e+01
-9.530433767370114140e+01
-9.520433767370114708e+01
-9.510433767370115277e+01
-9.500433767370115845e+01
-9.490433767370116414e+01
-9.480433767370116982e+01
-9.470433767370117550e+01
-9.460433767370118119e+01
-9.450433767370118687e+01
-9.440433767370119256e+01
-9.430433767370119824e+01
-9.420433767370120393e+01
-9.410433767370120961e+01
-9.400433767370121529e+01
-9.390433767370122098e+01
-9.380433767370122666e+01
-9.370433767370123235e+01
-9.360433767370123803e+01
-9.350433767370124372e+01
-9.340433767370124940e+01
-9.330433767370125508e+01
-9.320433767370126077e+01
-9.310433767370126645e+01
-9.300433767370127214e+01
-9.290433767370127782e+01
-9.280433767370128351e+01
-9.270433767370128919e+01
-9.260433767370129488e+01
-9.250433767370130056e+01
-9.240433767370130624e+01
-9.230433767370131193e+01
-9.220433767370131761e+01
-9.210433767370132330e+01
-9.200433767370132898e+01
-9.190433767370133467e+01
-9.180433767370134035e+01
-9.170433767370134603e+01
-9.160433767370135172e+01
-9.150433767370135740e+01
-9.140433767370136309e+01
-9.130433767370136877e+01
-9.120433767370137446e+01
-9.110433767370138014e+01
-9.100433767370138582e+01
-9.090433767370139151e+01
-9.080433767370139719e+01
-9.070433767370140288e+01
-9.060433767370140856e+01
-9.050433767370141425e+01
-9.040433767370141993e+01
-9.030433767370142562e+01
-9.020433767370143130e+01
-9.010433767370143698e+01
-9.000433767370144267e+01
-8.990433767370144835e+01
-8.980433767370145404e+01
-8.970433767370145972e+01
-8.960433767370146541e+01
-8.950433767370147109e+01
-8.940433767370147677e+01
-8.930433767370148246e+01
-8.920433767370148814e+01
-8.910433767370149383e+01
-8.900433767370149951e+01
-8.890433767370150520e+01
-8.880433767370151088e+01
-8.870433767370151656e+01
-8.860433767370152225e+01
-8.850433767370152793e+01
-8.840433767370153362e+01
-8.830433767370153930e+01
-8.820433767370154499e+01
-8.810433767370155067e+01
-8.800433767370155635e+01
-8.790433767370156204e+01
-8.780433767370156772e+01
-8.770433767370157341e+01
-8.760433767370157909e+01
-8.750433767370158478e+01
-8.740433767370159046e+01
-8.730433767370159615e+01
-8.720433767370160183e+01
-8.710433767370160751e+01
-8.700433767370161320e+01
-8.690433767370161888e+01
-8.680433767370162457e+01
-8.670433767370163025e+01
-8.660433767370163594e+01
-8.650433767370164162e+01
-8.640433767370164730e+01
-8.630433767370165299e+01
-8.620433767370165867e+01
-8.610433767370166436e+01
-8.600433767370167004e+01
-8.590433767370167573e+01
-8.580433767370168141e+01
-8.570433767370168709e+01
-8.560433767370169278e+01
-8.550433767370169846e+01
-8.540433767370170415e+01
-8.530433767370170983e+01
-8.520433767370171552e+01
-8.510433767370172120e+01
-8.500433767370172689e+01
-8.490433767370173257e+01
-8.480433767370173825e+01
-8.470433767370174394e+01
-8.460433767370174962e+01
-8.450433767370175531e+01
-8.440433767370176099e+01
-8.430433767370176668e+01
-8.420433767370177236e+01
-8.410433767370177804e+01
-8.400433767370178373e+01
-8.390433767370178941e+01
-8.380433767370179510e+01
-8.370433767370180078e+01
-8.360433767370180647e+01
-8.350433767370181215e+01
-8.340433767370181783e+01
-8.330433767370182352e+01
-8.320433767370182920e+01
-8.310433767370183489e+01
-8.300433767370184057e+01
-8.290433767370184626e+01
-8.280433767370185194e+01
-8.270433767370185763e+01
-8.260433767370186331e+01
-8.250433767370186899e+01
-8.240433767370187468e+01
-8.230433767370188036e+01
-8.220433767370188605e+01
-8.210433767370189173e+01
-8.200433767370189742e+01
-8.190433767370190310e+01
-8.180433767370190878e+01
-8.170433767370191447e+01
-8.160433767370192015e+01
-8.150433767370192584e+01
-8.140433767370193152e+01
-8.130433767370193721e+01
-8.120433767370194289e+01
-8.110433767370194857e+01
-8.100433767370195426e+01
-8.090433767370195994e+01
-8.080433767370196563e+01
-8.070433767370197131e+01
-8.060433767370197700e+01
-8.050433767370198268e+01
-8.040433767370198836e+01
-8.030433767370199405e+01
-8.020433767370199973e+01
-8.010433767370200542e+01
-8.000433767370201110e+01
-7.990433767370201679e+01
-7.980433767370202247e+01
-7.970433767370202816e+01
-7.960433767370203384e+01
-7.950433767370203952e+01
-7.940433767370204521e+01
-7.930433767370205089e+01
-7.920433767370205658e+01
-7.910433767370206226e+01
-7.900433767370206795e+01
-7.890433767370207363e+01
-7.880433767370207931e+01
-7.870433767370208500e+01
-7.860433767370209068e+01
-7.850433767370209637e+01
-7.840433767370210205e+01
-7.830433767370210774e+01
-7.820433767370211342e+01
-7.810433767370211910e+01
-7.800433767370212479e+01
-7.790433767370213047e+01
-7.780433767370213616e+01
-7.770433767370214184e+01
-7.760433767370214753e+01
-7.750433767370215321e+01
-7.740433767370215890e+01
-7.730433767370216458e+01
-7.720433767370217026e+01
-7.710433767370217595e+01
-7.700433767370218163e+01
-7.690433767370218732e+01
-7.680433767370219300e+01
-7.670433767370219869e+01
-7.660433767370220437e+01
-7.650433767370221005e+01
-7.640433767370221574e+01
-7.630433767370222142e+01
-7.620433767370222711e+01
-7.610433767370223279e+01
-7.600433767370223848e+01
-7.590433767370224416e+01
-7.580433767370224984e+01
-7.570433767370225553e+01
-7.560433767370226121e+01
-7.550433767370226690e+01
-7.540433767370227258e+01
-7.530433767370227827e+01
-7.520433767370228395e+01
-7.510433767370228964e+01
-7.500433767370229532e+01
-7.490433767370230100e+01
-7.480433767370230669e+01
-7.470433767370231237e+01
-7.460433767370231806e+01
-7.450433767370232374e+01
-7.440433767370232943e+01
-7.430433767370233511e+01
-7.420433767370234079e+01
-7.410433767370234648e+01
-7.400433767370235216e+01
-7.390433767370235785e+01
-7.380433767370236353e+01
-7.370433767370236922e+01
-7.360433767370237490e+01
-7.350433767370238058e+01
-7.340433767370238627e+01
-7.330433767370239195e+01
-7.320433767370239764e+01
-7.310433767370240332e+01
-7.300433767370240901e+01
-7.290433767370241469e+01
-7.280433767370242037e+01
-7.270433767370242606e+01
-7.260433767370243174e+01
-7.250433767370243743e+01
-7.240433767370244311e+01
-7.230433767370244880e+01
-7.220433767370245448e+01
-7.210433767370246017e+01
-7.200433767370246585e+01
-7.190433767370247153e+01
-7.180433767370247722e+01
-7.170433767370248290e+01
-7.160433767370248859e+01
-7.150433767370249427e+01
-7.140433767370249996e+01
-7.130433767370250564e+01
-7.120433767370251132e+01
-7.110433767370251701e+01
-7.100433767370252269e+01
-7.090433767370252838e+01
-7.080433767370253406e+01
-7.070433767370253975e+01
-7.060433767370254543e+01
-7.050433767370255111e+01
-7.040433767370255680e+01
-7.030433767370256248e+01
-7.020433767370256817e+01
-7.010433767370257385e+01
-7.000433767370257954e+01
-6.990433767370258522e+01
-6.980433767370259091e+01
-6.970433767370259659e+01
-6.960433767370260227e+01
-6.950433767370260796e+01
-6.940433767370261364e+01
-6.930433767370261933e+01
-6.920433767370262501e+01
-6.910433767370263070e+01
-6.900433767370263638e+01
-6.890433767370264206e+01
-6.880433767370264775e+01
-6.870433767370265343e+01
-6.860433767370265912e+01
-6.850433767370266480e+01
-6.840433767370267049e+01
-6.830433767370267617e+01
-6.820433767370268185e+01
-6.810433767370268754e+01
-6.800433767370269322e+01
-6.790433767370269891e+01
-6.780433767370270459e+01
-6.770433767370271028e+01
-6.760433767370271596e+01
-6.750433767370272164e+01
-6.740433767370272733e+01
-6.730433767370273301e+01
-6.720433767370273870e+01
-6.710433767370274438e+01
-6.700433767370275007e+01
-6.690433767370275575e+01
-6.680433767370276144e+01
-6.670433767370276712e+01
-6.660433767370277280e+01
-6.650433767370277849e+01
-6.640433767370278417e+01
-6.630433767370278986e+01
-6.620433767370279554e+01
-6.610433767370280123e+01
-6.600433767370280691e+01
-6.590433767370281259e+01
-6.580433767370281828e+01
-6.570433767370282396e+01
-6.560433767370282965e+01
-6.550433767370283533e+01
-6.540433767370284102e+01
-6.530433767370284670e+01
-6.520433767370285238e+01
-6.510433767370285807e+01
-6.500433767370286375e+01
-6.490433767370286944e+01
-6.480433767370287512e+01
-6.470433767370288081e+01
-6.460433767370288649e+01
-6.450433767370289218e+01
-6.440433767370289786e+01
-6.430433767370290354e+01
-6.420433767370290923e+01
-6.410433767370291491e+01
-6.400433767370292060e+01
-6.390433767370291918e+01
-6.380433767370291775e+01
-6.370433767370291633e+01
-6.360433767370291491e+01
-6.350433767370291349e+01
-6.340433767370291207e+01
-6.330433767370291065e+01
-6.320433767370290923e+01
-6.310433767370290781e+01
-6.300433767370290639e+01
-6.290433767370290497e+01
-6.280433767370290354e+01
-6.270433767370290212e+01
-6.260433767370290070e+01
-6.250433767370289928e+01
-6.240433767370289786e+01
-6.230433767370289644e+01
-6.220433767370289502e+01
-6.210433767370289360e+01
-6.200433767370289218e+01
-6.190433767370289075e+01
-6.180433767370288933e+01
-6.170433767370288791e+01
-6.160433767370288649e+01
-6.150433767370288507e+01
-6.140433767370288365e+01
-6.130433767370288223e+01
-6.120433767370288081e+01
-6.110433767370287939e+01
-6.100433767370287796e+01
-6.090433767370287654e+01
-6.080433767370287512e+01
-6.070433767370287370e+01
-6.060433767370287228e+01
-6.050433767370287086e+01
-6.040433767370286944e+01
-6.030433767370286802e+01
-6.020433767370286660e+01
-6.010433767370286517e+01
-6.000433767370286375e+01
-5.990433767370286233e+01
-5.980433767370286091e+01
-5.970433767370285949e+01
-5.960433767370285807e+01
-5.950433767370285665e+01
-5.940433767370285523e+01
-5.930433767370285381e+01
-5.920433767370285238e+01
-5.910433767370285096e+01
-5.900433767370284954e+01
-5.890433767370284812e+01
-5.880433767370284670e+01
-5.870433767370284528e+01
-5.860433767370284386e+01
-5.850433767370284244e+01
-5.840433767370284102e+01
-5.830433767370283960e+01
-5.820433767370283817e+01
-5.810433767370283675e+01
-5.800433767370283533e+01
-5.790433767370283391e+01
-5.780433767370283249e+01
-5.770433767370283107e+01
-5.760433767370282965e+01
-5.750433767370282823e+01
-5.740433767370282681e+01
-5.730433767370282538e+01
-5.720433767370282396e+01
-5.710433767370282254e+01
-5.700433767370282112e+01
-5.690433767370281970e+01
-5.680433767370281828e+01
-5.670433767370281686e+01
-5.660433767370281544e+01
-5.650433767370281402e+01
-5.640433767370281259e+01
-5.630433767370281117e+01
-5.620433767370280975e+01
-5.610433767370280833e+01
-5.600433767370280691e+01
-5.590433767370280549e+01
-5.580433767370280407e+01
-5.570433767370280265e+01
-5.560433767370280123e+01
-5.550433767370279980e+01
-5.540433767370279838e+01
-5.530433767370279696e+01
-5.520433767370279554e+01
-5.510433767370279412e+01
-5.500433767370279270e+01
-5.490433767370279128e+01
-5.480433767370278986e+01
-5.470433767370278844e+01
-5.460433767370278701e+01
-5.450433767370278559e+01
-5.440433767370278417e+01
-5.430433767370278275e+01
-5.420433767370278133e+01
-5.410433767370277991e+01
-5.400433767370277849e+01
-5.390433767370277707e+01
-5.380433767370277565e+01
-5.370433767370277423e+01
-5.360433767370277280e+01
-5.350433767370277138e+01
-5.340433767370276996e+01
-5.330433767370276854e+01
-5.320433767370276712e+01
-5.310433767370276570e+01
-5.300433767370276428e+01
-5.290433767370276286e+01
-5.280433767370276144e+01
-5.270433767370276001e+01
-5.260433767370275859e+01
-5.250433767370275717e+01
-5.240433767370275575e+01
-5.230433767370275433e+01
-5.220433767370275291e+01
-5.210433767370275149e+01
-5.200433767370275007e+01
-5.190433767370274865e+01
-5.180433767370274722e+01
-5.170433767370274580e+01
-5.160433767370274438e+01
-5.150433767370274296e+01
-5.140433767370274154e+01
-5.130433767370274012e+01
-5.120433767370273870e+01
-5.110433767370273728e+01
-5.100433767370273586e+01
-5.090433767370273443e+01
-5.080433767370273301e+01
-5.070433767370273159e+01
-5.060433767370273017e+01
-5.050433767370272875e+01
-5.040433767370272733e+01
-5.030433767370272591e+01
-5.020433767370272449e+01
-5.010433767370272307e+01
-5.000433767370272164e+01
-4.990433767370272022e+01
-4.980433767370271880e+01
-4.970433767370271738e+01
-4.960433767370271596e+01
-4.950433767370271454e+01
-4.940433767370271312e+01
-4.930433767370271170e+01
-4.920433767370271028e+01
-4.910433767370270886e+01
-4.900433767370270743e+01
-4.890433767370270601e+01
-4.880433767370270459e+01
-4.870433767370270317e+01
-4.860433767370270175e+01
-4.850433767370270033e+01
-4.840433767370269891e+01
-4.830433767370269749e+01
-4.820433767370269607e+01
-4.810433767370269464e+01
-4.800433767370269322e+01
-4.790433767370269180e+01
-4.780433767370269038e+01
-4.770433767370268896e+01
-4.760433767370268754e+01
-4.750433767370268612e+01
-4.740433767370268470e+01
-4.730433767370268328e+01
-4.720433767370268185e+01
-4.710433767370268043e+01
-4.700433767370267901e+01
-4.690433767370267759e+01
-4.680433767370267617e+01
-4.670433767370267475e+01
-4.660433767370267333e+01
-4.650433767370267191e+01
-4.640433767370267049e+01
-4.630433767370266906e+01
-4.620433767370266764e+01
-4.610433767370266622e+01
-4.600433767370266480e+01
-4.590433767370266338e+01
-4.580433767370266196e+01
-4.570433767370266054e+01
-4.560433767370265912e+01
-4.550433767370265770e+01
-4.540433767370265628e+01
-4.530433767370265485e+01
-4.520433767370265343e+01
-4.510433767370265201e+01
-4.500433767370265059e+01
-4.490433767370264917e+01
-4.480433767370264775e+01
-4.470433767370264633e+01
-4.460433767370264491e+01
-4.450433767370264349e+01
-4.440433767370264206e+01
-4.430433767370264064e+01
-4.420433767370263922e+01
-4.410433767370263780e+01
-4.400433767370263638e+01
-4.390433767370263496e+01
-4.380433767370263354e+01
-4.370433767370263212e+01
-4.360433767370263070e+01
-4.350433767370262927e+01
-4.340433767370262785e+01
-4.330433767370262643e+01
-4.320433767370262501e+01
-4.310433767370262359e+01
-4.300433767370262217e+01
-4.290433767370262075e+01
-4.280433767370261933e+01
-4.270433767370261791e+01
-4.260433767370261648e+01
-4.250433767370261506e+01
-4.240433767370261364e+01
-4.230433767370261222e+01
-4.220433767370261080e+01
-4.210433767370260938e+01
-4.200433767370260796e+01
-4.190433767370260654e+01
-4.180433767370260512e+01
-4.170433767370260369e+01
-4.160433767370260227e+01
-4.150433767370260085e+01
-4.140433767370259943e+01
-4.130433767370259801e+01
-4.120433767370259659e+01
-4.110433767370259517e+01
-4.100433767370259375e+01
-4.090433767370259233e+01
-4.080433767370259091e+01
-4.070433767370258948e+01
-4.060433767370258806e+01
-4.050433767370258664e+01
-4.040433767370258522e+01
-4.030433767370258380e+01
-4.020433767370258238e+01
-4.010433767370258096e+01
-4.000433767370257954e+01
-3.990433767370257812e+01
-3.980433767370257669e+01
-3.970433767370257527e+01
-3.960433767370257385e+01
-3.950433767370257243e+01
-3.940433767370257101e+01
-3.930433767370256959e+01
-3.920433767370256817e+01
-3.910433767370256675e+01
-3.900433767370256533e+01
-3.890433767370256390e+01
-3.880433767370256248e+01
-3.870433767370256106e+01
-3.860433767370255964e+01
-3.850433767370255822e+01
-3.840433767370255680e+01
-3.830433767370255538e+01
-3.820433767370255396e+01
-3.810433767370255254e+01
-3.800433767370255111e+01
-3.790433767370254969e+01
-3.780433767370254827e+01
-3.770433767370254685e+01
-3.760433767370254543e+01
-3.750433767370254401e+01
-3.740433767370254259e+01
-3.730433767370254117e+01
-3.720433767370253975e+01
-3.710433767370253832e+01
-3.700433767370253690e+01
-3.690433767370253548e+01
-3.680433767370253406e+01
-3.670433767370253264e+01
-3.660433767370253122e+01
-3.650433767370252980e+01
-3.640433767370252838e+01
-3.630433767370252696e+01
-3.620433767370252554e+01
-3.610433767370252411e+01
-3.600433767370252269e+01
-3.590433767370252127e+01
-3.580433767370251985e+01
-3.570433767370251843e+01
-3.560433767370251701e+01
-3.550433767370251559e+01
-3.540433767370251417e+01
-3.530433767370251275e+01
-3.520433767370251132e+01
-3.510433767370250990e+01
-3.500433767370250848e+01
-3.490433767370250706e+01
-3.480433767370250564e+01
-3.470433767370250422e+01
-3.460433767370250280e+01
-3.450433767370250138e+01
-3.440433767370249996e+01
-3.430433767370249853e+01
-3.420433767370249711e+01
-3.410433767370249569e+01
-3.400433767370249427e+01
-3.390433767370249285e+01
-3.380433767370249143e+01
-3.370433767370249001e+01
-3.360433767370248859e+01
-3.350433767370248717e+01
-3.340433767370248574e+01
-3.330433767370248432e+01
-3.320433767370248290e+01
-3.310433767370248148e+01
-3.300433767370248006e+01
-3.290433767370247864e+01
-3.280433767370247722e+01
-3.270433767370247580e+01
-3.260433767370247438e+01
-3.250433767370247296e+01
-3.240433767370247153e+01
-3.230433767370247011e+01
-3.220433767370246869e+01
-3.210433767370246727e+01
-3.200433767370246585e+01
-3.190433767370246443e+01
-3.180433767370246301e+01
-3.170433767370246159e+01
-3.160433767370246017e+01
-3.150433767370245874e+01
-3.140433767370245732e+01
-3.130433767370245590e+01
-3.120433767370245448e+01
-3.110433767370245306e+01
-3.100433767370245164e+01
-3.090433767370245022e+01
-3.080433767370244880e+01
-3.070433767370244738e+01
-3.060433767370244595e+01
-3.050433767370244453e+01
-3.040433767370244311e+01
-3.030433767370244169e+01
-3.020433767370244027e+01
-3.010433767370243885e+01
-3.000433767370243743e+01
-2.990433767370243601e+01
-2.980433767370243459e+01
-2.970433767370243316e+01
-2.960433767370243174e+01
-2.950433767370243032e+01
-2.940433767370242890e+01
-2.930433767370242748e+01
-2.920433767370242606e+01
-2.910433767370242464e+01
-2.900433767370242322e+01
-2.890433767370242180e+01
-2.880433767370242037e+01
-2.870433767370241895e+01
-2.860433767370241753e+01
-2.850433767370241611e+01
-2.840433767370241469e+01
-2.830433767370241327e+01
-2.820433767370241185e+01
-2.810433767370241043e+01
-2.800433767370240901e+01
-2.790433767370240759e+01
-2.780433767370240616e+01
-2.770433767370240474e+01
-2.760433767370240332e+01
-2.750433767370240190e+01
-2.740433767370240048e+01
-2.730433767370239906e+01
-2.720433767370239764e+01
-2.710433767370239622e+01
-2.700433767370239480e+01
-2.690433767370239337e+01
-2.680433767370239195e+01
-2.670433767370239053e+01
-2.660433767370238911e+01
-2.650433767370238769e+01
-2.640433767370238627e+01
-2.630433767370238485e+01
-2.620433767370238343e+01
-2.610433767370238201e+01
-2.600433767370238058e+01
-2.590433767370237916e+01
-2.580433767370237774e+01
-2.570433767370237632e+01
-2.560433767370237490e+01
-2.550433767370237348e+01
-2.540433767370237206e+01
-2.530433767370237064e+01
-2.520433767370236922e+01
-2.510433767370236779e+01
-2.500433767370236637e+01
-2.490433767370236495e+01
-2.480433767370236353e+01
-2.470433767370236211e+01
-2.460433767370236069e+01
-2.450433767370235927e+01
-2.440433767370235785e+01
-2.430433767370235643e+01
-2.420433767370235500e+01
-2.410433767370235358e+01
-2.400433767370235216e+01
-2.390433767370235074e+01
-2.380433767370234932e+01
-2.370433767370234790e+01
-2.360433767370234648e+01
-2.350433767370234506e+01
-2.340433767370234364e+01
-2.330433767370234222e+01
-2.320433767370234079e+01
-2.310433767370233937e+01
-2.300433767370233795e+01
-2.290433767370233653e+01
-2.280433767370233511e+01
-2.270433767370233369e+01
-2.260433767370233227e+01
-2.250433767370233085e+01
-2.240433767370232943e+01
-2.230433767370232800e+01
-2.220433767370232658e+01
-2.210433767370232516e+01
-2.200433767370232374e+01
-2.190433767370232232e+01
-2.180433767370232090e+01
-2.170433767370231948e+01
-2.160433767370231806e+01
-2.150433767370231664e+01
-2.140433767370231521e+01
-2.130433767370231379e+01
-2.120433767370231237e+01
-2.110433767370231095e+01
-2.100433767370230953e+01
-2.090433767370230811e+01
-2.080433767370230669e+01
-2.070433767370230527e+01
-2.060433767370230385e+01
-2.050433767370230242e+01
-2.040433767370230100e+01
-2.030433767370229958e+01
-2.020433767370229816e+01
-2.010433767370229674e+01
-2.000433767370229532e+01
-1.990433767370229390e+01
-1.980433767370229248e+01
-1.970433767370229106e+01
-1.960433767370228964e+01
-1.950433767370228821e+01
-1.940433767370228679e+01
-1.930433767370228537e+01
-1.920433767370228395e+01
-1.910433767370228253e+01
-1.900433767370228111e+01
-1.890433767370227969e+01
-1.880433767370227827e+01
-1.870433767370227685e+01
-1.860433767370227542e+01
-1.850433767370227400e+01
-1.840433767370227258e+01
-1.830433767370227116e+01
-1.820433767370226974e+01
-1.810433767370226832e+01
-1.800433767370226690e+01
-1.790433767370226548e+01
-1.780433767370226406e+01
-1.770433767370226263e+01
-1.760433767370226121e+01
-1.750433767370225979e+01
-1.740433767370225837e+01
-1.730433767370225695e+01
-1.720433767370225553e+01
-1.710433767370225411e+01
-1.700433767370225269e+01
-1.690433767370225127e+01
-1.680433767370224984e+01
-1.670433767370224842e+01
-1.660433767370224700e+01
-1.650433767370224558e+01
-1.640433767370224416e+01
-1.630433767370224274e+01
-1.620433767370224132e+01
-1.610433767370223990e+01
-1.600433767370223848e+01
-1.590433767370223883e+01
-1.580433767370223919e+01
-1.570433767370223954e+01
-1.560433767370223990e+01
-1.550433767370224025e+01
-1.540433767370224061e+01
-1.530433767370224096e+01
-1.520433767370224132e+01
-1.510433767370224167e+01
-1.500433767370224203e+01
-1.490433767370224238e+01
-1.480433767370224274e+01
-1.470433767370224309e+01
-1.460433767370224345e+01
-1.450433767370224380e+01
-1.440433767370224416e+01
-1.430433767370224452e+01
-1.420433767370224487e+01
-1.410433767370224523e+01
-1.400433767370224558e+01
-1.390433767370224594e+01
-1.380433767370224629e+01
-1.370433767370224665e+01
-1.360433767370224700e+01
-1.350433767370224736e+01
-1.340433767370224771e+01
-1.330433767370224807e+01
-1.320433767370224842e+01
-1.310433767370224878e+01
-1.300433767370224913e+01
-1.290433767370224949e+01
-1.280433767370224984e+01
-1.270433767370225020e+01
-1.260433767370225056e+01
-1.250433767370225091e+01
-1.240433767370225127e+01
-1.230433767370225162e+01
-1.220433767370225198e+01
-1.210433767370225233e+01
-1.200433767370225269e+01
-1.190433767370225304e+01
-1.180433767370225340e+01
-1.170433767370225375e+01
-1.160433767370225411e+01
-1.150433767370225446e+01
-1.140433767370225482e+01
-1.130433767370225517e+01
-1.120433767370225553e+01
-1.110433767370225588e+01
-1.100433767370225624e+01
-1.090433767370225659e+01
-1.080433767370225695e+01
-1.070433767370225731e+01
-1.060433767370225766e+01
-1.050433767370225802e+01
-1.040433767370225837e+01
-1.030433767370225873e+01
-1.020433767370225908e+01
-1.010433767370225944e+01
-1.000433767370225979e+01
-9.904337673702260147e+00
-9.804337673702260503e+00
-9.704337673702260858e+00
-9.604337673702261213e+00
-9.504337673702261569e+00
-9.404337673702261924e+00
-9.304337673702262279e+00
-9.204337673702262634e+00
-9.104337673702262990e+00
-9.004337673702263345e+00
-8.904337673702263700e+00
-8.804337673702264055e+00
-8.704337673702264411e+00
-8.604337673702264766e+00
-8.504337673702265121e+00
-8.404337673702265477e+00
-8.304337673702265832e+00
-8.204337673702266187e+00
-8.104337673702266542e+00
-8.004337673702266898e+00
-7.904337673702267253e+00
-7.804337673702267608e+00
-7.704337673702267963e+00
-7.604337673702268319e+00
-7.504337673702268674e+00
-7.404337673702269029e+00
-7.304337673702269385e+00
-7.204337673702269740e+00
-7.104337673702270095e+00
-7.004337673702270450e+00
-6.904337673702270806e+00
-6.804337673702271161e+00
-6.704337673702271516e+00
-6.604337673702271871e+00
-6.504337673702272227e+00
-6.404337673702272582e+00
-6.304337673702272937e+00
-6.204337673702273293e+00
-6.104337673702273648e+00
-6.004337673702274003e+00
-5.904337673702274358e+00
-5.804337673702274714e+00
-5.704337673702275069e+00
-5.604337673702275424e+00
-5.504337673702275779e+00
-5.404337673702276135e+00
-5.304337673702276490e+00
-5.204337673702276845e+00
-5.104337673702277201e+00
-5.004337673702277556e+00
-4.904337673702277911e+00
-4.804337673702278266e+00
-4.704337673702278622e+00
-4.604337673702278977e+00
-4.504337673702279332e+00
-4.404337673702279687e+00
-4.304337673702280043e+00
-4.204337673702280398e+00
-4.104337673702280753e+00
-4.004337673702281108e+00
-3.904337673702281020e+00
-3.804337673702280931e+00
-3.704337673702280842e+00
-3.604337673702280753e+00
-3.504337673702280664e+00
-3.404337673702280576e+00
-3.304337673702280487e+00
-3.204337673702280398e+00
-3.104337673702280309e+00
-3.004337673702280220e+00
-2.904337673702280131e+00
-2.804337673702280043e+00
-2.704337673702279954e+00
-2.604337673702279865e+00
-2.504337673702279776e+00
-2.404337673702279687e+00
-2.304337673702279599e+00
-2.204337673702279510e+00
-2.104337673702279421e+00
-2.004337673702279332e+00
-1.904337673702279243e+00
-1.804337673702279154e+00
-1.704337673702279066e+00
-1.604337673702278977e+00
-1.504337673702278888e+00
-1.404337673702278799e+00
-1.304337673702278710e+00
-1.204337673702278622e+00
-1.104337673702278533e+00
-1.004337673702278444e+00
-9.043376737022784662e-01
-8.043376737022784884e-01
-7.043376737022785106e-01
-6.043376737022785328e-01
-5.043376737022785550e-01
-4.043376737022785772e-01
-3.043376737022785994e-01
-2.043376737022785938e-01
-1.043376737022785883e-01
-4.337673702278582732e-03
9.566232629772142282e-02
1.956623262977214284e-01
2.956623262977214339e-01
3.956623262977214672e-01
4.956623262977214450e-01
5.956623262977214228e-01
6.956623262977214006e-01
7.956623262977213784e-01
8.956623262977213562e-01
9.956623262977213340e-01
1.095662326297721423e+00
1.195662326297721512e+00
1.295662326297721600e+00
1.395662326297721689e+00
1.495662326297721778e+00
1.595662326297721867e+00
1.695662326297721956e+00
1.795662326297722045e+00
1.895662326297722133e+00
1.995662326297722222e+00
2.095662326297722089e+00
2.195662326297722178e+00
2.295662326297722267e+00
2.395662326297722355e+00
2.495662326297722444e+00
2.595662326297722533e+00
2.695662326297722622e+00
2.795662326297722711e+00
2.895662326297722799e+00
2.995662326297722888e+00
3.095662326297722977e+00
3.195662326297723066e+00
3.295662326297723155e+00
3.395662326297723244e+00
3.495662326297723332e+00
3.595662326297723421e+00
3.695662326297723510e+00
3.795662326297723599e+00
3.895662326297723688e+00
3.995662326297723776e+00
4.095662326297723865e+00
4.195662326297723510e+00
4.295662326297723155e+00
4.395662326297722799e+00
4.495662326297722444e+00
4.595662326297722089e+00
4.695662326297721734e+00
4.795662326297721378e+00
4.895662326297721023e+00
4.995662326297720668e+00
5.095662326297720313e+00
5.195662326297719957e+00
5.295662326297719602e+00
5.395662326297719247e+00
5.495662326297718892e+00
5.595662326297718536e+00
5.695662326297718181e+00
5.795662326297717826e+00
5.895662326297717470e+00
5.995662326297717115e+00
6.095662326297716760e+00
6.195662326297716405e+00
6.295662326297716049e+00
6.395662326297715694e+00
6.495662326297715339e+00
6.595662326297714984e+00
6.695662326297714628e+00
6.795662326297714273e+00
6.895662326297713918e+00
6.995662326297713562e+00
7.095662326297713207e+00
7.195662326297712852e+00
7.295662326297712497e+00
7.395662326297712141e+00
7.495662326297711786e+00
7.595662326297711431e+00
7.695662326297711076e+00
7.795662326297710720e+00
7.895662326297710365e+00
7.995662326297710010e+00
8.095662326297709654e+00
8.195662326297709299e+00
8.295662326297708944e+00
8.395662326297708589e+00
8.495662326297708233e+00
8.595662326297707878e+00
8.695662326297707523e+00
8.795662326297707168e+00
8.895662326297706812e+00
8.995662326297706457e+00
9.095662326297706102e+00
9.195662326297705746e+00
9.295662326297705391e+00
9.395662326297705036e+00
9.495662326297704681e+00
9.595662326297704325e+00
9.695662326297703970e+00
9.795662326297703615e+00
9.895662326297703260e+00
9.995662326297702904e+00
1.009566232629770255e+01
1.019566232629770219e+01
1.029566232629770184e+01
1.039566232629770148e+01
1.049566232629770113e+01
1.059566232629770077e+01
1.069566232629770042e+01
1.079566232629770006e+01
1.089566232629769971e+01
1.099566232629769935e+01
1.109566232629769900e+01
1.119566232629769864e+01
1.129566232629769829e+01
1.139566232629769793e+01
1.149566232629769758e+01
1.159566232629769722e+01
1.169566232629769686e+01
1.179566232629769651e+01
1.189566232629769615e+01
1.199566232629769580e+01
1.209566232629769544e+01
1.219566232629769509e+01
1.229566232629769473e+01
1.239566232629769438e+01
1.249566232629769402e+01
1.259566232629769367e+01
1.269566232629769331e+01
1.279566232629769296e+01
1.289566232629769260e+01
1.299566232629769225e+01
1.309566232629769189e+01
1.319566232629769154e+01
1.329566232629769118e+01
1.339566232629769083e+01
1.349566232629769047e+01
1.359566232629769011e+01
1.369566232629768976e+01
1.379566232629768940e+01
1.389566232629768905e+01
1.399566232629768869e+01
1.409566232629768834e+01
1.419566232629768798e+01
1.429566232629768763e+01
1.439566232629768727e+01
1.449566232629768692e+01
1.459566232629768656e+01
1.469566232629768621e+01
1.479566232629768585e+01
1.489566232629768550e+01
1.499566232629768514e+01
1.509566232629768479e+01
1.519566232629768443e+01
1.529566232629768407e+01
1.539566232629768372e+01
1.549566232629768336e+01
1.559566232629768301e+01
1.569566232629768265e+01
1.579566232629768230e+01
1.589566232629768194e+01
1.599566232629768159e+01
1.609566232629768123e+01
1.619566232629768265e+01
1.629566232629768407e+01
1.639566232629768550e+01
1.649566232629768692e+01
1.659566232629768834e+01
1.669566232629768976e+01
1.679566232629769118e+01
1.689566232629769260e+01
1.699566232629769402e+01
1.709566232629769544e+01
1.719566232629769686e+01
1.729566232629769829e+01
1.739566232629769971e+01
1.749566232629770113e+01
1.759566232629770255e+01
1.769566232629770397e+01
1.779566232629770539e+01
1.789566232629770681e+01
1.799566232629770823e+01
1.809566232629770965e+01
1.819566232629771108e+01
1.829566232629771250e+01
1.839566232629771392e+01
1.849566232629771534e+01
1.859566232629771676e+01
1.869566232629771818e+01
1.879566232629771960e+01
1.889566232629772102e+01
1.899566232629772244e+01
1.909566232629772387e+01
1.919566232629772529e+01
1.929566232629772671e+01
1.939566232629772813e+01
1.949566232629772955e+01
1.959566232629773097e+01
1.969566232629773239e+01
1.979566232629773381e+01
1.989566232629773523e+01
1.999566232629773666e+01
2.009566232629773808e+01
2.019566232629773950e+01
2.029566232629774092e+01
2.039566232629774234e+01
2.049566232629774376e+01
2.059566232629774518e+01
2.069566232629774660e+01
2.079566232629774802e+01
2.089566232629774944e+01
2.099566232629775087e+01
2.109566232629775229e+01
2.119566232629775371e+01
2.129566232629775513e+01
2.139566232629775655e+01
2.149566232629775797e+01
2.159566232629775939e+01
2.169566232629776081e+01
2.179566232629776223e+01
2.189566232629776366e+01
2.199566232629776508e+01
2.209566232629776650e+01
2.219566232629776792e+01
2.229566232629776934e+01
2.239566232629777076e+01
2.249566232629777218e+01
2.259566232629777360e+01
2.269566232629777502e+01
2.279566232629777645e+01
2.289566232629777787e+01
2.299566232629777929e+01
2.309566232629778071e+01
2.319566232629778213e+01
2.329566232629778355e+01
2.339566232629778497e+01
2.349566232629778639e+01
2.359566232629778781e+01
2.369566232629778924e+01
2.379566232629779066e+01
2.389566232629779208e+01
2.399566232629779350e+01
2.409566232629779492e+01
2.419566232629779634e+01
2.429566232629779776e+01
2.439566232629779918e+01
2.449566232629780060e+01
2.459566232629780203e+01
2.469566232629780345e+01
2.479566232629780487e+01
2.489566232629780629e+01
2.499566232629780771e+01
2.509566232629780913e+01
2.519566232629781055e+01
2.529566232629781197e+01
2.539566232629781339e+01
2.549566232629781481e+01
2.559566232629781624e+01
2.569566232629781766e+01
2.579566232629781908e+01
2.589566232629782050e+01
2.599566232629782192e+01
2.609566232629782334e+01
2.619566232629782476e+01
2.629566232629782618e+01
2.639566232629782760e+01
2.649566232629782903e+01
2.659566232629783045e+01
2.669566232629783187e+01
2.679566232629783329e+01
2.689566232629783471e+01
2.699566232629783613e+01
2.709566232629783755e+01
2.719566232629783897e+01
2.729566232629784039e+01
2.739566232629784182e+01
2.749566232629784324e+01
2.759566232629784466e+01
2.769566232629784608e+01
2.779566232629784750e+01
2.789566232629784892e+01
2.799566232629785034e+01
2.809566232629785176e+01
2.819566232629785318e+01
2.829566232629785461e+01
2.839566232629785603e+01
2.849566232629785745e+01
2.859566232629785887e+01
2.869566232629786029e+01
2.879566232629786171e+01
2.889566232629786313e+01
2.899566232629786455e+01
2.909566232629786597e+01
2.919566232629786739e+01
2.929566232629786882e+01
2.939566232629787024e+01
2.949566232629787166e+01
2.959566232629787308e+01
2.969566232629787450e+01
2.979566232629787592e+01
2.989566232629787734e+01
2.999566232629787876e+01
3.009566232629788018e+01
3.019566232629788161e+01
3.029566232629788303e+01
3.039566232629788445e+01
3.049566232629788587e+01
3.059566232629788729e+01
3.069566232629788871e+01
3.079566232629789013e+01
3.089566232629789155e+01
3.099566232629789297e+01
3.109566232629789440e+01
3.119566232629789582e+01
3.129566232629789724e+01
3.139566232629789866e+01
3.149566232629790008e+01
3.159566232629790150e+01
3.169566232629790292e+01
3.179566232629790434e+01
3.189566232629790576e+01
3.199566232629790719e+01
3.209566232629790505e+01
3.219566232629790647e+01
3.229566232629790790e+01
3.239566232629790932e+01
3.249566232629791074e+01
3.259566232629791216e+01
3.269566232629791358e+01
3.279566232629791500e+01
3.289566232629791642e+01
3.299566232629791784e+01
3.309566232629791926e+01
3.319566232629792069e+01
3.329566232629792211e+01
3.339566232629792353e+01
3.349566232629792495e+01
3.359566232629792637e+01
3.369566232629792779e+01
3.379566232629792921e+01
3.389566232629793063e+01
3.399566232629793205e+01
3.409566232629793348e+01
3.419566232629793490e+01
3.429566232629793632e+01
3.439566232629793774e+01
3.449566232629793916e+01
3.459566232629794058e+01
3.469566232629794200e+01
3.479566232629794342e+01
3.489566232629794484e+01
3.499566232629794627e+01
3.509566232629794769e+01
3.519566232629794911e+01
3.529566232629795053e+01
3.539566232629795195e+01
3.549566232629795337e+01
3.559566232629795479e+01
3.569566232629795621e+01
3.579566232629795763e+01
3.589566232629795905e+01
3.599566232629796048e+01
3.609566232629796190e+01
3.619566232629796332e+01
3.629566232629796474e+01
3.639566232629796616e+01
3.649566232629796758e+01
3.659566232629796900e+01
3.669566232629797042e+01
3.679566232629797184e+01
3.689566232629797327e+01
3.699566232629797469e+01
3.709566232629797611e+01
3.719566232629797753e+01
3.729566232629797895e+01
3.739566232629798037e+01
3.749566232629798179e+01
3.759566232629798321e+01
3.769566232629798463e+01
3.779566232629798606e+01
3.789566232629798748e+01
3.799566232629798890e+01
3.809566232629799032e+01
3.819566232629799174e+01
3.829566232629799316e+01
3.839566232629799458e+01
3.849566232629799600e+01
3.859566232629799742e+01
3.869566232629799885e+01
3.879566232629800027e+01
3.889566232629800169e+01
3.899566232629800311e+01
3.909566232629800453e+01
3.919566232629800595e+01
3.929566232629800737e+01
3.939566232629800879e+01
3.949566232629801021e+01
3.959566232629801164e+01
3.969566232629801306e+01
3.979566232629801448e+01
3.989566232629801590e+01
3.999566232629801732e+01
4.009566232629801874e+01
4.019566232629802016e+01
4.029566232629802158e+01
4.039566232629802300e+01
4.049566232629802442e+01
4.059566232629802585e+01
4.069566232629802727e+01
4.079566232629802869e+01
4.089566232629803011e+01
4.099566232629803153e+01
4.109566232629803295e+01
4.119566232629803437e+01
4.129566232629803579e+01
4.139566232629803721e+01
4.149566232629803864e+01
4.159566232629804006e+01
4.169566232629804148e+01
4.179566232629804290e+01
4.189566232629804432e+01
4.199566232629804574e+01
4.209566232629804716e+01
4.219566232629804858e+01
4.229566232629805000e+01
4.239566232629805143e+01
4.249566232629805285e+01
4.259566232629805427e+01
4.269566232629805569e+01
4.279566232629805711e+01
4.289566232629805853e+01
4.299566232629805995e+01
4.309566232629806137e+01
4.319566232629806279e+01
4.329566232629806422e+01
4.339566232629806564e+01
4.349566232629806706e+01
4.359566232629806848e+01
4.369566232629806990e+01
4.379566232629807132e+01
4.389566232629807274e+01
4.399566232629807416e+01
4.409566232629807558e+01
4.419566232629807701e+01
4.429566232629807843e+01
4.439566232629807985e+01
4.449566232629808127e+01
4.459566232629808269e+01
4.469566232629808411e+01
4.479566232629808553e+01
4.489566232629808695e+01
4.499566232629808837e+01
4.509566232629808979e+01
4.519566232629809122e+01
4.529566232629809264e+01
4.539566232629809406e+01
4.549566232629809548e+01
4.559566232629809690e+01
4.569566232629809832e+01
4.579566232629809974e+01
4.589566232629810116e+01
4.599566232629810258e+01
4.609566232629810401e+01
4.619566232629810543e+01
4.629566232629810685e+01
4.639566232629810827e+01
4.649566232629810969e+01
4.659566232629811111e+01
4.669566232629811253e+01
4.679566232629811395e+01
4.689566232629811537e+01
4.699566232629811680e+01
4.709566232629811822e+01
4.719566232629811964e+01
4.729566232629812106e+01
4.739566232629812248e+01
4.749566232629812390e+01
4.759566232629812532e+01
4.769566232629812674e+01
4.779566232629812816e+01
4.789566232629812959e+01
4.799566232629813101e+01
4.809566232629813243e+01
4.819566232629813385e+01
4.829566232629813527e+01
4.839566232629813669e+01
4.849566232629813811e+01
4.859566232629813953e+01
4.869566232629814095e+01
4.879566232629814237e+01
4.889566232629814380e+01
4.899566232629814522e+01
4.909566232629814664e+01
4.919566232629814806e+01
4.929566232629814948e+01
4.939566232629815090e+01
4.949566232629815232e+01
4.959566232629815374e+01
4.969566232629815516e+01
4.979566232629815659e+01
4.989566232629815801e+01
4.999566232629815943e+01
5.009566232629816085e+01
5.019566232629816227e+01
5.029566232629816369e+01
5.039566232629816511e+01
5.049566232629816653e+01
5.059566232629816795e+01
5.069566232629816938e+01
5.079566232629817080e+01
5.089566232629817222e+01
5.099566232629817364e+01
5.109566232629817506e+01
5.119566232629817648e+01
5.129566232629817790e+01
5.139566232629817932e+01
5.149566232629818074e+01
5.159566232629818217e+01
5.169566232629818359e+01
5.179566232629818501e+01
5.189566232629818643e+01
5.199566232629818785e+01
5.209566232629818927e+01
5.219566232629819069e+01
5.229566232629819211e+01
5.239566232629819353e+01
5.249566232629819496e+01
5.259566232629819638e+01
5.269566232629819780e+01
5.279566232629819922e+01
5.289566232629820064e+01
5.299566232629820206e+01
5.309566232629820348e+01
5.319566232629820490e+01
5.329566232629820632e+01
5.339566232629820774e+01
5.349566232629820917e+01
5.359566232629821059e+01
5.369566232629821201e+01
5.379566232629821343e+01
5.389566232629821485e+01
5.399566232629821627e+01
5.409566232629821769e+01
5.419566232629821911e+01
5.429566232629822053e+01
5.439566232629822196e+01
5.449566232629822338e+01
5.459566232629822480e+01
5.469566232629822622e+01
5.479566232629822764e+01
5.489566232629822906e+01
5.499566232629823048e+01
5.509566232629823190e+01
5.519566232629823332e+01
5.529566232629823475e+01
5.539566232629823617e+01
5.549566232629823759e+01
5.559566232629823901e+01
5.569566232629824043e+01
5.579566232629824185e+01
5.589566232629824327e+01
5.599566232629824469e+01
5.609566232629824611e+01
5.619566232629824754e+01
5.629566232629824896e+01
5.639566232629825038e+01
5.649566232629825180e+01
5.659566232629825322e+01
5.669566232629825464e+01
5.679566232629825606e+01
5.689566232629825748e+01
5.699566232629825890e+01
5.709566232629826033e+01
5.719566232629826175e+01
5.729566232629826317e+01
5.739566232629826459e+01
5.749566232629826601e+01
5.759566232629826743e+01
5.769566232629826885e+01
5.779566232629827027e+01
5.789566232629827169e+01
5.799566232629827311e+01
5.809566232629827454e+01
5.819566232629827596e+01
5.829566232629827738e+01
5.839566232629827880e+01
5.849566232629828022e+01
5.859566232629828164e+01
5.869566232629828306e+01
5.879566232629828448e+01
5.889566232629828590e+01
5.899566232629828733e+01
5.909566232629828875e+01
5.919566232629829017e+01
5.929566232629829159e+01
5.939566232629829301e+01
5.949566232629829443e+01
5.959566232629829585e+01
5.969566232629829727e+01
5.979566232629829869e+01
5.989566232629830012e+01
5.999566232629830154e+01
6.009566232629830296e+01
6.019566232629830438e+01
6.029566232629830580e+01
6.039566232629830722e+01
6.049566232629830864e+01
6.059566232629831006e+01
6.069566232629831148e+01
6.079566232629831291e+01
6.089566232629831433e+01
6.099566232629831575e+01
6.109566232629831717e+01
6.119566232629831859e+01
6.129566232629832001e+01
6.139566232629832143e+01
6.149566232629832285e+01
6.159566232629832427e+01
6.169566232629832570e+01
6.179566232629832712e+01
6.189566232629832854e+01
6.199566232629832996e+01
6.209566232629833138e+01
6.219566232629833280e+01
6.229566232629833422e+01
6.239566232629833564e+01
6.249566232629833706e+01
6.259566232629833848e+01
6.269566232629833991e+01
6.279566232629834133e+01
6.289566232629834275e+01
6.299566232629834417e+01
6.309566232629834559e+01
6.319566232629834701e+01
6.329566232629834843e+01
6.339566232629834985e+01
6.349566232629835127e+01
6.359566232629835270e+01
6.369566232629835412e+01
6.379566232629835554e+01
6.389566232629835696e+01
6.399566232629835838e+01
6.409566232629835270e+01
6.419566232629834701e+01
6.429566232629834133e+01
6.439566232629833564e+01
6.449566232629832996e+01
6.459566232629832427e+01
6.469566232629831859e+01
6.479566232629831291e+01
6.489566232629830722e+01
6.499566232629830154e+01
6.509566232629829585e+01
6.519566232629829017e+01
6.529566232629828448e+01
6.539566232629827880e+01
6.549566232629827311e+01
6.559566232629826743e+01
6.569566232629826175e+01
6.579566232629825606e+01
6.589566232629825038e+01
6.599566232629824469e+01
6.609566232629823901e+01
6.619566232629823332e+01
6.629566232629822764e+01
6.639566232629822196e+01
6.649566232629821627e+01
6.659566232629821059e+01
6.669566232629820490e+01
6.679566232629819922e+01
6.689566232629819353e+01
6.699566232629818785e+01
6.709566232629818217e+01
6.719566232629817648e+01
6.729566232629817080e+01
6.739566232629816511e+01
6.749566232629815943e+01
6.759566232629815374e+01
6.769566232629814806e+01
6.779566232629814237e+01
6.789566232629813669e+01
6.799566232629813101e+01
6.809566232629812532e+01
6.819566232629811964e+01
6.829566232629811395e+01
6.839566232629810827e+01
6.849566232629810258e+01
6.859566232629809690e+01
6.869566232629809122e+01
6.879566232629808553e+01
6.889566232629807985e+01
6.899566232629807416e+01
6.909566232629806848e+01
6.919566232629806279e+01
6.929566232629805711e+01
6.939566232629805143e+01
6.949566232629804574e+01
6.959566232629804006e+01
6.969566232629803437e+01
6.979566232629802869e+01
6.989566232629802300e+01
6.999566232629801732e+01
7.009566232629801164e+01
7.019566232629800595e+01
7.029566232629800027e+01
7.039566232629799458e+01
7.049566232629798890e+01
7.059566232629798321e+01
7.069566232629797753e+01
7.079566232629797184e+01
7.089566232629796616e+01
7.099566232629796048e+01
7.109566232629795479e+01
7.119566232629794911e+01
7.129566232629794342e+01
7.139566232629793774e+01
7.149566232629793205e+01
7.159566232629792637e+01
7.169566232629792069e+01
7.179566232629791500e+01
7.189566232629790932e+01
7.199566232629790363e+01
7.209566232629789795e+01
7.219566232629789226e+01
7.229566232629788658e+01
7.239566232629788090e+01
7.249566232629787521e+01
7.259566232629786953e+01
7.269566232629786384e+01
7.279566232629785816e+01
7.289566232629785247e+01
7.299566232629784679e+01
7.309566232629784110e+01
7.319566232629783542e+01
7.329566232629782974e+01
7.339566232629782405e+01
7.349566232629781837e+01
7.359566232629781268e+01
7.369566232629780700e+01
7.379566232629780131e+01
7.389566232629779563e+01
7.399566232629778995e+01
7.409566232629778426e+01
7.419566232629777858e+01
7.429566232629777289e+01
7.439566232629776721e+01
7.449566232629776152e+01
7.459566232629775584e+01
7.469566232629775016e+01
7.479566232629774447e+01
7.489566232629773879e+01
7.499566232629773310e+01
7.509566232629772742e+01
7.519566232629772173e+01
7.529566232629771605e+01
7.539566232629771036e+01
7.549566232629770468e+01
7.559566232629769900e+01
7.569566232629769331e+01
7.579566232629768763e+01
7.589566232629768194e+01
7.599566232629767626e+01
7.609566232629767057e+01
7.619566232629766489e+01
7.629566232629765921e+01
7.639566232629765352e+01
7.649566232629764784e+01
7.659566232629764215e+01
7.669566232629763647e+01
7.679566232629763078e+01
7.689566232629762510e+01
7.699566232629761942e+01
7.709566232629761373e+01
7.719566232629760805e+01
7.729566232629760236e+01
7.739566232629759668e+01
7.749566232629759099e+01
7.759566232629758531e+01
7.769566232629757963e+01
7.779566232629757394e+01
7.789566232629756826e+01
7.799566232629756257e+01
7.809566232629755689e+01
7.819566232629755120e+01
7.829566232629754552e+01
7.839566232629753983e+01
7.849566232629753415e+01
7.859566232629752847e+01
7.869566232629752278e+01
7.879566232629751710e+01
7.889566232629751141e+01
7.899566232629750573e+01
7.909566232629750004e+01
7.919566232629749436e+01
7.929566232629748868e+01
7.939566232629748299e+01
7.949566232629747731e+01
7.959566232629747162e+01
7.969566232629746594e+01
7.979566232629746025e+01
7.989566232629745457e+01
7.999566232629744889e+01
8.009566232629744320e+01
8.019566232629743752e+01
8.029566232629743183e+01
8.039566232629742615e+01
8.049566232629742046e+01
8.059566232629741478e+01
8.069566232629740909e+01
8.079566232629740341e+01
8.089566232629739773e+01
8.099566232629739204e+01
8.109566232629738636e+01
8.119566232629738067e+01
8.129566232629737499e+01
8.139566232629736930e+01
8.149566232629736362e+01
8.159566232629735794e+01
8.169566232629735225e+01
8.179566232629734657e+01
8.189566232629734088e+01
8.199566232629733520e+01
8.209566232629732951e+01
8.219566232629732383e+01
8.229566232629731815e+01
8.239566232629731246e+01
8.249566232629730678e+01
8.259566232629730109e+01
8.269566232629729541e+01
8.279566232629728972e+01
8.289566232629728404e+01
8.299566232629727836e+01
8.309566232629727267e+01
8.319566232629726699e+01
8.329566232629726130e+01
8.339566232629725562e+01
8.349566232629724993e+01
8.359566232629724425e+01
8.369566232629723856e+01
8.379566232629723288e+01
8.389566232629722720e+01
8.399566232629722151e+01
8.409566232629721583e+01
8.419566232629721014e+01
8.429566232629720446e+01
8.439566232629719877e+01
8.449566232629719309e+01
8.459566232629718741e+01
8.469566232629718172e+01
8.479566232629717604e+01
8.489566232629717035e+01
8.499566232629716467e+01
8.509566232629715898e+01
8.519566232629715330e+01
8.529566232629714762e+01
8.539566232629714193e+01
8.549566232629713625e+01
8.559566232629713056e+01
8.569566232629712488e+01
8.579566232629711919e+01
8.589566232629711351e+01
8.599566232629710782e+01
8.609566232629710214e+01
8.619566232629709646e+01
8.629566232629709077e+01
8.639566232629708509e+01
8.649566232629707940e+01
8.659566232629707372e+01
8.669566232629706803e+01
8.679566232629706235e+01
8.689566232629705667e+01
8.699566232629705098e+01
8.709566232629704530e+01
8.719566232629703961e+01
8.729566232629703393e+01
8.739566232629702824e+01
8.749566232629702256e+01
8.759566232629701688e+01
8.769566232629701119e+01
8.779566232629700551e+01
8.789566232629699982e+01
8.799566232629699414e+01
8.809566232629698845e+01
8.819566232629698277e+01
8.829566232629697708e+01
8.839566232629697140e+01
8.849566232629696572e+01
8.859566232629696003e+01
8.869566232629695435e+01
8.879566232629694866e+01
8.889566232629694298e+01
8.899566232629693729e+01
8.909566232629693161e+01
8.919566232629692593e+01
8.929566232629692024e+01
8.939566232629691456e+01
8.949566232629690887e+01
8.959566232629690319e+01
8.969566232629689750e+01
8.979566232629689182e+01
8.989566232629688614e+01
8.999566232629688045e+01
9.009566232629687477e+01
9.019566232629686908e+01
9.029566232629686340e+01
9.039566232629685771e+01
9.049566232629685203e+01
9.059566232629684635e+01
9.069566232629684066e+01
9.079566232629683498e+01
9.089566232629682929e+01
9.099566232629682361e+01
9.109566232629681792e+01
9.119566232629681224e+01
9.129566232629680655e+01
9.139566232629680087e+01
9.149566232629679519e+01
9.159566232629678950e+01
9.169566232629678382e+01
9.179566232629677813e+01
9.189566232629677245e+01
9.199566232629676676e+01
9.209566232629676108e+01
9.219566232629675540e+01
9.229566232629674971e+01
9.239566232629674403e+01
9.249566232629673834e+01
9.259566232629673266e+01
9.269566232629672697e+01
9.279566232629672129e+01
9.289566232629671561e+01
9.299566232629670992e+01
9.309566232629670424e+01
9.319566232629669855e+01
9.329566232629669287e+01
9.339566232629668718e+01
9.349566232629668150e+01
9.359566232629667581e+01
9.369566232629667013e+01
9.379566232629666445e+01
9.389566232629665876e+01
9.399566232629665308e+01
9.409566232629664739e+01
9.419566232629664171e+01
9.429566232629663602e+01
9.439566232629663034e+01
9.449566232629662466e+01
9.459566232629661897e+01
9.469566232629661329e+01
9.479566232629660760e+01
9.489566232629660192e+01
9.499566232629659623e+01
9.509566232629659055e+01
9.519566232629658487e+01
9.529566232629657918e+01
9.539566232629657350e+01
9.549566232629656781e+01
9.559566232629656213e+01
9.569566232629655644e+01
9.579566232629655076e+01
9.589566232629654507e+01
9.599566232629653939e+01
9.609566232629653371e+01
9.619566232629652802e+01
9.629566232629652234e+01
9.639566232629651665e+01
9.649566232629651097e+01
9.659566232629650528e+01
9.669566232629649960e+01
9.679566232629649392e+01
9.689566232629648823e+01
9.699566232629648255e+01
9.709566232629647686e+01
9.719566232629647118e+01
9.729566232629646549e+01
9.739566232629645981e+01
9.749566232629645413e+01
9.759566232629644844e+01
9.769566232629644276e+01
9.779566232629643707e+01
9.789566232629643139e+01
9.799566232629642570e+01
9.809566232629642002e+01
9.819566232629641434e+01
9.829566232629640865e+01
9.839566232629640297e+01
9.849566232629639728e+01
9.859566232629639160e+01
9.869566232629638591e+01
9.879566232629638023e+01
9.889566232629637454e+01
9.899566232629636886e+01
9.909566232629636318e+01
9.919566232629635749e+01
9.929566232629635181e+01
9.939566232629634612e+01
9.949566232629634044e+01
9.959566232629633475e+01
9.969566232629632907e+01
9.979566232629632339e+01
9.989566232629631770e+01
9.999566232629631202e+01
1.000000000000000000e+02
