-8.000000000000000000e+02
-7.999128982354324080e+02
-7.992482890019529123e+02
-7.985836797684734165e+02
-7.979190705349939208e+02
-7.972544613015144250e+02
-7.965898520680349293e+02
-7.959252428345554335e+02
-7.952606336010759378e+02
-7.945960243675964421e+02
-7.939314151341169463e+02
-7.932668059006374506e+02
-7.926021966671579548e+02
-7.919375874336784591e+02
-7.912729782001989633e+02
-7.906083689667194676e+02
-7.899437597332399719e+02
-7.892791504997604761e+02
-7.886145412662809804e+02
-7.879499320328014846e+02
-7.872853227993219889e+02
-7.866207135658424932e+02
-7.859561043323629974e+02
-7.852914950988835017e+02
-7.846268858654040059e+02
-7.839622766319245102e+02
-7.832976673984450144e+02
-7.826330581649655187e+02
-7.819684489314860230e+02
-7.813038396980065272e+02
-7.806392304645270315e+02
-7.799746212310475357e+02
-7.793100119975680400e+02
-7.786454027640885442e+02
-7.779807935306090485e+02
-7.773161842971295528e+02
-7.766515750636500570e+02
-7.759869658301705613e+02
-7.753223565966910655e+02
-7.746577473632115698e+02
-7.739931381297320740e+02
-7.733285288962525783e+02
-7.726639196627730826e+02
-7.719993104292935868e+02
-7.713347011958140911e+02
-7.706700919623345953e+02
-7.700054827288550996e+02
-7.693408734953756039e+02
-7.686762642618961081e+02
-7.680116550284166124e+02
-7.673470457949371166e+02
-7.666824365614576209e+02
-7.660178273279781251e+02
-7.653532180944986294e+02
-7.646886088610191337e+02
-7.640239996275396379e+02
-7.633593903940601422e+02
-7.626947811605806464e+02
-7.620301719271011507e+02
-7.613655626936216549e+02
-7.607009534601421592e+02
-7.600363442266626635e+02
-7.593717349931831677e+02
-7.587071257597036720e+02
-7.580425165262241762e+02
-7.573779072927446805e+02
-7.567132980592651847e+02
-7.560486888257856890e+02
-7.553840795923061933e+02
-7.547194703588266975e+02
-7.540548611253472018e+02
-7.533902518918677060e+02
-7.527256426583882103e+02
-7.520610334249087146e+02
-7.513964241914292188e+02
-7.507318149579497231e+02
-7.500672057244702273e+02
-7.494025964909907316e+02
-7.487379872575112358e+02
-7.480733780240317401e+02
-7.474087687905522444e+02
-7.467441595570727486e+02
-7.460795503235932529e+02
-7.454149410901137571e+02
-7.447503318566342614e+02
-7.440857226231547656e+02
-7.434211133896752699e+02
-7.427565041561957742e+02
-7.420918949227162784e+02
-7.414272856892367827e+02
-7.407626764557572869e+02
-7.400980672222777912e+02
-7.394334579887982954e+02
-7.387688487553187997e+02
-7.381042395218393040e+02
-7.374396302883598082e+02
-7.367750210548803125e+02
-7.361104118214008167e+02
-7.354458025879213210e+02
-7.347811933544418252e+02
-7.341165841209623295e+02
-7.334519748874828338e+02
-7.327873656540033380e+02
-7.321227564205238423e+02
-7.314581471870443465e+02
-7.307935379535648508e+02
-7.301289287200853551e+02
-7.294643194866058593e+02
-7.287997102531263636e+02
-7.281351010196468678e+02
-7.274704917861673721e+02
-7.268058825526878763e+02
-7.261412733192083806e+02
-7.254766640857288849e+02
-7.248120548522493891e+02
-7.241474456187698934e+02
-7.234828363852903976e+02
-7.228182271518109019e+02
-7.221536179183314061e+02
-7.214890086848519104e+02
-7.208243994513724147e+02
-7.201597902178929189e+02
-7.194951809844134232e+02
-7.188305717509339274e+02
-7.181659625174544317e+02
-7.175013532839749359e+02
-7.168367440504954402e+02
-7.161721348170159445e+02
-7.155075255835364487e+02
-7.148429163500569530e+02
-7.141783071165774572e+02
-7.135136978830979615e+02
-7.128490886496184658e+02
-7.121844794161389700e+02
-7.115198701826594743e+02
-7.108552609491799785e+02
-7.101906517157004828e+02
-7.095260424822209870e+02
-7.088614332487414913e+02
-7.081968240152619956e+02
-7.075322147817824998e+02
-7.068676055483030041e+02
-7.062029963148235083e+02
-7.055383870813440126e+02
-7.048737778478645168e+02
-7.042091686143850211e+02
-7.035445593809055254e+02
-7.028799501474260296e+02
-7.022153409139465339e+02
-7.015507316804670381e+02
-7.008861224469875424e+02
-7.002215132135080466e+02
-6.995569039800285509e+02
-6.988922947465490552e+02
-6.982276855130695594e+02
-6.975630762795900637e+02
-6.968984670461105679e+02
-6.962338578126310722e+02
-6.955692485791515765e+02
-6.949046393456720807e+02
-6.942400301121925850e+02
-6.935754208787130892e+02
-6.929108116452335935e+02
-6.922462024117540977e+02
-6.915815931782746020e+02
-6.909169839447951063e+02
-6.902523747113156105e+02
-6.895877654778361148e+02
-6.889231562443566190e+02
-6.882585470108771233e+02
-6.875939377773976275e+02
-6.869293285439181318e+02
-6.862647193104386361e+02
-6.856001100769591403e+02
-6.849355008434796446e+02
-6.842708916100001488e+02
-6.836062823765206531e+02
-6.829416731430411573e+02
-6.822770639095616616e+02
-6.816124546760821659e+02
-6.809478454426026701e+02
-6.802832362091231744e+02
-6.796186269756436786e+02
-6.789540177421641829e+02
-6.782894085086846871e+02
-6.776247992752051914e+02
-6.769601900417256957e+02
-6.762955808082461999e+02
-6.756309715747667042e+02
-6.749663623412872084e+02
-6.743017531078077127e+02
-6.736371438743282170e+02
-6.729725346408487212e+02
-6.723079254073692255e+02
-6.716433161738897297e+02
-6.709787069404102340e+02
-6.703140977069307382e+02
-6.696494884734512425e+02
-6.689848792399717468e+02
-6.683202700064922510e+02
-6.676556607730127553e+02
-6.669910515395332595e+02
-6.663264423060537638e+02
-6.656618330725742680e+02
-6.649972238390947723e+02
-6.643326146056152766e+02
-6.636680053721357808e+02
-6.630033961386562851e+02
-6.623387869051767893e+02
-6.616741776716972936e+02
-6.610095684382177978e+02
-6.603449592047383021e+02
-6.596803499712588064e+02
-6.590157407377793106e+02
-6.583511315042998149e+02
-6.576865222708203191e+02
-6.570219130373408234e+02
-6.563573038038613277e+02
-6.556926945703818319e+02
-6.550280853369023362e+02
-6.543634761034228404e+02
-6.536988668699433447e+02
-6.530342576364638489e+02
-6.523696484029843532e+02
-6.517050391695048575e+02
-6.510404299360253617e+02
-6.503758207025458660e+02
-6.497112114690663702e+02
-6.490466022355868745e+02
-6.483819930021073787e+02
-6.477173837686278830e+02
-6.470527745351483873e+02
-6.463881653016688915e+02
-6.457235560681893958e+02
-6.450589468347099000e+02
-6.443943376012304043e+02
-6.437297283677509085e+02
-6.430651191342714128e+02
-6.424005099007919171e+02
-6.417359006673124213e+02
-6.410712914338329256e+02
-6.404066822003534298e+02
-6.397420729668739341e+02
-6.390774637333944383e+02
-6.384128544999149426e+02
-6.377482452664354469e+02
-6.370836360329559511e+02
-6.364190267994764554e+02
-6.357544175659969596e+02
-6.350898083325174639e+02
-6.344251990990379682e+02
-6.337605898655584724e+02
-6.330959806320789767e+02
-6.324313713985994809e+02
-6.317667621651199852e+02
-6.311021529316404894e+02
-6.304375436981609937e+02
-6.297729344646814980e+02
-6.291083252312020022e+02
-6.284437159977225065e+02
-6.277791067642430107e+02
-6.271144975307635150e+02
-6.264498882972840192e+02
-6.257852790638045235e+02
-6.251206698303250278e+02
-6.244560605968455320e+02
-6.237914513633660363e+02
-6.231268421298865405e+02
-6.224622328964070448e+02
-6.217976236629275490e+02
-6.211330144294480533e+02
-6.204684051959685576e+02
-6.198037959624890618e+02
-6.191391867290095661e+02
-6.184745774955300703e+02
-6.178099682620505746e+02
-6.171453590285710789e+02
-6.164807497950915831e+02
-6.158161405616120874e+02
-6.151515313281325916e+02
-6.144869220946530959e+02
-6.138223128611736001e+02
-6.131577036276941044e+02
-6.124930943942146087e+02
-6.118284851607351129e+02
-6.111638759272556172e+02
-6.104992666937761214e+02
-6.098346574602966257e+02
-6.091700482268171299e+02
-6.085054389933376342e+02
-6.078408297598581385e+02
-6.071762205263786427e+02
-6.065116112928991470e+02
-6.058470020594196512e+02
-6.051823928259401555e+02
-6.045177835924606597e+02
-6.038531743589811640e+02
-6.031885651255016683e+02
-6.025239558920221725e+02
-6.018593466585426768e+02
-6.011947374250631810e+02
-6.005301281915836853e+02
-5.998655189581041896e+02
-5.992009097246246938e+02
-5.985363004911451981e+02
-5.978716912576657023e+02
-5.972070820241862066e+02
-5.965424727907067108e+02
-5.958778635572272151e+02
-5.952132543237477194e+02
-5.945486450902682236e+02
-5.938840358567887279e+02
-5.932194266233092321e+02
-5.925548173898297364e+02
-5.918902081563502406e+02
-5.912255989228707449e+02
-5.905609896893912492e+02
-5.898963804559117534e+02
-5.892317712224322577e+02
-5.885671619889527619e+02
-5.879025527554732662e+02
-5.872379435219937704e+02
-5.865733342885142747e+02
-5.859087250550347790e+02
-5.852441158215552832e+02
-5.845795065880757875e+02
-5.839148973545962917e+02
-5.832502881211167960e+02
-5.825856788876373002e+02
-5.819210696541578045e+02
-5.812564604206783088e+02
-5.805918511871988130e+02
-5.799272419537193173e+02
-5.792626327202398215e+02
-5.785980234867603258e+02
-5.779334142532808301e+02
-5.772688050198013343e+02
-5.766041957863218386e+02
-5.759395865528423428e+02
-5.752749773193628471e+02
-5.746103680858833513e+02
-5.739457588524038556e+02
-5.732811496189243599e+02
-5.726165403854448641e+02
-5.719519311519653684e+02
-5.712873219184858726e+02
-5.706227126850063769e+02
-5.699581034515268811e+02
-5.692934942180473854e+02
-5.686288849845678897e+02
-5.679642757510883939e+02
-5.672996665176088982e+02
-5.666350572841294024e+02
-5.659704480506499067e+02
-5.653058388171704109e+02
-5.646412295836909152e+02
-5.639766203502114195e+02
-5.633120111167319237e+02
-5.626474018832524280e+02
-5.619827926497729322e+02
-5.613181834162934365e+02
-5.606535741828139408e+02
-5.599889649493344450e+02
-5.593243557158549493e+02
-5.586597464823754535e+02
-5.579951372488959578e+02
-5.573305280154164620e+02
-5.566659187819369663e+02
-5.560013095484574706e+02
-5.553367003149779748e+02
-5.546720910814984791e+02
-5.540074818480189833e+02
-5.533428726145394876e+02
-5.526782633810599918e+02
-5.520136541475804961e+02
-5.513490449141010004e+02
-5.506844356806215046e+02
-5.500198264471420089e+02
-5.493552172136625131e+02
-5.486906079801830174e+02
-5.480259987467035216e+02
-5.473613895132240259e+02
-5.466967802797445302e+02
-5.460321710462650344e+02
-5.453675618127855387e+02
-5.447029525793060429e+02
-5.440383433458265472e+02
-5.433737341123470515e+02
-5.427091248788675557e+02
-5.420445156453880600e+02
-5.413799064119085642e+02
-5.407152971784290685e+02
-5.400506879449495727e+02
-5.393860787114700770e+02
-5.387214694779905813e+02
-5.380568602445110855e+02
-5.373922510110315898e+02
-5.367276417775520940e+02
-5.360630325440725983e+02
-5.353984233105931025e+02
-5.347338140771136068e+02
-5.340692048436341111e+02
-5.334045956101546153e+02
-5.327399863766751196e+02
-5.320753771431956238e+02
-5.314107679097161281e+02
-5.307461586762366323e+02
-5.300815494427571366e+02
-5.294169402092776409e+02
-5.287523309757981451e+02
-5.280877217423186494e+02
-5.274231125088391536e+02
-5.267585032753596579e+02
-5.260938940418801621e+02
-5.254292848084006664e+02
-5.247646755749211707e+02
-5.241000663414416749e+02
-5.234354571079621792e+02
-5.227708478744826834e+02
-5.221062386410031877e+02
-5.214416294075236920e+02
-5.207770201740441962e+02
-5.201124109405647005e+02
-5.194478017070852047e+02
-5.187831924736057090e+02
-5.181185832401262132e+02
-5.174539740066467175e+02
-5.167893647731672218e+02
-5.161247555396877260e+02
-5.154601463062082303e+02
-5.147955370727287345e+02
-5.141309278392492388e+02
-5.134663186057697430e+02
-5.128017093722902473e+02
-5.121371001388107516e+02
-5.114724909053312558e+02
-5.108078816718517601e+02
-5.101432724383722643e+02
-5.094786632048927686e+02
-5.088140539714132728e+02
-5.081494447379337771e+02
-5.074848355044542814e+02
-5.068202262709747856e+02
-5.061556170374952899e+02
-5.054910078040157941e+02
-5.048263985705362984e+02
-5.041617893370568027e+02
-5.034971801035773069e+02
-5.028325708700978112e+02
-5.021679616366183154e+02
-5.015033524031388197e+02
-5.008387431696593239e+02
-5.001741339361798282e+02
-4.995095247027003325e+02
-4.988449154692208367e+02
-4.981803062357413410e+02
-4.975156970022618452e+02
-4.968510877687823495e+02
-4.961864785353028537e+02
-4.955218693018233580e+02
-4.948572600683438623e+02
-4.941926508348643665e+02
-4.935280416013848708e+02
-4.928634323679053750e+02
-4.921988231344258793e+02
-4.915342139009463835e+02
-4.908696046674668878e+02
-4.902049954339873921e+02
-4.895403862005078963e+02
-4.888757769670284006e+02
-4.882111677335489048e+02
-4.875465585000694091e+02
-4.868819492665899133e+02
-4.862173400331104176e+02
-4.855527307996309219e+02
-4.848881215661514261e+02
-4.842235123326719304e+02
-4.835589030991924346e+02
-4.828942938657129389e+02
-4.822296846322334432e+02
-4.815650753987539474e+02
-4.809004661652744517e+02
-4.802358569317949559e+02
-4.795712476983154602e+02
-4.789066384648359644e+02
-4.782420292313564687e+02
-4.775774199978769730e+02
-4.769128107643974772e+02
-4.762482015309179815e+02
-4.755835922974384857e+02
-4.749189830639589900e+02
-4.742543738304794942e+02
-4.735897645969999985e+02
-4.729251553635205028e+02
-4.722605461300410070e+02
-4.715959368965615113e+02
-4.709313276630820155e+02
-4.702667184296025198e+02
-4.696021091961230240e+02
-4.689374999626435283e+02
-4.682728907291640326e+02
-4.676082814956845368e+02
-4.669436722622050411e+02
-4.662790630287255453e+02
-4.656144537952460496e+02
-4.649498445617665539e+02
-4.642852353282870581e+02
-4.636206260948075624e+02
-4.629560168613280666e+02
-4.622914076278485709e+02
-4.616267983943690751e+02
-4.609621891608895794e+02
-4.602975799274100837e+02
-4.596329706939305879e+02
-4.589683614604510922e+02
-4.583037522269715964e+02
-4.576391429934921007e+02
-4.569745337600126049e+02
-4.563099245265331092e+02
-4.556453152930536135e+02
-4.549807060595741177e+02
-4.543160968260946220e+02
-4.536514875926151262e+02
-4.529868783591356305e+02
-4.523222691256561347e+02
-4.516576598921766390e+02
-4.509930506586971433e+02
-4.503284414252176475e+02
-4.496638321917381518e+02
-4.489992229582586560e+02
-4.483346137247791603e+02
-4.476700044912996646e+02
-4.470053952578201688e+02
-4.463407860243406731e+02
-4.456761767908611773e+02
-4.450115675573816816e+02
-4.443469583239021858e+02
-4.436823490904226901e+02
-4.430177398569431944e+02
-4.423531306234636986e+02
-4.416885213899842029e+02
-4.410239121565047071e+02
-4.403593029230252114e+02
-4.396946936895457156e+02
-4.390300844560662199e+02
-4.383654752225867242e+02
-4.377008659891072284e+02
-4.370362567556277327e+02
-4.363716475221482369e+02
-4.357070382886687412e+02
-4.350424290551892454e+02
-4.343778198217097497e+02
-4.337132105882302540e+02
-4.330486013547507582e+02
-4.323839921212712625e+02
-4.317193828877917667e+02
-4.310547736543122710e+02
-4.303901644208327752e+02
-4.297255551873532795e+02
-4.290609459538737838e+02
-4.283963367203942880e+02
-4.277317274869147923e+02
-4.270671182534352965e+02
-4.264025090199558008e+02
-4.257378997864763051e+02
-4.250732905529968093e+02
-4.244086813195173136e+02
-4.237440720860378178e+02
-4.230794628525583221e+02
-4.224148536190788263e+02
-4.217502443855993306e+02
-4.210856351521198349e+02
-4.204210259186403391e+02
-4.197564166851608434e+02
-4.190918074516813476e+02
-4.184271982182018519e+02
-4.177625889847223561e+02
-4.170979797512428604e+02
-4.164333705177633647e+02
-4.157687612842838689e+02
-4.151041520508043732e+02
-4.144395428173248774e+02
-4.137749335838453817e+02
-4.131103243503658859e+02
-4.124457151168863902e+02
-4.117811058834068945e+02
-4.111164966499273987e+02
-4.104518874164479030e+02
-4.097872781829684072e+02
-4.091226689494889115e+02
-4.084580597160094158e+02
-4.077934504825299200e+02
-4.071288412490504243e+02
-4.064642320155709285e+02
-4.057996227820914328e+02
-4.051350135486119370e+02
-4.044704043151324413e+02
-4.038057950816529456e+02
-4.031411858481734498e+02
-4.024765766146939541e+02
-4.018119673812144583e+02
-4.011473581477349626e+02
-4.004827489142554668e+02
-3.998181396807759711e+02
-3.991535304472964754e+02
-3.984889212138169796e+02
-3.978243119803374839e+02
-3.971597027468579881e+02
-3.964950935133784924e+02
-3.958304842798989966e+02
-3.951658750464195009e+02
-3.945012658129400052e+02
-3.938366565794605094e+02
-3.931720473459810137e+02
-3.925074381125015179e+02
-3.918428288790220222e+02
-3.911782196455425265e+02
-3.905136104120630307e+02
-3.898490011785835350e+02
-3.891843919451040392e+02
-3.885197827116245435e+02
-3.878551734781450477e+02
-3.871905642446655520e+02
-3.865259550111860563e+02
-3.858613457777065605e+02
-3.851967365442270648e+02
-3.845321273107475690e+02
-3.838675180772680733e+02
-3.832029088437885775e+02
-3.825382996103090818e+02
-3.818736903768295861e+02
-3.812090811433500903e+02
-3.805444719098705946e+02
-3.798798626763910988e+02
-3.792152534429116031e+02
-3.785506442094321073e+02
-3.778860349759526116e+02
-3.772214257424731159e+02
-3.765568165089936201e+02
-3.758922072755141244e+02
-3.752275980420346286e+02
-3.745629888085551329e+02
-3.738983795750756371e+02
-3.732337703415961414e+02
-3.725691611081166457e+02
-3.719045518746371499e+02
-3.712399426411576542e+02
-3.705753334076781584e+02
-3.699107241741986627e+02
-3.692461149407191670e+02
-3.685815057072396712e+02
-3.679168964737601755e+02
-3.672522872402806797e+02
-3.665876780068011840e+02
-3.659230687733216882e+02
-3.652584595398421925e+02
-3.645938503063626968e+02
-3.639292410728832010e+02
-3.632646318394037053e+02
-3.626000226059242095e+02
-3.619354133724447138e+02
-3.612708041389652180e+02
-3.606061949054857223e+02
-3.599415856720062266e+02
-3.592769764385267308e+02
-3.586123672050472351e+02
-3.579477579715677393e+02
-3.572831487380882436e+02
-3.566185395046087478e+02
-3.559539302711292521e+02
-3.552893210376497564e+02
-3.546247118041702606e+02
-3.539601025706907649e+02
-3.532954933372112691e+02
-3.526308841037317734e+02
-3.519662748702522777e+02
-3.513016656367727819e+02
-3.506370564032932862e+02
-3.499724471698137904e+02
-3.493078379363342947e+02
-3.486432287028547989e+02
-3.479786194693753032e+02
-3.473140102358958075e+02
-3.466494010024163117e+02
-3.459847917689368160e+02
-3.453201825354573202e+02
-3.446555733019778245e+02
-3.439909640684983287e+02
-3.433263548350188330e+02
-3.426617456015393373e+02
-3.419971363680598415e+02
-3.413325271345803458e+02
-3.406679179011008500e+02
-3.400033086676213543e+02
-3.393386994341418585e+02
-3.386740902006623628e+02
-3.380094809671828671e+02
-3.373448717337033713e+02
-3.366802625002238756e+02
-3.360156532667443798e+02
-3.353510440332648841e+02
-3.346864347997853883e+02
-3.340218255663058926e+02
-3.333572163328263969e+02
-3.326926070993469011e+02
-3.320279978658674054e+02
-3.313633886323879096e+02
-3.306987793989084139e+02
-3.300341701654289182e+02
-3.293695609319494224e+02
-3.287049516984699267e+02
-3.280403424649904309e+02
-3.273757332315109352e+02
-3.267111239980314394e+02
-3.260465147645519437e+02
-3.253819055310724480e+02
-3.247172962975929522e+02
-3.240526870641134565e+02
-3.233880778306339607e+02
-3.227234685971544650e+02
-3.220588593636749692e+02
-3.213942501301954735e+02
-3.207296408967159778e+02
-3.200650316632364820e+02
-3.194004224297569863e+02
-3.187358131962774905e+02
-3.180712039627979948e+02
-3.174065947293184990e+02
-3.167419854958390033e+02
-3.160773762623595076e+02
-3.154127670288800118e+02
-3.147481577954005161e+02
-3.140835485619210203e+02
-3.134189393284415246e+02
-3.127543300949620289e+02
-3.120897208614825331e+02
-3.114246269936700742e+02
-3.107567722854386147e+02
-3.100853544482117172e+02
-3.094095745879904484e+02
-3.087286144296715520e+02
-3.080415312781539114e+02
-3.073473307912953487e+02
-3.066450002670908361e+02
-3.059333780653925601e+02
-3.052111457429034544e+02
-3.044769105579392772e+02
-3.037291010305671080e+02
-3.029658527216168977e+02
-3.021850686077731325e+02
-3.013843674331666875e+02
-3.005608659526349697e+02
-2.997111007592687315e+02
-2.988309668945382782e+02
-2.979153729568557196e+02
-2.969578147898307634e+02
-2.959499774463162112e+02
-2.948809066993230203e+02
-2.937354607144039278e+02
-2.924919369473294637e+02
-2.911177634032977153e+02
-2.895604604894425620e+02
-2.877281853574006618e+02
-2.857256869179506111e+02
-2.837231884785005604e+02
-2.817206900390505098e+02
-2.797181915996004591e+02
-2.777156931601504084e+02
-2.757131947207003577e+02
-2.739866646391932363e+02
-2.725691667327891992e+02
-2.712776133508755265e+02
-2.699860599689618539e+02
-2.688929952902523723e+02
-2.677959427920799840e+02
-2.668169472758772258e+02
-2.658301260150558392e+02
-2.649580543007058964e+02
-2.640859825863559536e+02
-2.632003252111274492e+02
-2.624209157905502821e+02
-2.616415063699731149e+02
-2.608252937845313681e+02
-2.600090811990896214e+02
-2.591928686136478746e+02
-2.584620243860126152e+02
-2.577311801583773558e+02
-2.570003359307420965e+02
-2.562694917031068371e+02
-2.555386474754715778e+02
-2.548078032478363184e+02
-2.540769590202010590e+02
-2.533461147925657997e+02
-2.526152705649305403e+02
-2.519610077335581764e+02
-2.513067449021858124e+02
-2.506042370710302407e+02
-2.499017292398746690e+02
-2.491992214087190973e+02
-2.484967135775635256e+02
-2.477942057464079539e+02
-2.470812038152654395e+02
-2.463682018841229251e+02
-2.456551999529804107e+02
-2.449258729050393413e+02
-2.441965458570982719e+02
-2.434523301763376821e+02
-2.427040880072023583e+02
-2.419558458380670345e+02
-2.411635429520753178e+02
-2.403712400660836011e+02
-2.395789371800918843e+02
-2.387397678371027610e+02
-2.379005984941136376e+02
-2.370177739789516522e+02
-2.361214571890285185e+02
-2.351801785388170174e+02
-2.341939934507379917e+02
-2.332078083626589660e+02
-2.320578956385899403e+02
-2.309079829145209146e+02
-2.296641919007981016e+02
-2.282358585092433714e+02
-2.265848591950732498e+02
-2.247867918109595848e+02
-2.227842933715095057e+02
-2.207817949320594266e+02
-2.187792964926093475e+02
-2.167767980531592684e+02
-2.147742996137091893e+02
-2.127718011742591102e+02
-2.110368179871382779e+02
-2.096281658657747755e+02
-2.081968519643017714e+02
-2.070403867638288773e+02
-2.058839215633559832e+02
-2.048617210884714837e+02
-2.038395206135869842e+02
-2.028173201387024847e+02
-2.019323445371622654e+02
-2.010473689356220461e+02
-2.001623933340818269e+02
-1.993692673752001667e+02
-1.985761414163185066e+02
-1.977630419706356122e+02
-1.970369071280976243e+02
-1.963107722855596364e+02
-1.955405887499979087e+02
-1.947704052144361810e+02
-1.940002216788744533e+02
-1.932300381433127257e+02
-1.924598546077509980e+02
-1.916896710721892703e+02
-1.909978410344793929e+02
-1.903060109967695155e+02
-1.896141809590596381e+02
-1.889124667595463904e+02
-1.882107525600331428e+02
-1.875056422600778490e+02
-1.868005319601225551e+02
-1.860954216601672613e+02
-1.853827233865259814e+02
-1.846700251128847015e+02
-1.839573268392434215e+02
-1.832353741307403538e+02
-1.825134214222372862e+02
-1.817846916088155638e+02
-1.810508590748513598e+02
-1.803170265408871558e+02
-1.795528969313765799e+02
-1.787887673218660041e+02
-1.780106540907883073e+02
-1.772107346344249379e+02
-1.764108151780615685e+02
-1.755493003147863931e+02
-1.746877854515112176e+02
-1.738262705882360422e+02
-1.728833717701852777e+02
-1.719404729521345132e+02
-1.709336155182517700e+02
-1.698862183051172110e+02
-1.687418173051662222e+02
-1.675402006776097039e+02
-1.663316565456610761e+02
-1.647490151884199747e+02
-1.631663738311788734e+02
-1.612600760785863088e+02
-1.592575776391362297e+02
-1.572550791996861506e+02
-1.552525807602360715e+02
-1.532500823207859924e+02
-1.512475838813359132e+02
-1.492450854418858341e+02
-1.476408961571734153e+02
-1.463365489228628462e+02
-1.450148213506147101e+02
-1.438735172018209028e+02
-1.427322130530270954e+02
-1.415909089042332880e+02
-1.406451144941130735e+02
-1.396993200839928591e+02
-1.387535256738726446e+02
-1.379286163426634744e+02
-1.371037070114543042e+02
-1.362629453428446880e+02
-1.354221836742350717e+02
-1.345814220056254555e+02
-1.338276646564021064e+02
-1.330739073071787573e+02
-1.323201499579554081e+02
-1.315663926087320590e+02
-1.308126352595087099e+02
-1.300588779102853607e+02
-1.293051205610620116e+02
-1.285513632118386624e+02
-1.277976058626153133e+02
-1.271226761132859338e+02
-1.264477463639565542e+02
-1.257409748511816758e+02
-1.250342033384067975e+02
-1.243274318256319191e+02
-1.236196488715626600e+02
-1.229118659174934010e+02
-1.222040829634241419e+02
-1.214930244917447197e+02
-1.207819660200652976e+02
-1.200574614102636417e+02
-1.193329568004619858e+02
-1.186084521906603300e+02
-1.178547440143590137e+02
-1.171010358380576974e+02
-1.163473276617563812e+02
-1.155642996981026869e+02
-1.147812717344489926e+02
-1.139710035127689594e+02
-1.131529754274143045e+02
-1.123349473420596496e+02
-1.114580963035898833e+02
-1.105812452651201170e+02
-1.096135917189718896e+02
-1.086459381728236622e+02
-1.076782846266754348e+02
-1.065605839106377317e+02
-1.054428831946000287e+02
-1.042047938613915932e+02
-1.028708669180560520e+02
-1.011897148308295868e+02
-9.947799491142075112e+01
-9.747549647197067202e+01
-9.547299803252059291e+01
-9.347049959307051381e+01
-9.146800115362043471e+01
-8.946550271417035560e+01
-8.746300427472027650e+01
-8.546050583527019739e+01
-8.403224108203650644e+01
-8.273272095203162735e+01
-8.143320082202674826e+01
-8.032349078608625348e+01
-7.921378075014575870e+01
-7.810407071420526393e+01
-7.716413409285075886e+01
-7.622419747149625380e+01
-7.528426085014174873e+01
-7.443989795542933052e+01
-7.359553506071691231e+01
-7.275117216600449410e+01
-7.190680927129207589e+01
-7.117117847566653666e+01
-7.043554768004099742e+01
-6.966538738466766745e+01
-6.889522708929433747e+01
-6.812506679392100750e+01
-6.735490649854767753e+01
-6.667348378663898245e+01
-6.599069611659601264e+01
-6.527628482592743353e+01
-6.456187353525885442e+01
-6.384746224459027530e+01
-6.313305095392169619e+01
-6.241863966325311708e+01
-6.170422837258453796e+01
-6.098981708191595885e+01
-6.027540579124737974e+01
-5.956099450057880063e+01
-5.884658320991022151e+01
-5.813217191924164240e+01
-5.740952520305751250e+01
-5.668687848687338260e+01
-5.595932075672359218e+01
-5.522435135588531097e+01
-5.448938195504702975e+01
-5.372505488369932181e+01
-5.296072781235161386e+01
-5.218563274983963396e+01
-5.138484121689317874e+01
-5.058404968394672352e+01
-4.972254541100840441e+01
-4.886104113807008531e+01
-4.799953686513176621e+01
-4.705495524712181776e+01
-4.611037362911186932e+01
-4.510401478415938215e+01
-4.405342738528939606e+01
-4.291382244977594951e+01
-4.171070718868302407e+01
-4.049683346881420221e+01
-3.890821612915396344e+01
-3.731959878949372467e+01
-3.540851676149494409e+01
-3.340601832204486499e+01
-3.140351988259478588e+01
-2.940102144314470678e+01
-2.739852300369462768e+01
-2.539602456424454857e+01
-2.339352612479446947e+01
-2.179565040188895253e+01
-2.049606480562973942e+01
-1.918265377842014630e+01
-1.804231186538614651e+01
-1.690196995235214672e+01
-1.576162803931814693e+01
-1.481568478646852682e+01
-1.386974153361890671e+01
-1.292379828076928661e+01
-1.209814814614118106e+01
-1.127249801151307551e+01
-1.043212491875828007e+01
-9.591751826003484638e+00
-8.751378733248689201e+00
-7.996919188572995552e+00
-7.242459643897301902e+00
-6.488000099221608252e+00
-5.733540554545914603e+00
-4.979081009870220953e+00
-4.224621465194527303e+00
-3.470161920518833654e+00
-2.715702375843140004e+00
-1.961242831167446354e+00
-1.284545814860614366e+00
-6.078487985537823768e-01
9.778890168459886123e-02
8.034266019229800992e-01
1.509064302161361226e+00
2.217122755809723067e+00
2.925181209458084908e+00
3.633239663106446748e+00
4.345294597708958761e+00
5.057349532311470774e+00
5.780246458392662490e+00
6.503143384473854205e+00
7.226040310555045920e+00
7.980134905192226569e+00
8.734229499829407217e+00
9.488324094466587866e+00
1.027281221960511992e+01
1.105730034474365198e+01
1.186671142464843953e+01
1.268714685307967116e+01
1.350758228151090279e+01
1.438593692424090875e+01
1.526429156697091472e+01
1.623123239940620266e+01
1.719817323184149060e+01
1.816511406427677855e+01
1.928719102245314332e+01
2.040926798062950809e+01
2.164873768748096339e+01
2.299255080755226288e+01
2.467380670380760677e+01
2.639463192060702568e+01
2.839713036005710478e+01
3.039962879950718388e+01
3.240212723895726299e+01
3.440462567840734209e+01
3.640712411785742120e+01
3.840962255730750030e+01
4.041212099675757941e+01
4.182910264185859006e+01
4.312863840791703751e+01
4.442817417397548496e+01
4.553483293599260406e+01
4.664248975157555321e+01
4.775014656715850236e+01
4.868877082623642139e+01
4.962739508531434041e+01
5.056601934439225943e+01
5.141040359321431907e+01
5.225478784203637872e+01
5.309917209085843837e+01
5.394355633968049801e+01
5.468190225390398496e+01
5.542024816812747190e+01
5.618943152368925809e+01
5.688080798226669543e+01
5.757272477424374557e+01
5.830793155732479960e+01
5.904313834040585363e+01
5.977834512348690765e+01
6.051355190656796168e+01
6.124875868964901571e+01
6.198396547273006973e+01
6.271917225581112376e+01
6.345437903889217779e+01
6.418958582197322471e+01
6.492479260505427874e+01
6.565999938813533277e+01
6.639520617121638679e+01
6.713041295429744082e+01
6.786561973737849485e+01
6.860082652045954887e+01
6.933603330354060290e+01
7.007124008662165693e+01
7.082264392920899354e+01
7.157404777179633015e+01
7.232545161438366677e+01
7.310295918557582695e+01
7.388046675676798714e+01
7.469191407893833912e+01
7.550336140110869110e+01
7.633701841887646822e+01
7.720928852282366961e+01
7.808155862677087100e+01
7.904854956790957488e+01
8.001554050904827875e+01
8.099579088097645752e+01
8.210220926863649993e+01
8.320862765629654234e+01
8.444178660012127580e+01
8.575242926883009886e+01
8.742610406994322148e+01
8.911363253791304828e+01
9.111613097736312739e+01
9.311862941681320649e+01
9.512112785626328559e+01
9.712362629571336470e+01
9.912612473516344380e+01
1.011286231746135229e+02
1.031311216140636020e+02
1.045886510544764150e+02
1.058882053109767440e+02
1.071877595674770731e+02
1.083047886790051280e+02
1.093048194919066987e+02
1.103048503048082694e+02
1.113362181742274686e+02
1.121954975863363870e+02
1.130547769984453055e+02
1.139532603875801016e+02
1.148517437767148976e+02
1.157502271658496937e+02
1.165255311659123549e+02
1.173008351659750161e+02
1.180761391660376773e+02
1.188514431661003385e+02
1.196267471661629997e+02
1.204020511662256609e+02
1.210923088794919380e+02
1.217825665927582151e+02
1.225050759768663795e+02
1.232275853609745440e+02
1.239500947450827084e+02
1.246726041291908729e+02
1.253951135132990373e+02
1.261176228974072018e+02
1.268401322815153662e+02
1.275626416656235307e+02
1.282851510497316951e+02
1.290076604338398738e+02
1.297301698179480525e+02
1.304526792020562311e+02
1.311751885861644098e+02
1.318976979702725885e+02
1.326321477794735131e+02
1.333665975886744377e+02
1.341010473978753623e+02
1.348598279840521172e+02
1.356186085702288722e+02
1.364126527081073448e+02
1.372066968459858174e+02
1.380007409838642900e+02
1.388562639724829353e+02
1.397117869611015806e+02
1.405869854566748813e+02
1.415106855157546306e+02
1.424343855748343799e+02
1.434360897732836122e+02
1.444490104737920433e+02
1.456124312150494120e+02
1.467886547196868321e+02
1.479979441698028779e+02
1.495104778550468154e+02
1.510772578017038086e+02
1.529214358265323597e+02
1.549239342659824388e+02
1.569264327054325179e+02
1.589289311448825970e+02
1.609314295843326761e+02
1.629339280237827552e+02
1.649364264632328343e+02
1.666164872087353785e+02
1.679885702671233787e+02
1.693830722975276615e+02
1.705347257080724717e+02
1.716863791186172818e+02
1.727128113105482612e+02
1.737392435024792405e+02
1.747656756944102199e+02
1.756571184463352893e+02
1.765485611982603587e+02
1.774400039501854280e+02
1.783314467021104974e+02
1.790898073074175727e+02
1.798516792683828953e+02
1.806349680404389062e+02
1.814182568124949171e+02
1.822015455845509280e+02
1.829848343566069389e+02
1.837681231286629497e+02
1.845514119007189606e+02
1.852436438867236461e+02
1.859358758727283316e+02
1.866476389432495182e+02
1.873594020137707048e+02
1.880711650842918914e+02
1.887829281548130780e+02
1.894946912253342646e+02
1.902064542958554512e+02
1.909182173663766378e+02
1.916299804368978243e+02
1.923417435074190109e+02
1.930535065779401975e+02
1.937652696484613841e+02
1.944899824551690131e+02
1.952146952618766420e+02
1.959394080685842709e+02
1.966930106178926110e+02
1.974466131672009510e+02
1.982002157165092910e+02
1.989829817901627393e+02
1.997657478638161876e+02
2.005760495882713883e+02
2.013936601089926626e+02
2.022112706297139368e+02
2.030878050958113477e+02
2.039643395619087585e+02
2.049319143239849552e+02
2.058994890860611520e+02
2.068670638481373487e+02
2.079838971890669654e+02
2.091007305299965822e+02
2.103382695205684740e+02
2.116703273400346461e+02
2.133504966871139459e+02
2.150599824422645838e+02
2.170624808817146629e+02
2.190649793211647420e+02
2.210674777606148211e+02
2.230699762000649002e+02
2.250724746395149793e+02
2.270749730789650584e+02
2.290774715184151376e+02
2.305086000124703673e+02
2.318081754395554981e+02
2.331077508666406288e+02
2.342182178473769625e+02
2.353286848281132961e+02
2.364391518088496298e+02
2.373793861622494887e+02
2.383196205156493477e+02
2.392598548690492066e+02
2.401041961968869600e+02
2.409485375247247134e+02
2.417928788525624668e+02
2.426372201804002202e+02
2.433721633402402915e+02
2.441071065000803628e+02
2.448774069432905094e+02
2.456477073865006560e+02
2.464180078297108025e+02
2.471883082729209491e+02
2.478719106945754334e+02
2.485569780184492004e+02
2.492711623443304347e+02
2.499853466702116691e+02
2.506995309960929035e+02
2.514137153219741379e+02
2.521278996478553722e+02
2.528420839737366066e+02
2.535562682996178410e+02
2.542704526254990753e+02
2.549846369513803097e+02
2.556988212772615441e+02
2.564130056031427785e+02
2.571352554450247681e+02
2.578575052869067576e+02
2.585857025329420935e+02
2.593200199002379804e+02
2.600543372675338674e+02
2.608185426215176221e+02
2.615827479755013769e+02
2.623593847097351386e+02
2.631596495463102201e+02
2.639599143828853016e+02
2.648213617658389580e+02
2.656828091487926145e+02
2.665442565317462709e+02
2.674878422309274697e+02
2.684314279301086685e+02
2.694378082561796646e+02
2.704865186572579887e+02
2.716280230662051736e+02
2.728299270423601683e+02
2.740404978415321580e+02
2.756253330524797320e+02
2.772101682634273061e+02
2.791170201894301499e+02
2.811195186288802006e+02
2.831220170683302513e+02
2.851245155077803020e+02
2.871270139472303526e+02
2.891295123866804033e+02
2.911320108261304540e+02
2.927350839094325465e+02
2.940378305926929556e+02
2.953577909201440548e+02
2.964990061912757824e+02
2.976402214624075100e+02
2.987814367335392376e+02
2.997273141560803538e+02
3.006731915786214699e+02
3.016190690011625861e+02
3.024441385553296300e+02
3.032692081094966738e+02
3.041099257115535011e+02
3.049506433136103283e+02
3.057913609156671555e+02
3.065452542132654798e+02
3.072991475108638042e+02
3.080530408084621286e+02
3.088069341060604529e+02
3.095608274036587773e+02
3.103147207012571016e+02
3.110686139988554260e+02
3.118225072964537503e+02
3.125764005940520747e+02
3.132516381212972192e+02
3.139268756485423637e+02
3.146334590845630146e+02
3.153400425205836655e+02
3.160466259566043163e+02
3.167536987916830640e+02
3.174607716267618116e+02
3.181678444618405592e+02
3.188749172969193069e+02
3.195819901319980545e+02
3.202890629670768021e+02
3.209961358021555498e+02
3.217032086372342974e+02
3.224102814723130450e+02
3.231173543073917926e+02
3.238244271424705403e+02
3.245315089011228906e+02
3.252385906597752410e+02
3.259456724184275913e+02
3.266527541770799417e+02
3.273598359357322920e+02
3.280669176943846423e+02
3.287739994530369927e+02
3.294810812116893430e+02
3.301881629703416934e+02
3.308952447289940437e+02
3.316023264876463941e+02
3.323094221460094673e+02
3.330165178043725405e+02
3.337236134627356137e+02
3.344307091210986869e+02
3.351378047794617601e+02
3.358449004378248333e+02
3.365519960961879065e+02
3.372590917545509797e+02
3.379661874129140529e+02
3.386732830712771261e+02
3.393803787296401993e+02
3.400874906602650753e+02
3.407946025908899514e+02
3.415017145215148275e+02
3.422088264521397036e+02
3.429159383827645797e+02
3.436230503133894558e+02
3.443301622440143319e+02
3.450372741746392080e+02
3.457443861052640841e+02
3.464514980358889602e+02
3.471586099665138363e+02
3.478657407388988645e+02
3.485728715112838927e+02
3.492800022836689209e+02
3.499871330560539491e+02
3.506942638284389773e+02
3.514013946008240055e+02
3.521085253732090337e+02
3.528156561455940619e+02
3.535227869179790900e+02
3.542299176903641182e+02
3.549370484627491464e+02
3.556442009306331897e+02
3.563513533985172330e+02
3.570585058664012763e+02
3.577656583342853196e+02
3.584728108021693629e+02
3.591799632700534062e+02
3.598871157379374495e+02
3.605942682058214928e+02
3.613014206737055360e+02
3.620085731415895793e+02
3.627157256094736226e+02
3.634229026867843686e+02
3.641300797640951146e+02
3.648372568414058605e+02
3.655444339187166065e+02
3.662516109960273525e+02
3.669587880733380985e+02
3.676659651506488444e+02
3.683731422279595904e+02
3.690803193052703364e+02
3.697874963825810823e+02
3.704946734598918283e+02
3.712018781380631935e+02
3.719090828162345588e+02
3.726162874944059240e+02
3.733234921725772892e+02
3.740306968507486545e+02
3.747379015289200197e+02
3.754451062070913849e+02
3.761523108852627502e+02
3.768595155634341154e+02
3.775667202416054806e+02
3.782739249197768459e+02
3.789811599295444466e+02
3.796883949393120474e+02
3.803956299490796482e+02
3.811028649588472490e+02
3.818100999686148498e+02
3.825173349783824506e+02
3.832245699881500514e+02
3.839318049979176521e+02
3.846390400076852529e+02
3.853462750174528537e+02
3.860535100272204545e+02
3.867607777209129836e+02
3.874680454146055126e+02
3.881753131082980417e+02
3.888825808019905708e+02
3.895898484956830998e+02
3.902971161893756289e+02
3.910043838830681580e+02
3.917116515767606870e+02
3.924189192704532161e+02
3.931261869641457452e+02
3.938334546578382742e+02
3.945407565234502840e+02
3.952480583890622938e+02
3.959553602546743036e+02
3.966626621202863134e+02
3.973699639858983232e+02
3.980772658515103331e+02
3.987845677171223429e+02
3.994918695827343527e+02
4.001991714483463625e+02
4.009064733139583723e+02
4.016137751795703821e+02
4.023211115882266995e+02
4.030284479968830169e+02
4.037357844055393343e+02
4.044431208141956517e+02
4.051504572228519692e+02
4.058577936315082866e+02
4.065651300401646040e+02
4.072724664488209214e+02
4.079798028574772388e+02
4.086871392661335562e+02
4.093944756747898737e+02
4.101018453063632592e+02
4.108092149379366447e+02
4.115165845695100302e+02
4.122239542010834157e+02
4.129313238326568012e+02
4.136386934642301867e+02
4.143460630958035722e+02
4.150534327273769577e+02
4.157608023589503432e+02
4.164681719905237287e+02
4.171755416220971142e+02
4.178829412254741555e+02
4.185903408288511969e+02
4.192977404322282382e+02
4.200051400356052795e+02
4.207125396389823209e+02
4.214199392423593622e+02
4.221273388457364035e+02
4.228347384491134449e+02
4.235421380524904862e+02
4.242495376558675275e+02
4.249569372592445688e+02
4.256643612441853861e+02
4.263717852291262034e+02
4.270792092140670206e+02
4.277866331990078379e+02
4.284940571839486552e+02
4.292014811688894724e+02
4.299089051538302897e+02
4.306163291387711070e+02
4.313237531237119242e+02
4.320311771086527415e+02
4.327386010935935587e+02
4.334460416604714510e+02
4.341534822273493432e+02
4.348609227942272355e+02
4.355683633611051278e+02
4.362758039279830200e+02
4.369832444948609123e+02
4.376906850617388045e+02
4.383981256286166968e+02
4.391055661954945890e+02
4.398130067623724813e+02
4.405204473292503735e+02
4.412278946321272315e+02
4.419353419350040895e+02
4.426427892378809474e+02
4.433502365407578054e+02
4.440576838436346634e+02
4.447651311465115214e+02
4.454725784493883793e+02
4.461800257522652373e+02
4.468874730551420953e+02
4.475949203580189533e+02
4.483023676608958112e+02
4.490098149637726692e+02
4.497172622666495272e+02
4.504247095695263852e+02
4.511321568724032431e+02
4.518396041752801011e+02
4.525470514781569591e+02
4.532544987810338171e+02
4.539619460839106750e+02
4.546693933867875330e+02
4.553768406896643910e+02
4.560842879925412490e+02
4.567917352954181069e+02
4.574991825982949649e+02
4.582066299011718229e+02
4.589140772040486809e+02
4.596215245069255388e+02
4.603289718098023968e+02
4.610364191126792548e+02
4.617438664155561128e+02
4.624513137184329707e+02
4.631587610213098287e+02
4.638662083241866867e+02
4.645736556270635447e+02
4.652811029299404026e+02
4.659885502328172606e+02
4.666959975356941186e+02
4.674034448385709766e+02
4.681108921414478345e+02
4.688183394443246925e+02
4.695257867472015505e+02
4.702332340500784085e+02
4.709406813529552664e+02
4.716481286558321244e+02
4.723555759587089824e+02
4.730630232615858404e+02
4.737704705644626983e+02
4.744779178673395563e+02
4.751853651702164143e+02
4.758928124730932723e+02
4.766002597759701302e+02
4.773077070788469882e+02
4.780151543817238462e+02
4.787226016846007042e+02
4.794300489874775622e+02
4.801374962903544201e+02
4.808449435932312781e+02
4.815523908961081361e+02
4.822598381989849941e+02
4.829672855018618520e+02
4.836747328047387100e+02
4.843821801076155680e+02
4.850896274104924260e+02
4.857970747133692839e+02
4.865045220162461419e+02
4.872119693191229999e+02
4.879194166219998579e+02
4.886268639248767158e+02
4.893343112277535738e+02
4.900417585306304318e+02
4.907492058335072898e+02
4.914566531363841477e+02
4.921641004392610057e+02
4.928715477421378637e+02
4.935789950450147217e+02
4.942864423478915796e+02
4.949938896507684376e+02
4.957013369536452956e+02
4.964087842565221536e+02
4.971162315593990115e+02
4.978236788622758695e+02
4.985311261651527275e+02
4.992385734680295855e+02
4.999460207709064434e+02
5.006534680737833014e+02
5.013609153766601594e+02
5.020683626795370174e+02
5.027758099824138753e+02
5.034832572852907333e+02
5.041907045881675913e+02
5.048981518910444493e+02
5.056055991939213072e+02
5.063130464967981652e+02
5.070204937996750232e+02
5.077279411025518812e+02
5.084353884054287391e+02
5.091428357083055971e+02
5.098502830111824551e+02
5.105577303140593131e+02
5.112651776169361710e+02
5.119726249198130290e+02
5.126800722226898870e+02
5.133875195255667450e+02
5.140949668284436029e+02
5.148024141313204609e+02
5.155098614341973189e+02
5.162173087370741769e+02
5.169247560399510348e+02
5.176322033428278928e+02
5.183396506457047508e+02
5.190470979485816088e+02
5.197545452514584667e+02
5.204619925543353247e+02
5.211694398572121827e+02
5.218768871600890407e+02
5.225843344629658986e+02
5.232917817658427566e+02
5.239992290687196146e+02
5.247066763715964726e+02
5.254141236744733305e+02
5.261215709773501885e+02
5.268290182802270465e+02
5.275364655831039045e+02
5.282439128859807624e+02
5.289513601888576204e+02
5.296588074917344784e+02
5.303662547946113364e+02
5.310737020974881943e+02
5.317811494003650523e+02
5.324885967032419103e+02
5.331960440061187683e+02
5.339034913089956262e+02
5.346109386118724842e+02
5.353183859147493422e+02
5.360258332176262002e+02
5.367332805205030581e+02
5.374407278233799161e+02
5.381481751262567741e+02
5.388556224291336321e+02
5.395630697320104900e+02
5.402705170348873480e+02
5.409779643377642060e+02
5.416854116406410640e+02
5.423928589435179219e+02
5.431003062463947799e+02
5.438077535492716379e+02
5.445152008521484959e+02
5.452226481550253538e+02
5.459300954579022118e+02
5.466375427607790698e+02
5.473449900636559278e+02
5.480524373665327857e+02
5.487598846694096437e+02
5.494673319722865017e+02
5.501747792751633597e+02
5.508822265780402176e+02
5.515896738809170756e+02
5.522971211837939336e+02
5.530045684866707916e+02
5.537120157895476495e+02
5.544194630924245075e+02
5.551269103953013655e+02
5.558343576981782235e+02
5.565418050010550814e+02
5.572492523039319394e+02
5.579566996068087974e+02
5.586641469096856554e+02
5.593715942125625133e+02
5.600790415154393713e+02
5.607864888183162293e+02
5.614939361211930873e+02
5.622013834240699452e+02
5.629088307269468032e+02
5.636162780298236612e+02
5.643237253327005192e+02
5.650311726355773772e+02
5.657386199384542351e+02
5.664460672413310931e+02
5.671535145442079511e+02
5.678609618470848091e+02
5.685684091499616670e+02
5.692758564528385250e+02
5.699833037557153830e+02
5.706907510585922410e+02
5.713981983614690989e+02
5.721056456643459569e+02
5.728130929672228149e+02
5.735205402700996729e+02
5.742279875729765308e+02
5.749354348758533888e+02
5.756428821787302468e+02
5.763503294816071048e+02
5.770577767844839627e+02
5.777652240873608207e+02
5.784726713902376787e+02
5.791801186931145367e+02
5.798875659959913946e+02
5.805950132988682526e+02
5.813024606017451106e+02
5.820099079046219686e+02
5.827173552074988265e+02
5.834248025103756845e+02
5.841322498132525425e+02
5.848396971161294005e+02
5.855471444190062584e+02
5.862545917218831164e+02
5.869620390247599744e+02
5.876694863276368324e+02
5.883769336305136903e+02
5.890843809333905483e+02
5.897918282362674063e+02
5.904992755391442643e+02
5.912067228420211222e+02
5.919141701448979802e+02
5.926216174477748382e+02
5.933290647506516962e+02
5.940365120535285541e+02
5.947439593564054121e+02
5.954514066592822701e+02
5.961588539621591281e+02
5.968663012650359860e+02
5.975737485679128440e+02
5.982811958707897020e+02
5.989886431736665600e+02
5.996960904765434179e+02
6.004035377794202759e+02
6.011109850822971339e+02
6.018184323851739919e+02
6.025258796880508498e+02
6.032333269909277078e+02
6.039407742938045658e+02
6.046482215966814238e+02
6.053556688995582817e+02
6.060631162024351397e+02
6.067705635053119977e+02
6.074780108081888557e+02
6.081854581110657136e+02
6.088929054139425716e+02
6.096003527168194296e+02
6.103078000196962876e+02
6.110152473225731455e+02
6.117226946254500035e+02
6.124301419283268615e+02
6.131375892312037195e+02
6.138450365340805774e+02
6.145524838369574354e+02
6.152599311398342934e+02
6.159673784427111514e+02
6.166748257455880093e+02
6.173822730484648673e+02
6.180897203513417253e+02
6.187971676542185833e+02
6.195046149570954412e+02
6.202120622599722992e+02
6.209195095628491572e+02
6.216269568657260152e+02
6.223344041686028731e+02
6.230418514714797311e+02
6.237492987743565891e+02
6.244567460772334471e+02
6.251641933801103050e+02
6.258716406829871630e+02
6.265790879858640210e+02
6.272865352887408790e+02
6.279939825916177369e+02
6.287014298944945949e+02
6.294088771973714529e+02
6.301163245002483109e+02
6.308237718031251688e+02
6.315312191060020268e+02
6.322386664088788848e+02
6.329461137117557428e+02
6.336535610146326007e+02
6.343610083175094587e+02
6.350684556203863167e+02
6.357759029232631747e+02
6.364833502261400326e+02
6.371907975290168906e+02
6.378982448318937486e+02
6.386056921347706066e+02
6.393131394376474645e+02
6.400205867405243225e+02
6.407280340434011805e+02
6.414354813462780385e+02
6.421429286491548964e+02
6.428503759520317544e+02
6.435578232549086124e+02
6.442652705577854704e+02
6.449727178606623283e+02
6.456801651635391863e+02
6.463876124664160443e+02
6.470950597692929023e+02
6.478025070721697602e+02
6.485099543750466182e+02
6.492174016779234762e+02
6.499248489808003342e+02
6.506322962836771922e+02
6.513397435865540501e+02
6.520471908894309081e+02
6.527546381923077661e+02
6.534620854951846241e+02
6.541695327980614820e+02
6.548769801009383400e+02
6.555844274038151980e+02
6.562918747066920560e+02
6.569993220095689139e+02
6.577067693124457719e+02
6.584142166153226299e+02
6.591216639181994879e+02
6.598291112210763458e+02
6.605365585239532038e+02
6.612440058268300618e+02
6.619514531297069198e+02
6.626589004325837777e+02
6.633663477354606357e+02
6.640737950383374937e+02
6.647812423412143517e+02
6.654886896440912096e+02
6.661961369469680676e+02
6.669035842498449256e+02
6.676110315527217836e+02
6.683184788555986415e+02
6.690259261584754995e+02
6.697333734613523575e+02
6.704408207642292155e+02
6.711482680671060734e+02
6.718557153699829314e+02
6.725631626728597894e+02
6.732706099757366474e+02
6.739780572786135053e+02
6.746855045814903633e+02
6.753929518843672213e+02
6.761003991872440793e+02
6.768078464901209372e+02
6.775152937929977952e+02
6.782227410958746532e+02
6.789301883987515112e+02
6.796376357016283691e+02
6.803450830045052271e+02
6.810525303073820851e+02
6.817599776102589431e+02
6.824674249131358010e+02
6.831748722160126590e+02
6.838823195188895170e+02
6.845897668217663750e+02
6.852972141246432329e+02
6.860046614275200909e+02
6.867121087303969489e+02
6.874195560332738069e+02
6.881270033361506648e+02
6.888344506390275228e+02
6.895418979419043808e+02
6.902493452447812388e+02
6.909567925476580967e+02
6.916642398505349547e+02
6.923716871534118127e+02
6.930791344562886707e+02
6.937865817591655286e+02
6.944940290620423866e+02
6.952014763649192446e+02
6.959089236677961026e+02
6.966163709706729605e+02
6.973238182735498185e+02
6.980312655764266765e+02
6.987387128793035345e+02
6.994461601821803924e+02
7.001536074850572504e+02
7.008610547879341084e+02
7.015685020908109664e+02
7.022759493936878243e+02
7.029833966965646823e+02
7.036908439994415403e+02
7.043982913023183983e+02
7.051057386051952562e+02
7.058131859080721142e+02
7.065206332109489722e+02
7.072280805138258302e+02
7.079355278167026881e+02
7.086429751195795461e+02
7.093504224224564041e+02
7.100578697253332621e+02
7.107653170282101200e+02
7.114727643310869780e+02
7.121802116339638360e+02
7.128876589368406940e+02
7.135951062397175519e+02
7.143025535425944099e+02
7.150100008454712679e+02
7.157174481483481259e+02
7.164248954512249838e+02
7.171323427541018418e+02
7.178397900569786998e+02
7.185472373598555578e+02
7.192546846627324157e+02
7.199621319656092737e+02
7.206695792684861317e+02
7.213770265713629897e+02
7.220844738742398476e+02
7.227919211771167056e+02
7.234993684799935636e+02
7.242068157828704216e+02
7.249142630857472795e+02
7.256217103886241375e+02
7.263291576915009955e+02
7.270366049943778535e+02
7.277440522972547114e+02
7.284514996001315694e+02
7.291589469030084274e+02
7.298663942058852854e+02
7.305738415087621433e+02
7.312812888116390013e+02
7.319887361145158593e+02
7.326961834173927173e+02
7.334036307202695752e+02
7.341110780231464332e+02
7.348185253260232912e+02
7.355259726289001492e+02
7.362334199317770072e+02
7.369408672346538651e+02
7.376483145375307231e+02
7.383557618404075811e+02
7.390632091432844391e+02
7.397706564461612970e+02
7.404781037490381550e+02
7.411855510519150130e+02
7.418929983547918710e+02
7.426004456576687289e+02
7.433078929605455869e+02
7.440153402634224449e+02
7.447227875662993029e+02
7.454302348691761608e+02
7.461376821720530188e+02
7.468451294749298768e+02
7.475525767778067348e+02
7.482600240806835927e+02
7.489674713835604507e+02
7.496749186864373087e+02
7.503823659893141667e+02
7.510898132921910246e+02
7.517972605950678826e+02
7.525047078979447406e+02
7.532121552008215986e+02
7.539196025036984565e+02
7.546270498065753145e+02
7.553344971094521725e+02
7.560419444123290305e+02
7.567493917152058884e+02
7.574568390180827464e+02
7.581642863209596044e+02
7.588717336238364624e+02
7.595791809267133203e+02
7.602866282295901783e+02
7.609940755324670363e+02
7.617015228353438943e+02
7.624089701382207522e+02
7.631164174410976102e+02
7.638238647439744682e+02
7.645313120468513262e+02
7.652387593497281841e+02
7.659462066526050421e+02
7.666536539554819001e+02
7.673611012583587581e+02
7.680685485612356160e+02
7.687759958641124740e+02
7.694834431669893320e+02
7.701908904698661900e+02
7.708983377727430479e+02
7.716057850756199059e+02
7.723132323784967639e+02
7.730206796813736219e+02
7.737281269842504798e+02
7.744355742871273378e+02
7.751430215900041958e+02
7.758504688928810538e+02
7.765579161957579117e+02
7.772653634986347697e+02
7.779728108015116277e+02
7.786802581043884857e+02
7.793877054072653436e+02
7.800951527101422016e+02
7.808026000130190596e+02
7.815100473158959176e+02
7.822174946187727755e+02
7.829249419216496335e+02
7.836323892245264915e+02
7.843398365274033495e+02
7.850472838302802074e+02
7.857547311331570654e+02
7.864621784360339234e+02
7.871696257389107814e+02
7.878770730417876393e+02
7.885845203446644973e+02
7.892919676475413553e+02
7.899994149504182133e+02
7.907068622532950712e+02
7.914143095561719292e+02
7.921217568590487872e+02
7.928292041619256452e+02
7.935366514648025031e+02
7.942440987676793611e+02
7.949515460705562191e+02
7.956589933734330771e+02
7.963664406763099350e+02
7.970738879791867930e+02
7.977813352820636510e+02
7.984887825849405090e+02
7.991962298878173669e+02
7.999036771906942249e+02
8.000000000000000000e+02
