-1.000000000000000000e+02
-9.992749987283855262e+01
-9.982749987283855830e+01
-9.972749987283856399e+01
-9.962749987283856967e+01
-9.952749987283857536e+01
-9.942749987283858104e+01
-9.932749987283858673e+01
-9.922749987283859241e+01
-9.912749987283859809e+01
-9.902749987283860378e+01
-9.892749987283860946e+01
-9.882749987283861515e+01
-9.872749987283862083e+01
-9.862749987283862652e+01
-9.852749987283863220e+01
-9.842749987283863788e+01
-9.832749987283864357e+01
-9.822749987283864925e+01
-9.812749987283865494e+01
-9.802749987283866062e+01
-9.792749987283866631e+01
-9.782749987283867199e+01
-9.772749987283867767e+01
-9.762749987283868336e+01
-9.752749987283868904e+01
-9.742749987283869473e+01
-9.732749987283870041e+01
-9.722749987283870610e+01
-9.712749987283871178e+01
-9.702749987283871747e+01
-9.692749987283872315e+01
-9.682749987283872883e+01
-9.672749987283873452e+01
-9.662749987283874020e+01
-9.652749987283874589e+01
-9.642749987283875157e+01
-9.632749987283875726e+01
-9.622749987283876294e+01
-9.612749987283876862e+01
-9.602749987283877431e+01
-9.592749987283877999e+01
-9.582749987283878568e+01
-9.572749987283879136e+01
-9.562749987283879705e+01
-9.552749987283880273e+01
-9.542749987283880841e+01
-9.532749987283881410e+01
-9.522749987283881978e+01
-9.512749987283882547e+01
-9.502749987283883115e+01
-9.492749987283883684e+01
-9.482749987283884252e+01
-9.472749987283884820e+01
-9.462749987283885389e+01
-9.452749987283885957e+01
-9.442749987283886526e+01
-9.432749987283887094e+01
-9.422749987283887663e+01
-9.412749987283888231e+01
-9.402749987283888800e+01
-9.392749987283889368e+01
-9.382749987283889936e+01
-9.372749987283890505e+01
-9.362749987283891073e+01
-9.352749987283891642e+01
-9.342749987283892210e+01
-9.332749987283892779e+01
-9.322749987283893347e+01
-9.312749987283893915e+01
-9.302749987283894484e+01
-9.292749987283895052e+01
-9.282749987283895621e+01
-9.272749987283896189e+01
-9.262749987283896758e+01
-9.252749987283897326e+01
-9.242749987283897894e+01
-9.232749987283898463e+01
-9.222749987283899031e+01
-9.212749987283899600e+01
-9.202749987283900168e+01
-9.192749987283900737e+01
-9.182749987283901305e+01
-9.172749987283901874e+01
-9.162749987283902442e+01
-9.152749987283903010e+01
-9.142749987283903579e+01
-9.132749987283904147e+01
-9.122749987283904716e+01
-9.112749987283905284e+01
-9.102749987283905853e+01
-9.092749987283906421e+01
-9.082749987283906989e+01
-9.072749987283907558e+01
-9.062749987283908126e+01
-9.052749987283908695e+01
-9.042749987283909263e+01
-9.032749987283909832e+01
-9.022749987283910400e+01
-9.012749987283910968e+01
-9.002749987283911537e+01
-8.992749987283912105e+01
-8.982749987283912674e+01
-8.972749987283913242e+01
-8.962749987283913811e+01
-8.952749987283914379e+01
-8.942749987283914948e+01
-8.932749987283915516e+01
-8.922749987283916084e+01
-8.912749987283916653e+01
-8.902749987283917221e+01
-8.892749987283917790e+01
-8.882749987283918358e+01
-8.872749987283918927e+01
-8.862749987283919495e+01
-8.852749987283920063e+01
-8.842749987283920632e+01
-8.832749987283921200e+01
-8.822749987283921769e+01
-8.812749987283922337e+01
-8.802749987283922906e+01
-8.792749987283923474e+01
-8.782749987283924042e+01
-8.772749987283924611e+01
-8.762749987283925179e+01
-8.752749987283925748e+01
-8.742749987283926316e+01
-8.732749987283926885e+01
-8.722749987283927453e+01
-8.712749987283928021e+01
-8.702749987283928590e+01
-8.692749987283929158e+01
-8.682749987283929727e+01
-8.672749987283930295e+01
-8.662749987283930864e+01
-8.652749987283931432e+01
-8.642749987283932001e+01
-8.632749987283932569e+01
-8.622749987283933137e+01
-8.612749987283933706e+01
-8.602749987283934274e+01
-8.592749987283934843e+01
-8.582749987283935411e+01
-8.572749987283935980e+01
-8.562749987283936548e+01
-8.552749987283937116e+01
-8.542749987283937685e+01
-8.532749987283938253e+01
-8.522749987283938822e+01
-8.512749987283939390e+01
-8.502749987283939959e+01
-8.492749987283940527e+01
-8.482749987283941095e+01
-8.472749987283941664e+01
-8.462749987283942232e+01
-8.452749987283942801e+01
-8.442749987283943369e+01
-8.432749987283943938e+01
-8.422749987283944506e+01
-8.412749987283945075e+01
-8.402749987283945643e+01
-8.392749987283946211e+01
-8.382749987283946780e+01
-8.372749987283947348e+01
-8.362749987283947917e+01
-8.352749987283948485e+01
-8.342749987283949054e+01
-8.332749987283949622e+01
-8.322749987283950190e+01
-8.312749987283950759e+01
-8.302749987283951327e+01
-8.292749987283951896e+01
-8.282749987283952464e+01
-8.272749987283953033e+01
-8.262749987283953601e+01
-8.252749987283954169e+01
-8.242749987283954738e+01
-8.232749987283955306e+01
-8.222749987283955875e+01
-8.212749987283956443e+01
-8.202749987283957012e+01
-8.192749987283957580e+01
-8.182749987283958149e+01
-8.172749987283958717e+01
-8.162749987283959285e+01
-8.152749987283959854e+01
-8.142749987283960422e+01
-8.132749987283960991e+01
-8.122749987283961559e+01
-8.112749987283962128e+01
-8.102749987283962696e+01
-8.092749987283963264e+01
-8.082749987283963833e+01
-8.072749987283964401e+01
-8.062749987283964970e+01
-8.052749987283965538e+01
-8.042749987283966107e+01
-8.032749987283966675e+01
-8.022749987283967243e+01
-8.012749987283967812e+01
-8.002749987283968380e+01
-7.992749987283968949e+01
-7.982749987283969517e+01
-7.972749987283970086e+01
-7.962749987283970654e+01
-7.952749987283971222e+01
-7.942749987283971791e+01
-7.932749987283972359e+01
-7.922749987283972928e+01
-7.912749987283973496e+01
-7.902749987283974065e+01
-7.892749987283974633e+01
-7.882749987283975202e+01
-7.872749987283975770e+01
-7.862749987283976338e+01
-7.852749987283976907e+01
-7.842749987283977475e+01
-7.832749987283978044e+01
-7.822749987283978612e+01
-7.812749987283979181e+01
-7.802749987283979749e+01
-7.792749987283980317e+01
-7.782749987283980886e+01
-7.772749987283981454e+01
-7.762749987283982023e+01
-7.752749987283982591e+01
-7.742749987283983160e+01
-7.732749987283983728e+01
-7.722749987283984296e+01
-7.712749987283984865e+01
-7.702749987283985433e+01
-7.692749987283986002e+01
-7.682749987283986570e+01
-7.672749987283987139e+01
-7.662749987283987707e+01
-7.652749987283988276e+01
-7.642749987283988844e+01
-7.632749987283989412e+01
-7.622749987283989981e+01
-7.612749987283990549e+01
-7.602749987283991118e+01
-7.592749987283991686e+01
-7.582749987283992255e+01
-7.572749987283992823e+01
-7.562749987283993391e+01
-7.552749987283993960e+01
-7.542749987283994528e+01
-7.532749987283995097e+01
-7.522749987283995665e+01
-7.512749987283996234e+01
-7.502749987283996802e+01
-7.492749987283997370e+01
-7.482749987283997939e+01
-7.472749987283998507e+01
-7.462749987283999076e+01
-7.452749987283999644e+01
-7.442749987284000213e+01
-7.432749987284000781e+01
-7.422749987284001350e+01
-7.412749987284001918e+01
-7.402749987284002486e+01
-7.392749987284003055e+01
-7.382749987284003623e+01
-7.372749987284004192e+01
-7.362749987284004760e+01
-7.352749987284005329e+01
-7.342749987284005897e+01
-7.332749987284006465e+01
-7.322749987284007034e+01
-7.312749987284007602e+01
-7.302749987284008171e+01
-7.292749987284008739e+01
-7.282749987284009308e+01
-7.272749987284009876e+01
-7.262749987284010444e+01
-7.252749987284011013e+01
-7.242749987284011581e+01
-7.232749987284012150e+01
-7.222749987284012718e+01
-7.212749987284013287e+01
-7.202749987284013855e+01
-7.192749987284014423e+01
-7.182749987284014992e+01
-7.172749987284015560e+01
-7.162749987284016129e+01
-7.152749987284016697e+01
-7.142749987284017266e+01
-7.132749987284017834e+01
-7.122749987284018403e+01
-7.112749987284018971e+01
-7.102749987284019539e+01
-7.092749987284020108e+01
-7.082749987284020676e+01
-7.072749987284021245e+01
-7.062749987284021813e+01
-7.052749987284022382e+01
-7.042749987284022950e+01
-7.032749987284023518e+01
-7.022749987284024087e+01
-7.012749987284024655e+01
-7.002749987284025224e+01
-6.992749987284025792e+01
-6.982749987284026361e+01
-6.972749987284026929e+01
-6.962749987284027497e+01
-6.952749987284028066e+01
-6.942749987284028634e+01
-6.932749987284029203e+01
-6.922749987284029771e+01
-6.912749987284030340e+01
-6.902749987284030908e+01
-6.892749987284031477e+01
-6.882749987284032045e+01
-6.872749987284032613e+01
-6.862749987284033182e+01
-6.852749987284033750e+01
-6.842749987284034319e+01
-6.832749987284034887e+01
-6.822749987284035456e+01
-6.812749987284036024e+01
-6.802749987284036592e+01
-6.792749987284037161e+01
-6.782749987284037729e+01
-6.772749987284038298e+01
-6.762749987284038866e+01
-6.752749987284039435e+01
-6.742749987284040003e+01
-6.732749987284040571e+01
-6.722749987284041140e+01
-6.712749987284041708e+01
-6.702749987284042277e+01
-6.692749987284042845e+01
-6.682749987284043414e+01
-6.672749987284043982e+01
-6.662749987284044551e+01
-6.652749987284045119e+01
-6.642749987284045687e+01
-6.632749987284046256e+01
-6.622749987284046824e+01
-6.612749987284047393e+01
-6.602749987284047961e+01
-6.592749987284048530e+01
-6.582749987284049098e+01
-6.572749987284049666e+01
-6.562749987284050235e+01
-6.552749987284050803e+01
-6.542749987284051372e+01
-6.532749987284051940e+01
-6.522749987284052509e+01
-6.512749987284053077e+01
-6.502749987284053645e+01
-6.492749987284054214e+01
-6.482749987284054782e+01
-6.472749987284055351e+01
-6.462749987284055919e+01
-6.452749987284056488e+01
-6.442749987284057056e+01
-6.432749987284057624e+01
-6.422749987284058193e+01
-6.412749987284058761e+01
-6.402749987284059330e+01
-6.392749987284059188e+01
-6.382749987284059046e+01
-6.372749987284058903e+01
-6.362749987284058761e+01
-6.352749987284058619e+01
-6.342749987284058477e+01
-6.332749987284058335e+01
-6.322749987284058193e+01
-6.312749987284058051e+01
-6.302749987284057909e+01
-6.292749987284057767e+01
-6.282749987284057624e+01
-6.272749987284057482e+01
-6.262749987284057340e+01
-6.252749987284057198e+01
-6.242749987284057056e+01
-6.232749987284056914e+01
-6.222749987284056772e+01
-6.212749987284056630e+01
-6.202749987284056488e+01
-6.192749987284056346e+01
-6.182749987284056203e+01
-6.172749987284056061e+01
-6.162749987284055919e+01
-6.152749987284055777e+01
-6.142749987284055635e+01
-6.132749987284055493e+01
-6.122749987284055351e+01
-6.112749987284055209e+01
-6.102749987284055067e+01
-6.092749987284054924e+01
-6.082749987284054782e+01
-6.072749987284054640e+01
-6.062749987284054498e+01
-6.052749987284054356e+01
-6.042749987284054214e+01
-6.032749987284054072e+01
-6.022749987284053930e+01
-6.012749987284053788e+01
-6.002749987284053645e+01
-5.992749987284053503e+01
-5.982749987284053361e+01
-5.972749987284053219e+01
-5.962749987284053077e+01
-5.952749987284052935e+01
-5.942749987284052793e+01
-5.932749987284052651e+01
-5.922749987284052509e+01
-5.912749987284052366e+01
-5.902749987284052224e+01
-5.892749987284052082e+01
-5.882749987284051940e+01
-5.872749987284051798e+01
-5.862749987284051656e+01
-5.852749987284051514e+01
-5.842749987284051372e+01
-5.832749987284051230e+01
-5.822749987284051087e+01
-5.812749987284050945e+01
-5.802749987284050803e+01
-5.792749987284050661e+01
-5.782749987284050519e+01
-5.772749987284050377e+01
-5.762749987284050235e+01
-5.752749987284050093e+01
-5.742749987284049951e+01
-5.732749987284049809e+01
-5.722749987284049666e+01
-5.712749987284049524e+01
-5.702749987284049382e+01
-5.692749987284049240e+01
-5.682749987284049098e+01
-5.672749987284048956e+01
-5.662749987284048814e+01
-5.652749987284048672e+01
-5.642749987284048530e+01
-5.632749987284048387e+01
-5.622749987284048245e+01
-5.612749987284048103e+01
-5.602749987284047961e+01
-5.592749987284047819e+01
-5.582749987284047677e+01
-5.572749987284047535e+01
-5.562749987284047393e+01
-5.552749987284047251e+01
-5.542749987284047108e+01
-5.532749987284046966e+01
-5.522749987284046824e+01
-5.512749987284046682e+01
-5.502749987284046540e+01
-5.492749987284046398e+01
-5.482749987284046256e+01
-5.472749987284046114e+01
-5.462749987284045972e+01
-5.452749987284045829e+01
-5.442749987284045687e+01
-5.432749987284045545e+01
-5.422749987284045403e+01
-5.412749987284045261e+01
-5.402749987284045119e+01
-5.392749987284044977e+01
-5.382749987284044835e+01
-5.372749987284044693e+01
-5.362749987284044551e+01
-5.352749987284044408e+01
-5.342749987284044266e+01
-5.332749987284044124e+01
-5.322749987284043982e+01
-5.312749987284043840e+01
-5.302749987284043698e+01
-5.292749987284043556e+01
-5.282749987284043414e+01
-5.272749987284043272e+01
-5.262749987284043129e+01
-5.252749987284042987e+01
-5.242749987284042845e+01
-5.232749987284042703e+01
-5.222749987284042561e+01
-5.212749987284042419e+01
-5.202749987284042277e+01
-5.192749987284042135e+01
-5.182749987284041993e+01
-5.172749987284041850e+01
-5.162749987284041708e+01
-5.152749987284041566e+01
-5.142749987284041424e+01
-5.132749987284041282e+01
-5.122749987284041140e+01
-5.112749987284040998e+01
-5.102749987284040856e+01
-5.092749987284040714e+01
-5.082749987284040571e+01
-5.072749987284040429e+01
-5.062749987284040287e+01
-5.052749987284040145e+01
-5.042749987284040003e+01
-5.032749987284039861e+01
-5.022749987284039719e+01
-5.012749987284039577e+01
-5.002749987284039435e+01
-4.992749987284039292e+01
-4.982749987284039150e+01
-4.972749987284039008e+01
-4.962749987284038866e+01
-4.952749987284038724e+01
-4.942749987284038582e+01
-4.932749987284038440e+01
-4.922749987284038298e+01
-4.912749987284038156e+01
-4.902749987284038014e+01
-4.892749987284037871e+01
-4.882749987284037729e+01
-4.872749987284037587e+01
-4.862749987284037445e+01
-4.852749987284037303e+01
-4.842749987284037161e+01
-4.832749987284037019e+01
-4.822749987284036877e+01
-4.812749987284036735e+01
-4.802749987284036592e+01
-4.792749987284036450e+01
-4.782749987284036308e+01
-4.772749987284036166e+01
-4.762749987284036024e+01
-4.752749987284035882e+01
-4.742749987284035740e+01
-4.732749987284035598e+01
-4.722749987284035456e+01
-4.712749987284035313e+01
-4.702749987284035171e+01
-4.692749987284035029e+01
-4.682749987284034887e+01
-4.672749987284034745e+01
-4.662749987284034603e+01
-4.652749987284034461e+01
-4.642749987284034319e+01
-4.632749987284034177e+01
-4.622749987284034034e+01
-4.612749987284033892e+01
-4.602749987284033750e+01
-4.592749987284033608e+01
-4.582749987284033466e+01
-4.572749987284033324e+01
-4.562749987284033182e+01
-4.552749987284033040e+01
-4.542749987284032898e+01
-4.532749987284032755e+01
-4.522749987284032613e+01
-4.512749987284032471e+01
-4.502749987284032329e+01
-4.492749987284032187e+01
-4.482749987284032045e+01
-4.472749987284031903e+01
-4.462749987284031761e+01
-4.452749987284031619e+01
-4.442749987284031477e+01
-4.432749987284031334e+01
-4.422749987284031192e+01
-4.412749987284031050e+01
-4.402749987284030908e+01
-4.392749987284030766e+01
-4.382749987284030624e+01
-4.372749987284030482e+01
-4.362749987284030340e+01
-4.352749987284030198e+01
-4.342749987284030055e+01
-4.332749987284029913e+01
-4.322749987284029771e+01
-4.312749987284029629e+01
-4.302749987284029487e+01
-4.292749987284029345e+01
-4.282749987284029203e+01
-4.272749987284029061e+01
-4.262749987284028919e+01
-4.252749987284028776e+01
-4.242749987284028634e+01
-4.232749987284028492e+01
-4.222749987284028350e+01
-4.212749987284028208e+01
-4.202749987284028066e+01
-4.192749987284027924e+01
-4.182749987284027782e+01
-4.172749987284027640e+01
-4.162749987284027497e+01
-4.152749987284027355e+01
-4.142749987284027213e+01
-4.132749987284027071e+01
-4.122749987284026929e+01
-4.112749987284026787e+01
-4.102749987284026645e+01
-4.092749987284026503e+01
-4.082749987284026361e+01
-4.072749987284026219e+01
-4.062749987284026076e+01
-4.052749987284025934e+01
-4.042749987284025792e+01
-4.032749987284025650e+01
-4.022749987284025508e+01
-4.012749987284025366e+01
-4.002749987284025224e+01
-3.992749987284025082e+01
-3.982749987284024940e+01
-3.972749987284024797e+01
-3.962749987284024655e+01
-3.952749987284024513e+01
-3.942749987284024371e+01
-3.932749987284024229e+01
-3.922749987284024087e+01
-3.912749987284023945e+01
-3.902749987284023803e+01
-3.892749987284023661e+01
-3.882749987284023518e+01
-3.872749987284023376e+01
-3.862749987284023234e+01
-3.852749987284023092e+01
-3.842749987284022950e+01
-3.832749987284022808e+01
-3.822749987284022666e+01
-3.812749987284022524e+01
-3.802749987284022382e+01
-3.792749987284022239e+01
-3.782749987284022097e+01
-3.772749987284021955e+01
-3.762749987284021813e+01
-3.752749987284021671e+01
-3.742749987284021529e+01
-3.732749987284021387e+01
-3.722749987284021245e+01
-3.712749987284021103e+01
-3.702749987284020960e+01
-3.692749987284020818e+01
-3.682749987284020676e+01
-3.672749987284020534e+01
-3.662749987284020392e+01
-3.652749987284020250e+01
-3.642749987284020108e+01
-3.632749987284019966e+01
-3.622749987284019824e+01
-3.612749987284019682e+01
-3.602749987284019539e+01
-3.592749987284019397e+01
-3.582749987284019255e+01
-3.572749987284019113e+01
-3.562749987284018971e+01
-3.552749987284018829e+01
-3.542749987284018687e+01
-3.532749987284018545e+01
-3.522749987284018403e+01
-3.512749987284018260e+01
-3.502749987284018118e+01
-3.492749987284017976e+01
-3.482749987284017834e+01
-3.472749987284017692e+01
-3.462749987284017550e+01
-3.452749987284017408e+01
-3.442749987284017266e+01
-3.432749987284017124e+01
-3.422749987284016981e+01
-3.412749987284016839e+01
-3.402749987284016697e+01
-3.392749987284016555e+01
-3.382749987284016413e+01
-3.372749987284016271e+01
-3.362749987284016129e+01
-3.352749987284015987e+01
-3.342749987284015845e+01
-3.332749987284015702e+01
-3.322749987284015560e+01
-3.312749987284015418e+01
-3.302749987284015276e+01
-3.292749987284015134e+01
-3.282749987284014992e+01
-3.272749987284014850e+01
-3.262749987284014708e+01
-3.252749987284014566e+01
-3.242749987284014423e+01
-3.232749987284014281e+01
-3.222749987284014139e+01
-3.212749987284013997e+01
-3.202749987284013855e+01
-3.192749987284013713e+01
-3.182749987284013571e+01
-3.172749987284013429e+01
-3.162749987284013287e+01
-3.152749987284013145e+01
-3.142749987284013002e+01
-3.132749987284012860e+01
-3.122749987284012718e+01
-3.112749987284012576e+01
-3.102749987284012434e+01
-3.092749987284012292e+01
-3.082749987284012150e+01
-3.072749987284012008e+01
-3.062749987284011866e+01
-3.052749987284011723e+01
-3.042749987284011581e+01
-3.032749987284011439e+01
-3.022749987284011297e+01
-3.012749987284011155e+01
-3.002749987284011013e+01
-2.992749987284010871e+01
-2.982749987284010729e+01
-2.972749987284010587e+01
-2.962749987284010444e+01
-2.952749987284010302e+01
-2.942749987284010160e+01
-2.932749987284010018e+01
-2.922749987284009876e+01
-2.912749987284009734e+01
-2.902749987284009592e+01
-2.892749987284009450e+01
-2.882749987284009308e+01
-2.872749987284009165e+01
-2.862749987284009023e+01
-2.852749987284008881e+01
-2.842749987284008739e+01
-2.832749987284008597e+01
-2.822749987284008455e+01
-2.812749987284008313e+01
-2.802749987284008171e+01
-2.792749987284008029e+01
-2.782749987284007887e+01
-2.772749987284007744e+01
-2.762749987284007602e+01
-2.752749987284007460e+01
-2.742749987284007318e+01
-2.732749987284007176e+01
-2.722749987284007034e+01
-2.712749987284006892e+01
-2.702749987284006750e+01
-2.692749987284006608e+01
-2.682749987284006465e+01
-2.672749987284006323e+01
-2.662749987284006181e+01
-2.652749987284006039e+01
-2.642749987284005897e+01
-2.632749987284005755e+01
-2.622749987284005613e+01
-2.612749987284005471e+01
-2.602749987284005329e+01
-2.592749987284005186e+01
-2.582749987284005044e+01
-2.572749987284004902e+01
-2.562749987284004760e+01
-2.552749987284004618e+01
-2.542749987284004476e+01
-2.532749987284004334e+01
-2.522749987284004192e+01
-2.512749987284004050e+01
-2.502749987284003907e+01
-2.492749987284003765e+01
-2.482749987284003623e+01
-2.472749987284003481e+01
-2.462749987284003339e+01
-2.452749987284003197e+01
-2.442749987284003055e+01
-2.432749987284002913e+01
-2.422749987284002771e+01
-2.412749987284002628e+01
-2.402749987284002486e+01
-2.392749987284002344e+01
-2.382749987284002202e+01
-2.372749987284002060e+01
-2.362749987284001918e+01
-2.352749987284001776e+01
-2.342749987284001634e+01
-2.332749987284001492e+01
-2.322749987284001350e+01
-2.312749987284001207e+01
-2.302749987284001065e+01
-2.292749987284000923e+01
-2.282749987284000781e+01
-2.272749987284000639e+01
-2.262749987284000497e+01
-2.252749987284000355e+01
-2.242749987284000213e+01
-2.232749987284000071e+01
-2.222749987283999928e+01
-2.212749987283999786e+01
-2.202749987283999644e+01
-2.192749987283999502e+01
-2.182749987283999360e+01
-2.172749987283999218e+01
-2.162749987283999076e+01
-2.152749987283998934e+01
-2.142749987283998792e+01
-2.132749987283998649e+01
-2.122749987283998507e+01
-2.112749987283998365e+01
-2.102749987283998223e+01
-2.092749987283998081e+01
-2.082749987283997939e+01
-2.072749987283997797e+01
-2.062749987283997655e+01
-2.052749987283997513e+01
-2.042749987283997370e+01
-2.032749987283997228e+01
-2.022749987283997086e+01
-2.012749987283996944e+01
-2.002749987283996802e+01
-1.992749987283996660e+01
-1.982749987283996518e+01
-1.972749987283996376e+01
-1.962749987283996234e+01
-1.952749987283996091e+01
-1.942749987283995949e+01
-1.932749987283995807e+01
-1.922749987283995665e+01
-1.912749987283995523e+01
-1.902749987283995381e+01
-1.892749987283995239e+01
-1.882749987283995097e+01
-1.872749987283994955e+01
-1.862749987283994813e+01
-1.852749987283994670e+01
-1.842749987283994528e+01
-1.832749987283994386e+01
-1.822749987283994244e+01
-1.812749987283994102e+01
-1.802749987283993960e+01
-1.792749987283993818e+01
-1.782749987283993676e+01
-1.772749987283993534e+01
-1.762749987283993391e+01
-1.752749987283993249e+01
-1.742749987283993107e+01
-1.732749987283992965e+01
-1.722749987283992823e+01
-1.712749987283992681e+01
-1.702749987283992539e+01
-1.692749987283992397e+01
-1.682749987283992255e+01
-1.672749987283992112e+01
-1.662749987283991970e+01
-1.652749987283991828e+01
-1.642749987283991686e+01
-1.632749987283991544e+01
-1.622749987283991402e+01
-1.612749987283991260e+01
-1.602749987283991118e+01
-1.592749987283991153e+01
-1.582749987283991189e+01
-1.572749987283991224e+01
-1.562749987283991260e+01
-1.552749987283991295e+01
-1.542749987283991331e+01
-1.532749987283991366e+01
-1.522749987283991402e+01
-1.512749987283991437e+01
-1.502749987283991473e+01
-1.492749987283991508e+01
-1.482749987283991544e+01
-1.472749987283991580e+01
-1.462749987283991615e+01
-1.452749987283991651e+01
-1.442749987283991686e+01
-1.432749987283991722e+01
-1.422749987283991757e+01
-1.412749987283991793e+01
-1.402749987283991828e+01
-1.392749987283991864e+01
-1.382749987283991899e+01
-1.372749987283991935e+01
-1.362749987283991970e+01
-1.352749987283992006e+01
-1.342749987283992041e+01
-1.332749987283992077e+01
-1.322749987283992112e+01
-1.312749987283992148e+01
-1.302749987283992184e+01
-1.292749987283992219e+01
-1.282749987283992255e+01
-1.272749987283992290e+01
-1.262749987283992326e+01
-1.252749987283992361e+01
-1.242749987283992397e+01
-1.232749987283992432e+01
-1.222749987283992468e+01
-1.212749987283992503e+01
-1.202749987283992539e+01
-1.192749987283992574e+01
-1.182749987283992610e+01
-1.172749987283992645e+01
-1.162749987283992681e+01
-1.152749987283992716e+01
-1.142749987283992752e+01
-1.132749987283992787e+01
-1.122749987283992823e+01
-1.112749987283992859e+01
-1.102749987283992894e+01
-1.092749987283992930e+01
-1.082749987283992965e+01
-1.072749987283993001e+01
-1.062749987283993036e+01
-1.052749987283993072e+01
-1.042749987283993107e+01
-1.032749987283993143e+01
-1.022749987283993178e+01
-1.012749987283993214e+01
-1.002749987283993249e+01
-9.927499872839932848e+00
-9.827499872839933204e+00
-9.727499872839933559e+00
-9.627499872839933914e+00
-9.527499872839934270e+00
-9.427499872839934625e+00
-9.327499872839934980e+00
-9.227499872839935335e+00
-9.127499872839935691e+00
-9.027499872839936046e+00
-8.927499872839936401e+00
-8.827499872839936756e+00
-8.727499872839937112e+00
-8.627499872839937467e+00
-8.527499872839937822e+00
-8.427499872839938178e+00
-8.327499872839938533e+00
-8.227499872839938888e+00
-8.127499872839939243e+00
-8.027499872839939599e+00
-7.927499872839939954e+00
-7.827499872839940309e+00
-7.727499872839940664e+00
-7.627499872839941020e+00
-7.527499872839941375e+00
-7.427499872839941730e+00
-7.327499872839942086e+00
-7.227499872839942441e+00
-7.127499872839942796e+00
-7.027499872839943151e+00
-6.927499872839943507e+00
-6.827499872839943862e+00
-6.727499872839944217e+00
-6.627499872839944572e+00
-6.527499872839944928e+00
-6.427499872839945283e+00
-6.327499872839945638e+00
-6.227499872839945994e+00
-6.127499872839946349e+00
-6.027499872839946704e+00
-5.927499872839947059e+00
-5.827499872839947415e+00
-5.727499872839947770e+00
-5.627499872839948125e+00
-5.527499872839948480e+00
-5.427499872839948836e+00
-5.327499872839949191e+00
-5.227499872839949546e+00
-5.127499872839949902e+00
-5.027499872839950257e+00
-4.927499872839950612e+00
-4.827499872839950967e+00
-4.727499872839951323e+00
-4.627499872839951678e+00
-4.527499872839952033e+00
-4.427499872839952388e+00
-4.327499872839952744e+00
-4.227499872839953099e+00
-4.127499872839953454e+00
-4.027499872839953809e+00
-3.927499872839953721e+00
-3.827499872839953632e+00
-3.727499872839953543e+00
-3.627499872839953454e+00
-3.527499872839953365e+00
-3.427499872839953277e+00
-3.327499872839953188e+00
-3.227499872839953099e+00
-3.127499872839953010e+00
-3.027499872839952921e+00
-2.927499872839952832e+00
-2.827499872839952744e+00
-2.727499872839952655e+00
-2.627499872839952566e+00
-2.527499872839952477e+00
-2.427499872839952388e+00
-2.327499872839952300e+00
-2.227499872839952211e+00
-2.127499872839952122e+00
-2.027499872839952033e+00
-1.927499872839951944e+00
-1.827499872839951855e+00
-1.727499872839951767e+00
-1.627499872839951678e+00
-1.527499872839951589e+00
-1.427499872839951500e+00
-1.327499872839951411e+00
-1.227499872839951323e+00
-1.127499872839951234e+00
-1.027499872839951145e+00
-9.274998728399511672e-01
-8.274998728399511894e-01
-7.274998728399512116e-01
-6.274998728399512338e-01
-5.274998728399512560e-01
-4.274998728399512782e-01
-3.274998728399513004e-01
-2.274998728399512948e-01
-1.274998728399512893e-01
-2.749987283995128373e-02
7.250012716004872182e-02
1.725001271600487274e-01
2.725001271600487329e-01
3.725001271600487662e-01
4.725001271600487440e-01
5.725001271600487218e-01
6.725001271600486996e-01
7.725001271600486774e-01
8.725001271600486552e-01
9.725001271600486330e-01
1.072500127160048722e+00
1.172500127160048811e+00
1.272500127160048899e+00
1.372500127160048988e+00
1.472500127160049077e+00
1.572500127160049166e+00
1.672500127160049255e+00
1.772500127160049344e+00
1.872500127160049432e+00
1.972500127160049521e+00
2.072500127160049388e+00
2.172500127160049477e+00
2.272500127160049566e+00
2.372500127160049654e+00
2.472500127160049743e+00
2.572500127160049832e+00
2.672500127160049921e+00
2.772500127160050010e+00
2.872500127160050098e+00
2.972500127160050187e+00
3.072500127160050276e+00
3.172500127160050365e+00
3.272500127160050454e+00
3.372500127160050543e+00
3.472500127160050631e+00
3.572500127160050720e+00
3.672500127160050809e+00
3.772500127160050898e+00
3.872500127160050987e+00
3.972500127160051075e+00
4.072500127160051164e+00
4.172500127160050809e+00
4.272500127160050454e+00
4.372500127160050098e+00
4.472500127160049743e+00
4.572500127160049388e+00
4.672500127160049033e+00
4.772500127160048677e+00
4.872500127160048322e+00
4.972500127160047967e+00
5.072500127160047612e+00
5.172500127160047256e+00
5.272500127160046901e+00
5.372500127160046546e+00
5.472500127160046191e+00
5.572500127160045835e+00
5.672500127160045480e+00
5.772500127160045125e+00
5.872500127160044769e+00
5.972500127160044414e+00
6.072500127160044059e+00
6.172500127160043704e+00
6.272500127160043348e+00
6.372500127160042993e+00
6.472500127160042638e+00
6.572500127160042283e+00
6.672500127160041927e+00
6.772500127160041572e+00
6.872500127160041217e+00
6.972500127160040861e+00
7.072500127160040506e+00
7.172500127160040151e+00
7.272500127160039796e+00
7.372500127160039440e+00
7.472500127160039085e+00
7.572500127160038730e+00
7.672500127160038375e+00
7.772500127160038019e+00
7.872500127160037664e+00
7.972500127160037309e+00
8.072500127160036953e+00
8.172500127160036598e+00
8.272500127160036243e+00
8.372500127160035888e+00
8.472500127160035532e+00
8.572500127160035177e+00
8.672500127160034822e+00
8.772500127160034467e+00
8.872500127160034111e+00
8.972500127160033756e+00
9.072500127160033401e+00
9.172500127160033045e+00
9.272500127160032690e+00
9.372500127160032335e+00
9.472500127160031980e+00
9.572500127160031624e+00
9.672500127160031269e+00
9.772500127160030914e+00
9.872500127160030559e+00
9.972500127160030203e+00
1.007250012716002985e+01
1.017250012716002949e+01
1.027250012716002914e+01
1.037250012716002878e+01
1.047250012716002843e+01
1.057250012716002807e+01
1.067250012716002772e+01
1.077250012716002736e+01
1.087250012716002701e+01
1.097250012716002665e+01
1.107250012716002630e+01
1.117250012716002594e+01
1.127250012716002558e+01
1.137250012716002523e+01
1.147250012716002487e+01
1.157250012716002452e+01
1.167250012716002416e+01
1.177250012716002381e+01
1.187250012716002345e+01
1.197250012716002310e+01
1.207250012716002274e+01
1.217250012716002239e+01
1.227250012716002203e+01
1.237250012716002168e+01
1.247250012716002132e+01
1.257250012716002097e+01
1.267250012716002061e+01
1.277250012716002026e+01
1.287250012716001990e+01
1.297250012716001955e+01
1.307250012716001919e+01
1.317250012716001883e+01
1.327250012716001848e+01
1.337250012716001812e+01
1.347250012716001777e+01
1.357250012716001741e+01
1.367250012716001706e+01
1.377250012716001670e+01
1.387250012716001635e+01
1.397250012716001599e+01
1.407250012716001564e+01
1.417250012716001528e+01
1.427250012716001493e+01
1.437250012716001457e+01
1.447250012716001422e+01
1.457250012716001386e+01
1.467250012716001351e+01
1.477250012716001315e+01
1.487250012716001280e+01
1.497250012716001244e+01
1.507250012716001208e+01
1.517250012716001173e+01
1.527250012716001137e+01
1.537250012716001102e+01
1.547250012716001066e+01
1.557250012716001031e+01
1.567250012716000995e+01
1.577250012716000960e+01
1.587250012716000924e+01
1.597250012716000889e+01
1.607250012716000853e+01
1.617250012716000995e+01
1.627250012716001137e+01
1.637250012716001280e+01
1.647250012716001422e+01
1.657250012716001564e+01
1.667250012716001706e+01
1.677250012716001848e+01
1.687250012716001990e+01
1.697250012716002132e+01
1.707250012716002274e+01
1.717250012716002416e+01
1.727250012716002558e+01
1.737250012716002701e+01
1.747250012716002843e+01
1.757250012716002985e+01
1.767250012716003127e+01
1.777250012716003269e+01
1.787250012716003411e+01
1.797250012716003553e+01
1.807250012716003695e+01
1.817250012716003837e+01
1.827250012716003980e+01
1.837250012716004122e+01
1.847250012716004264e+01
1.857250012716004406e+01
1.867250012716004548e+01
1.877250012716004690e+01
1.887250012716004832e+01
1.897250012716004974e+01
1.907250012716005116e+01
1.917250012716005259e+01
1.927250012716005401e+01
1.937250012716005543e+01
1.947250012716005685e+01
1.957250012716005827e+01
1.967250012716005969e+01
1.977250012716006111e+01
1.987250012716006253e+01
1.997250012716006395e+01
2.007250012716006538e+01
2.017250012716006680e+01
2.027250012716006822e+01
2.037250012716006964e+01
2.047250012716007106e+01
2.057250012716007248e+01
2.067250012716007390e+01
2.077250012716007532e+01
2.087250012716007674e+01
2.097250012716007816e+01
2.107250012716007959e+01
2.117250012716008101e+01
2.127250012716008243e+01
2.137250012716008385e+01
2.147250012716008527e+01
2.157250012716008669e+01
2.167250012716008811e+01
2.177250012716008953e+01
2.187250012716009095e+01
2.197250012716009238e+01
2.207250012716009380e+01
2.217250012716009522e+01
2.227250012716009664e+01
2.237250012716009806e+01
2.247250012716009948e+01
2.257250012716010090e+01
2.267250012716010232e+01
2.277250012716010374e+01
2.287250012716010517e+01
2.297250012716010659e+01
2.307250012716010801e+01
2.317250012716010943e+01
2.327250012716011085e+01
2.337250012716011227e+01
2.347250012716011369e+01
2.357250012716011511e+01
2.367250012716011653e+01
2.377250012716011796e+01
2.387250012716011938e+01
2.397250012716012080e+01
2.407250012716012222e+01
2.417250012716012364e+01
2.427250012716012506e+01
2.437250012716012648e+01
2.447250012716012790e+01
2.457250012716012932e+01
2.467250012716013075e+01
2.477250012716013217e+01
2.487250012716013359e+01
2.497250012716013501e+01
2.507250012716013643e+01
2.517250012716013785e+01
2.527250012716013927e+01
2.537250012716014069e+01
2.547250012716014211e+01
2.557250012716014353e+01
2.567250012716014496e+01
2.577250012716014638e+01
2.587250012716014780e+01
2.597250012716014922e+01
2.607250012716015064e+01
2.617250012716015206e+01
2.627250012716015348e+01
2.637250012716015490e+01
2.647250012716015632e+01
2.657250012716015775e+01
2.667250012716015917e+01
2.677250012716016059e+01
2.687250012716016201e+01
2.697250012716016343e+01
2.707250012716016485e+01
2.717250012716016627e+01
2.727250012716016769e+01
2.737250012716016911e+01
2.747250012716017054e+01
2.757250012716017196e+01
2.767250012716017338e+01
2.777250012716017480e+01
2.787250012716017622e+01
2.797250012716017764e+01
2.807250012716017906e+01
2.817250012716018048e+01
2.827250012716018190e+01
2.837250012716018333e+01
2.847250012716018475e+01
2.857250012716018617e+01
2.867250012716018759e+01
2.877250012716018901e+01
2.887250012716019043e+01
2.897250012716019185e+01
2.907250012716019327e+01
2.917250012716019469e+01
2.927250012716019612e+01
2.937250012716019754e+01
2.947250012716019896e+01
2.957250012716020038e+01
2.967250012716020180e+01
2.977250012716020322e+01
2.987250012716020464e+01
2.997250012716020606e+01
3.007250012716020748e+01
3.017250012716020890e+01
3.027250012716021033e+01
3.037250012716021175e+01
3.047250012716021317e+01
3.057250012716021459e+01
3.067250012716021601e+01
3.077250012716021743e+01
3.087250012716021885e+01
3.097250012716022027e+01
3.107250012716022169e+01
3.117250012716022312e+01
3.127250012716022454e+01
3.137250012716022596e+01
3.147250012716022738e+01
3.157250012716022880e+01
3.167250012716023022e+01
3.177250012716023164e+01
3.187250012716023306e+01
3.197250012716023448e+01
3.207250012716023235e+01
3.217250012716023377e+01
3.227250012716023519e+01
3.237250012716023662e+01
3.247250012716023804e+01
3.257250012716023946e+01
3.267250012716024088e+01
3.277250012716024230e+01
3.287250012716024372e+01
3.297250012716024514e+01
3.307250012716024656e+01
3.317250012716024798e+01
3.327250012716024941e+01
3.337250012716025083e+01
3.347250012716025225e+01
3.357250012716025367e+01
3.367250012716025509e+01
3.377250012716025651e+01
3.387250012716025793e+01
3.397250012716025935e+01
3.407250012716026077e+01
3.417250012716026220e+01
3.427250012716026362e+01
3.437250012716026504e+01
3.447250012716026646e+01
3.457250012716026788e+01
3.467250012716026930e+01
3.477250012716027072e+01
3.487250012716027214e+01
3.497250012716027356e+01
3.507250012716027499e+01
3.517250012716027641e+01
3.527250012716027783e+01
3.537250012716027925e+01
3.547250012716028067e+01
3.557250012716028209e+01
3.567250012716028351e+01
3.577250012716028493e+01
3.587250012716028635e+01
3.597250012716028778e+01
3.607250012716028920e+01
3.617250012716029062e+01
3.627250012716029204e+01
3.637250012716029346e+01
3.647250012716029488e+01
3.657250012716029630e+01
3.667250012716029772e+01
3.677250012716029914e+01
3.687250012716030056e+01
3.697250012716030199e+01
3.707250012716030341e+01
3.717250012716030483e+01
3.727250012716030625e+01
3.737250012716030767e+01
3.747250012716030909e+01
3.757250012716031051e+01
3.767250012716031193e+01
3.777250012716031335e+01
3.787250012716031478e+01
3.797250012716031620e+01
3.807250012716031762e+01
3.817250012716031904e+01
3.827250012716032046e+01
3.837250012716032188e+01
3.847250012716032330e+01
3.857250012716032472e+01
3.867250012716032614e+01
3.877250012716032757e+01
3.887250012716032899e+01
3.897250012716033041e+01
3.907250012716033183e+01
3.917250012716033325e+01
3.927250012716033467e+01
3.937250012716033609e+01
3.947250012716033751e+01
3.957250012716033893e+01
3.967250012716034036e+01
3.977250012716034178e+01
3.987250012716034320e+01
3.997250012716034462e+01
4.007250012716034604e+01
4.017250012716034746e+01
4.027250012716034888e+01
4.037250012716035030e+01
4.047250012716035172e+01
4.057250012716035314e+01
4.067250012716035457e+01
4.077250012716035599e+01
4.087250012716035741e+01
4.097250012716035883e+01
4.107250012716036025e+01
4.117250012716036167e+01
4.127250012716036309e+01
4.137250012716036451e+01
4.147250012716036593e+01
4.157250012716036736e+01
4.167250012716036878e+01
4.177250012716037020e+01
4.187250012716037162e+01
4.197250012716037304e+01
4.207250012716037446e+01
4.217250012716037588e+01
4.227250012716037730e+01
4.237250012716037872e+01
4.247250012716038015e+01
4.257250012716038157e+01
4.267250012716038299e+01
4.277250012716038441e+01
4.287250012716038583e+01
4.297250012716038725e+01
4.307250012716038867e+01
4.317250012716039009e+01
4.327250012716039151e+01
4.337250012716039294e+01
4.347250012716039436e+01
4.357250012716039578e+01
4.367250012716039720e+01
4.377250012716039862e+01
4.387250012716040004e+01
4.397250012716040146e+01
4.407250012716040288e+01
4.417250012716040430e+01
4.427250012716040573e+01
4.437250012716040715e+01
4.447250012716040857e+01
4.457250012716040999e+01
4.467250012716041141e+01
4.477250012716041283e+01
4.487250012716041425e+01
4.497250012716041567e+01
4.507250012716041709e+01
4.517250012716041851e+01
4.527250012716041994e+01
4.537250012716042136e+01
4.547250012716042278e+01
4.557250012716042420e+01
4.567250012716042562e+01
4.577250012716042704e+01
4.587250012716042846e+01
4.597250012716042988e+01
4.607250012716043130e+01
4.617250012716043273e+01
4.627250012716043415e+01
4.637250012716043557e+01
4.647250012716043699e+01
4.657250012716043841e+01
4.667250012716043983e+01
4.677250012716044125e+01
4.687250012716044267e+01
4.697250012716044409e+01
4.707250012716044552e+01
4.717250012716044694e+01
4.727250012716044836e+01
4.737250012716044978e+01
4.747250012716045120e+01
4.757250012716045262e+01
4.767250012716045404e+01
4.777250012716045546e+01
4.787250012716045688e+01
4.797250012716045831e+01
4.807250012716045973e+01
4.817250012716046115e+01
4.827250012716046257e+01
4.837250012716046399e+01
4.847250012716046541e+01
4.857250012716046683e+01
4.867250012716046825e+01
4.877250012716046967e+01
4.887250012716047110e+01
4.897250012716047252e+01
4.907250012716047394e+01
4.917250012716047536e+01
4.927250012716047678e+01
4.937250012716047820e+01
4.947250012716047962e+01
4.957250012716048104e+01
4.967250012716048246e+01
4.977250012716048388e+01
4.987250012716048531e+01
4.997250012716048673e+01
5.007250012716048815e+01
5.017250012716048957e+01
5.027250012716049099e+01
5.037250012716049241e+01
5.047250012716049383e+01
5.057250012716049525e+01
5.067250012716049667e+01
5.077250012716049810e+01
5.087250012716049952e+01
5.097250012716050094e+01
5.107250012716050236e+01
5.117250012716050378e+01
5.127250012716050520e+01
5.137250012716050662e+01
5.147250012716050804e+01
5.157250012716050946e+01
5.167250012716051089e+01
5.177250012716051231e+01
5.187250012716051373e+01
5.197250012716051515e+01
5.207250012716051657e+01
5.217250012716051799e+01
5.227250012716051941e+01
5.237250012716052083e+01
5.247250012716052225e+01
5.257250012716052368e+01
5.267250012716052510e+01
5.277250012716052652e+01
5.287250012716052794e+01
5.297250012716052936e+01
5.307250012716053078e+01
5.317250012716053220e+01
5.327250012716053362e+01
5.337250012716053504e+01
5.347250012716053646e+01
5.357250012716053789e+01
5.367250012716053931e+01
5.377250012716054073e+01
5.387250012716054215e+01
5.397250012716054357e+01
5.407250012716054499e+01
5.417250012716054641e+01
5.427250012716054783e+01
5.437250012716054925e+01
5.447250012716055068e+01
5.457250012716055210e+01
5.467250012716055352e+01
5.477250012716055494e+01
5.487250012716055636e+01
5.497250012716055778e+01
5.507250012716055920e+01
5.517250012716056062e+01
5.527250012716056204e+01
5.537250012716056347e+01
5.547250012716056489e+01
5.557250012716056631e+01
5.567250012716056773e+01
5.577250012716056915e+01
5.587250012716057057e+01
5.597250012716057199e+01
5.607250012716057341e+01
5.617250012716057483e+01
5.627250012716057626e+01
5.637250012716057768e+01
5.647250012716057910e+01
5.657250012716058052e+01
5.667250012716058194e+01
5.677250012716058336e+01
5.687250012716058478e+01
5.697250012716058620e+01
5.707250012716058762e+01
5.717250012716058905e+01
5.727250012716059047e+01
5.737250012716059189e+01
5.747250012716059331e+01
5.757250012716059473e+01
5.767250012716059615e+01
5.777250012716059757e+01
5.787250012716059899e+01
5.797250012716060041e+01
5.807250012716060183e+01
5.817250012716060326e+01
5.827250012716060468e+01
5.837250012716060610e+01
5.847250012716060752e+01
5.857250012716060894e+01
5.867250012716061036e+01
5.877250012716061178e+01
5.887250012716061320e+01
5.897250012716061462e+01
5.907250012716061605e+01
5.917250012716061747e+01
5.927250012716061889e+01
5.937250012716062031e+01
5.947250012716062173e+01
5.957250012716062315e+01
5.967250012716062457e+01
5.977250012716062599e+01
5.987250012716062741e+01
5.997250012716062884e+01
6.007250012716063026e+01
6.017250012716063168e+01
6.027250012716063310e+01
6.037250012716063452e+01
6.047250012716063594e+01
6.057250012716063736e+01
6.067250012716063878e+01
6.077250012716064020e+01
6.087250012716064163e+01
6.097250012716064305e+01
6.107250012716064447e+01
6.117250012716064589e+01
6.127250012716064731e+01
6.137250012716064873e+01
6.147250012716065015e+01
6.157250012716065157e+01
6.167250012716065299e+01
6.177250012716065442e+01
6.187250012716065584e+01
6.197250012716065726e+01
6.207250012716065868e+01
6.217250012716066010e+01
6.227250012716066152e+01
6.237250012716066294e+01
6.247250012716066436e+01
6.257250012716066578e+01
6.267250012716066720e+01
6.277250012716066863e+01
6.287250012716067005e+01
6.297250012716067147e+01
6.307250012716067289e+01
6.317250012716067431e+01
6.327250012716067573e+01
6.337250012716067715e+01
6.347250012716067857e+01
6.357250012716067999e+01
6.367250012716068142e+01
6.377250012716068284e+01
6.387250012716068426e+01
6.397250012716068568e+01
6.407250012716067999e+01
6.417250012716067431e+01
6.427250012716066863e+01
6.437250012716066294e+01
6.447250012716065726e+01
6.457250012716065157e+01
6.467250012716064589e+01
6.477250012716064020e+01
6.487250012716063452e+01
6.497250012716062884e+01
6.507250012716062315e+01
6.517250012716061747e+01
6.527250012716061178e+01
6.537250012716060610e+01
6.547250012716060041e+01
6.557250012716059473e+01
6.567250012716058905e+01
6.577250012716058336e+01
6.587250012716057768e+01
6.597250012716057199e+01
6.607250012716056631e+01
6.617250012716056062e+01
6.627250012716055494e+01
6.637250012716054925e+01
6.647250012716054357e+01
6.657250012716053789e+01
6.667250012716053220e+01
6.677250012716052652e+01
6.687250012716052083e+01
6.697250012716051515e+01
6.707250012716050946e+01
6.717250012716050378e+01
6.727250012716049810e+01
6.737250012716049241e+01
6.747250012716048673e+01
6.757250012716048104e+01
6.767250012716047536e+01
6.777250012716046967e+01
6.787250012716046399e+01
6.797250012716045831e+01
6.807250012716045262e+01
6.817250012716044694e+01
6.827250012716044125e+01
6.837250012716043557e+01
6.847250012716042988e+01
6.857250012716042420e+01
6.867250012716041851e+01
6.877250012716041283e+01
6.887250012716040715e+01
6.897250012716040146e+01
6.907250012716039578e+01
6.917250012716039009e+01
6.927250012716038441e+01
6.937250012716037872e+01
6.947250012716037304e+01
6.957250012716036736e+01
6.967250012716036167e+01
6.977250012716035599e+01
6.987250012716035030e+01
6.997250012716034462e+01
7.007250012716033893e+01
7.017250012716033325e+01
7.027250012716032757e+01
7.037250012716032188e+01
7.047250012716031620e+01
7.057250012716031051e+01
7.067250012716030483e+01
7.077250012716029914e+01
7.087250012716029346e+01
7.097250012716028778e+01
7.107250012716028209e+01
7.117250012716027641e+01
7.127250012716027072e+01
7.137250012716026504e+01
7.147250012716025935e+01
7.157250012716025367e+01
7.167250012716024798e+01
7.177250012716024230e+01
7.187250012716023662e+01
7.197250012716023093e+01
7.207250012716022525e+01
7.217250012716021956e+01
7.227250012716021388e+01
7.237250012716020819e+01
7.247250012716020251e+01
7.257250012716019683e+01
7.267250012716019114e+01
7.277250012716018546e+01
7.287250012716017977e+01
7.297250012716017409e+01
7.307250012716016840e+01
7.317250012716016272e+01
7.327250012716015704e+01
7.337250012716015135e+01
7.347250012716014567e+01
7.357250012716013998e+01
7.367250012716013430e+01
7.377250012716012861e+01
7.387250012716012293e+01
7.397250012716011724e+01
7.407250012716011156e+01
7.417250012716010588e+01
7.427250012716010019e+01
7.437250012716009451e+01
7.447250012716008882e+01
7.457250012716008314e+01
7.467250012716007745e+01
7.477250012716007177e+01
7.487250012716006609e+01
7.497250012716006040e+01
7.507250012716005472e+01
7.517250012716004903e+01
7.527250012716004335e+01
7.537250012716003766e+01
7.547250012716003198e+01
7.557250012716002630e+01
7.567250012716002061e+01
7.577250012716001493e+01
7.587250012716000924e+01
7.597250012716000356e+01
7.607250012715999787e+01
7.617250012715999219e+01
7.627250012715998650e+01
7.637250012715998082e+01
7.647250012715997514e+01
7.657250012715996945e+01
7.667250012715996377e+01
7.677250012715995808e+01
7.687250012715995240e+01
7.697250012715994671e+01
7.707250012715994103e+01
7.717250012715993535e+01
7.727250012715992966e+01
7.737250012715992398e+01
7.747250012715991829e+01
7.757250012715991261e+01
7.767250012715990692e+01
7.777250012715990124e+01
7.787250012715989556e+01
7.797250012715988987e+01
7.807250012715988419e+01
7.817250012715987850e+01
7.827250012715987282e+01
7.837250012715986713e+01
7.847250012715986145e+01
7.857250012715985577e+01
7.867250012715985008e+01
7.877250012715984440e+01
7.887250012715983871e+01
7.897250012715983303e+01
7.907250012715982734e+01
7.917250012715982166e+01
7.927250012715981597e+01
7.937250012715981029e+01
7.947250012715980461e+01
7.957250012715979892e+01
7.967250012715979324e+01
7.977250012715978755e+01
7.987250012715978187e+01
7.997250012715977618e+01
8.007250012715977050e+01
8.017250012715976482e+01
8.027250012715975913e+01
8.037250012715975345e+01
8.047250012715974776e+01
8.057250012715974208e+01
8.067250012715973639e+01
8.077250012715973071e+01
8.087250012715972503e+01
8.097250012715971934e+01
8.107250012715971366e+01
8.117250012715970797e+01
8.127250012715970229e+01
8.137250012715969660e+01
8.147250012715969092e+01
8.157250012715968523e+01
8.167250012715967955e+01
8.177250012715967387e+01
8.187250012715966818e+01
8.197250012715966250e+01
8.207250012715965681e+01
8.217250012715965113e+01
8.227250012715964544e+01
8.237250012715963976e+01
8.247250012715963408e+01
8.257250012715962839e+01
8.267250012715962271e+01
8.277250012715961702e+01
8.287250012715961134e+01
8.297250012715960565e+01
8.307250012715959997e+01
8.317250012715959429e+01
8.327250012715958860e+01
8.337250012715958292e+01
8.347250012715957723e+01
8.357250012715957155e+01
8.367250012715956586e+01
8.377250012715956018e+01
8.387250012715955449e+01
8.397250012715954881e+01
8.407250012715954313e+01
8.417250012715953744e+01
8.427250012715953176e+01
8.437250012715952607e+01
8.447250012715952039e+01
8.457250012715951470e+01
8.467250012715950902e+01
8.477250012715950334e+01
8.487250012715949765e+01
8.497250012715949197e+01
8.507250012715948628e+01
8.517250012715948060e+01
8.527250012715947491e+01
8.537250012715946923e+01
8.547250012715946355e+01
8.557250012715945786e+01
8.567250012715945218e+01
8.577250012715944649e+01
8.587250012715944081e+01
8.597250012715943512e+01
8.607250012715942944e+01
8.617250012715942376e+01
8.627250012715941807e+01
8.637250012715941239e+01
8.647250012715940670e+01
8.657250012715940102e+01
8.667250012715939533e+01
8.677250012715938965e+01
8.687250012715938396e+01
8.697250012715937828e+01
8.707250012715937260e+01
8.717250012715936691e+01
8.727250012715936123e+01
8.737250012715935554e+01
8.747250012715934986e+01
8.757250012715934417e+01
8.767250012715933849e+01
8.777250012715933281e+01
8.787250012715932712e+01
8.797250012715932144e+01
8.807250012715931575e+01
8.817250012715931007e+01
8.827250012715930438e+01
8.837250012715929870e+01
8.847250012715929302e+01
8.857250012715928733e+01
8.867250012715928165e+01
8.877250012715927596e+01
8.887250012715927028e+01
8.897250012715926459e+01
8.907250012715925891e+01
8.917250012715925322e+01
8.927250012715924754e+01
8.937250012715924186e+01
8.947250012715923617e+01
8.957250012715923049e+01
8.967250012715922480e+01
8.977250012715921912e+01
8.987250012715921343e+01
8.997250012715920775e+01
9.007250012715920207e+01
9.017250012715919638e+01
9.027250012715919070e+01
9.037250012715918501e+01
9.047250012715917933e+01
9.057250012715917364e+01
9.067250012715916796e+01
9.077250012715916228e+01
9.087250012715915659e+01
9.097250012715915091e+01
9.107250012715914522e+01
9.117250012715913954e+01
9.127250012715913385e+01
9.137250012715912817e+01
9.147250012715912248e+01
9.157250012715911680e+01
9.167250012715911112e+01
9.177250012715910543e+01
9.187250012715909975e+01
9.197250012715909406e+01
9.207250012715908838e+01
9.217250012715908269e+01
9.227250012715907701e+01
9.237250012715907133e+01
9.247250012715906564e+01
9.257250012715905996e+01
9.267250012715905427e+01
9.277250012715904859e+01
9.287250012715904290e+01
9.297250012715903722e+01
9.307250012715903154e+01
9.317250012715902585e+01
9.327250012715902017e+01
9.337250012715901448e+01
9.347250012715900880e+01
9.357250012715900311e+01
9.367250012715899743e+01
9.377250012715899175e+01
9.387250012715898606e+01
9.397250012715898038e+01
9.407250012715897469e+01
9.417250012715896901e+01
9.427250012715896332e+01
9.437250012715895764e+01
9.447250012715895195e+01
9.457250012715894627e+01
9.467250012715894059e+01
9.477250012715893490e+01
9.487250012715892922e+01
9.497250012715892353e+01
9.507250012715891785e+01
9.517250012715891216e+01
9.527250012715890648e+01
9.537250012715890080e+01
9.547250012715889511e+01
9.557250012715888943e+01
9.567250012715888374e+01
9.577250012715887806e+01
9.587250012715887237e+01
9.597250012715886669e+01
9.607250012715886101e+01
9.617250012715885532e+01
9.627250012715884964e+01
9.637250012715884395e+01
9.647250012715883827e+01
9.657250012715883258e+01
9.667250012715882690e+01
9.677250012715882121e+01
9.687250012715881553e+01
9.697250012715880985e+01
9.707250012715880416e+01
9.717250012715879848e+01
9.727250012715879279e+01
9.737250012715878711e+01
9.747250012715878142e+01
9.757250012715877574e+01
9.767250012715877006e+01
9.777250012715876437e+01
9.787250012715875869e+01
9.797250012715875300e+01
9.807250012715874732e+01
9.817250012715874163e+01
9.827250012715873595e+01
9.837250012715873027e+01
9.847250012715872458e+01
9.857250012715871890e+01
9.867250012715871321e+01
9.877250012715870753e+01
9.887250012715870184e+01
9.897250012715869616e+01
9.907250012715869047e+01
9.917250012715868479e+01
9.927250012715867911e+01
9.937250012715867342e+01
9.947250012715866774e+01
9.957250012715866205e+01
9.967250012715865637e+01
9.977250012715865068e+01
9.987250012715864500e+01
9.997250012715863932e+01
1.000000000000000000e+02
