1.000000000000000056e-01
1.100000000000000006e-01
1.199999999999999956e-01
1.300000000000000044e-01
1.399999999999999856e-01
1.499999999999999667e-01
1.599999999999999756e-01
1.699999999999999845e-01
1.799999999999999656e-01
1.899999999999999467e-01
1.999999999999999556e-01
2.099999999999999645e-01
2.199999999999999456e-01
2.299999999999999545e-01
2.399999999999999356e-01
2.499999999999999167e-01
2.599999999999998979e-01
2.699999999999999067e-01
2.799999999999999156e-01
2.899999999999999245e-01
2.999999999999999334e-01
3.099999999999999423e-01
3.199999999999998956e-01
3.299999999999998490e-01
3.399999999999998579e-01
3.499999999999998668e-01
3.599999999999998757e-01
3.699999999999998845e-01
3.799999999999998934e-01
3.899999999999999023e-01
3.999999999999998002e-01
4.099999999999998090e-01
4.199999999999998179e-01
4.299999999999998268e-01
4.399999999999998357e-01
4.499999999999998446e-01
4.599999999999998535e-01
4.699999999999998623e-01
4.799999999999997602e-01
4.899999999999997691e-01
4.999999999999997780e-01
5.099999999999997868e-01
5.199999999999997957e-01
5.299999999999998046e-01
5.399999999999998135e-01
5.499999999999998224e-01
5.599999999999997202e-01
5.699999999999997291e-01
5.799999999999997380e-01
5.899999999999997469e-01
5.999999999999997558e-01
6.099999999999997646e-01
6.199999999999997735e-01
6.299999999999996714e-01
6.399999999999996803e-01
6.499999999999996891e-01
6.599999999999996980e-01
6.699999999999997069e-01
6.799999999999997158e-01
6.899999999999997247e-01
6.999999999999996225e-01
7.099999999999996314e-01
7.199999999999996403e-01
7.299999999999996492e-01
7.399999999999996581e-01
7.499999999999996669e-01
7.599999999999996758e-01
7.699999999999996847e-01
7.799999999999996936e-01
7.899999999999995914e-01
7.999999999999996003e-01
8.099999999999996092e-01
8.199999999999996181e-01
8.299999999999996270e-01
8.399999999999996358e-01
8.499999999999996447e-01
8.599999999999995426e-01
8.699999999999995515e-01
8.799999999999995604e-01
8.899999999999995692e-01
8.999999999999995781e-01
9.099999999999995870e-01
9.199999999999995959e-01
9.299999999999996048e-01
9.399999999999996136e-01
9.499999999999995115e-01
9.599999999999995204e-01
9.699999999999995293e-01
9.799999999999995381e-01
9.899999999999995470e-01
9.999999999999995559e-01
1.009999999999999565e+00
1.019999999999999574e+00
1.029999999999999583e+00
1.039999999999999591e+00
1.049999999999999600e+00
1.059999999999999609e+00
1.069999999999999618e+00
1.079999999999999627e+00
1.089999999999999636e+00
1.099999999999999645e+00
1.109999999999999654e+00
1.119999999999999662e+00
1.129999999999999671e+00
1.139999999999999680e+00
1.149999999999999467e+00
1.159999999999999476e+00
1.169999999999999485e+00
1.179999999999999494e+00
1.189999999999999503e+00
1.199999999999999512e+00
1.209999999999999520e+00
1.219999999999999529e+00
1.229999999999999538e+00
1.239999999999999547e+00
1.249999999999999556e+00
1.259999999999999565e+00
1.269999999999999574e+00
1.279999999999999583e+00
1.289999999999999591e+00
1.299999999999999378e+00
1.309999999999999387e+00
1.319999999999999396e+00
1.329999999999999405e+00
1.339999999999999414e+00
1.349999999999999423e+00
1.359999999999999432e+00
1.369999999999999440e+00
1.379999999999999449e+00
1.389999999999999458e+00
1.399999999999999467e+00
1.409999999999999476e+00
1.419999999999999485e+00
1.429999999999999494e+00
1.439999999999999503e+00
1.449999999999999512e+00
1.459999999999999520e+00
1.469999999999999307e+00
1.479999999999999316e+00
1.489999999999999325e+00
1.499999999999999334e+00
1.509999999999999343e+00
1.519999999999999352e+00
1.529999999999999361e+00
1.539999999999999369e+00
1.549999999999999378e+00
1.559999999999999387e+00
1.569999999999999396e+00
1.579999999999999405e+00
1.589999999999999414e+00
1.599999999999999423e+00
1.609999999999999432e+00
1.619999999999999218e+00
1.629999999999999227e+00
1.639999999999999236e+00
1.649999999999999245e+00
1.659999999999999254e+00
1.669999999999999263e+00
1.679999999999999272e+00
1.689999999999999281e+00
1.699999999999999289e+00
1.709999999999999298e+00
1.719999999999999307e+00
1.729999999999999316e+00
1.739999999999999325e+00
1.749999999999999334e+00
1.759999999999999343e+00
1.769999999999999352e+00
1.779999999999999361e+00
1.789999999999999147e+00
1.799999999999999156e+00
1.809999999999999165e+00
1.819999999999999174e+00
1.829999999999999183e+00
1.839999999999999192e+00
1.849999999999999201e+00
1.859999999999999210e+00
1.869999999999999218e+00
1.879999999999999227e+00
1.889999999999999236e+00
1.899999999999999245e+00
1.909999999999999254e+00
1.919999999999999263e+00
1.929999999999999272e+00
1.939999999999999059e+00
1.949999999999999067e+00
1.959999999999999076e+00
1.969999999999999085e+00
1.979999999999999094e+00
1.989999999999999103e+00
1.999999999999999112e+00
2.009999999999998899e+00
2.019999999999999130e+00
2.029999999999998916e+00
2.039999999999999147e+00
2.049999999999998934e+00
2.059999999999999165e+00
2.069999999999998952e+00
2.079999999999999183e+00
2.089999999999998970e+00
2.099999999999999201e+00
2.109999999999998987e+00
2.119999999999999218e+00
2.129999999999999005e+00
2.139999999999999236e+00
2.149999999999999023e+00
2.159999999999999254e+00
2.169999999999999041e+00
2.179999999999999272e+00
2.189999999999999059e+00
2.199999999999998845e+00
2.209999999999999076e+00
2.219999999999998863e+00
2.229999999999999094e+00
2.239999999999998881e+00
2.249999999999999112e+00
2.259999999999998899e+00
2.269999999999999130e+00
2.279999999999998916e+00
2.289999999999999147e+00
2.299999999999998934e+00
2.309999999999999165e+00
2.319999999999998952e+00
2.329999999999999183e+00
2.339999999999998970e+00
2.349999999999998757e+00
2.359999999999998987e+00
2.369999999999998774e+00
2.379999999999999005e+00
2.389999999999998792e+00
2.399999999999999023e+00
2.409999999999998810e+00
2.419999999999999041e+00
2.429999999999998828e+00
2.439999999999999059e+00
2.449999999999998845e+00
2.459999999999999076e+00
2.469999999999998863e+00
2.479999999999999094e+00
2.489999999999998881e+00
2.499999999999998668e+00
2.509999999999998899e+00
2.519999999999998685e+00
2.529999999999998916e+00
2.539999999999998703e+00
2.549999999999998934e+00
2.559999999999998721e+00
2.569999999999998952e+00
2.579999999999998739e+00
2.589999999999998970e+00
2.599999999999998757e+00
2.609999999999998987e+00
2.619999999999998774e+00
2.629999999999999005e+00
2.639999999999998792e+00
2.649999999999999023e+00
2.659999999999998810e+00
2.669999999999998597e+00
2.679999999999998828e+00
2.689999999999998614e+00
2.699999999999998845e+00
2.709999999999998632e+00
2.719999999999998863e+00
2.729999999999998650e+00
2.739999999999998881e+00
2.749999999999998668e+00
2.759999999999998899e+00
2.769999999999998685e+00
2.779999999999998916e+00
2.789999999999998703e+00
2.799999999999998934e+00
2.809999999999998721e+00
2.819999999999998952e+00
2.829999999999998739e+00
2.839999999999998526e+00
2.849999999999998757e+00
2.859999999999998543e+00
2.869999999999998774e+00
2.879999999999998561e+00
2.889999999999998792e+00
2.899999999999998579e+00
2.909999999999998810e+00
2.919999999999998597e+00
2.929999999999998828e+00
2.939999999999998614e+00
2.949999999999998845e+00
2.959999999999998632e+00
2.969999999999998863e+00
2.979999999999998650e+00
2.989999999999998437e+00
2.999999999999998668e+00
3.009999999999998455e+00
3.019999999999998685e+00
3.029999999999998472e+00
3.039999999999998703e+00
3.049999999999998490e+00
3.059999999999998721e+00
3.069999999999998508e+00
3.079999999999998739e+00
3.089999999999998526e+00
3.099999999999998757e+00
3.109999999999998543e+00
3.119999999999998774e+00
3.129999999999998561e+00
3.139999999999998348e+00
3.149999999999998579e+00
3.159999999999998366e+00
3.169999999999998597e+00
3.179999999999998384e+00
3.189999999999998614e+00
3.199999999999998401e+00
3.209999999999998632e+00
3.219999999999998419e+00
3.229999999999998650e+00
3.239999999999998437e+00
3.249999999999998668e+00
3.259999999999998455e+00
3.269999999999998685e+00
3.279999999999998472e+00
3.289999999999998703e+00
3.299999999999998490e+00
3.309999999999998277e+00
3.319999999999998508e+00
3.329999999999998295e+00
3.339999999999998526e+00
3.349999999999998312e+00
3.359999999999998543e+00
3.369999999999998330e+00
3.379999999999998561e+00
3.389999999999998348e+00
3.399999999999998579e+00
3.409999999999998366e+00
3.419999999999998597e+00
3.429999999999998384e+00
3.439999999999998614e+00
3.449999999999998401e+00
3.459999999999998632e+00
3.469999999999998419e+00
3.479999999999998206e+00
3.489999999999998437e+00
3.499999999999998224e+00
3.509999999999998455e+00
3.519999999999998241e+00
3.529999999999998472e+00
3.539999999999998259e+00
3.549999999999998490e+00
3.559999999999998277e+00
3.569999999999998508e+00
3.579999999999998295e+00
3.589999999999998526e+00
3.599999999999998312e+00
3.609999999999998543e+00
3.619999999999998330e+00
3.629999999999998117e+00
3.639999999999998348e+00
3.649999999999998135e+00
3.659999999999998366e+00
3.669999999999998153e+00
3.679999999999998384e+00
3.689999999999998170e+00
3.699999999999998401e+00
3.709999999999998188e+00
3.719999999999998419e+00
3.729999999999998206e+00
3.739999999999998437e+00
3.749999999999998224e+00
3.759999999999998455e+00
3.769999999999998241e+00
3.779999999999998028e+00
3.789999999999998259e+00
3.799999999999998046e+00
3.809999999999998277e+00
3.819999999999998064e+00
3.829999999999998295e+00
3.839999999999998082e+00
3.849999999999998312e+00
3.859999999999998099e+00
3.869999999999998330e+00
3.879999999999998117e+00
3.889999999999998348e+00
3.899999999999998135e+00
3.909999999999998366e+00
3.919999999999998153e+00
3.929999999999998384e+00
3.939999999999998170e+00
3.949999999999997957e+00
3.959999999999998188e+00
3.969999999999997975e+00
3.979999999999998206e+00
3.989999999999997993e+00
3.999999999999998224e+00
4.009999999999998010e+00
4.019999999999997797e+00
4.029999999999997584e+00
4.039999999999998259e+00
4.049999999999998046e+00
4.059999999999997833e+00
4.069999999999997620e+00
4.079999999999998295e+00
4.089999999999998082e+00
4.099999999999997868e+00
4.109999999999997655e+00
4.119999999999997442e+00
4.129999999999997229e+00
4.139999999999997904e+00
4.149999999999997691e+00
4.159999999999997478e+00
4.169999999999997264e+00
4.179999999999997939e+00
4.189999999999997726e+00
4.199999999999997513e+00
4.209999999999997300e+00
4.219999999999997975e+00
4.229999999999997762e+00
4.239999999999997549e+00
4.249999999999997335e+00
4.259999999999998010e+00
4.269999999999997797e+00
4.279999999999997584e+00
4.289999999999997371e+00
4.299999999999997158e+00
4.309999999999997833e+00
4.319999999999997620e+00
4.329999999999997407e+00
4.339999999999997193e+00
4.349999999999997868e+00
4.359999999999997655e+00
4.369999999999997442e+00
4.379999999999997229e+00
4.389999999999997904e+00
4.399999999999997691e+00
4.409999999999997478e+00
4.419999999999997264e+00
4.429999999999997051e+00
4.439999999999997726e+00
4.449999999999997513e+00
4.459999999999997300e+00
4.469999999999997087e+00
4.479999999999997762e+00
4.489999999999997549e+00
4.499999999999997335e+00
4.509999999999997122e+00
4.519999999999997797e+00
4.529999999999997584e+00
4.539999999999997371e+00
4.549999999999997158e+00
4.559999999999997833e+00
4.569999999999997620e+00
4.579999999999997407e+00
4.589999999999997193e+00
4.599999999999996980e+00
4.609999999999997655e+00
4.619999999999997442e+00
4.629999999999997229e+00
4.639999999999997016e+00
4.649999999999997691e+00
4.659999999999997478e+00
4.669999999999997264e+00
4.679999999999997051e+00
4.689999999999997726e+00
4.699999999999997513e+00
4.709999999999997300e+00
4.719999999999997087e+00
4.729999999999997762e+00
4.739999999999997549e+00
4.749999999999997335e+00
4.759999999999997122e+00
4.769999999999996909e+00
4.779999999999997584e+00
4.789999999999997371e+00
4.799999999999997158e+00
4.809999999999996945e+00
4.819999999999997620e+00
4.829999999999997407e+00
4.839999999999997193e+00
4.849999999999996980e+00
4.859999999999997655e+00
4.869999999999997442e+00
4.879999999999997229e+00
4.889999999999997016e+00
4.899999999999996803e+00
4.909999999999997478e+00
4.919999999999997264e+00
4.929999999999997051e+00
4.939999999999996838e+00
4.949999999999997513e+00
4.959999999999997300e+00
4.969999999999997087e+00
4.979999999999996874e+00
4.989999999999997549e+00
4.999999999999997335e+00
5.009999999999997122e+00
5.019999999999996909e+00
5.029999999999997584e+00
5.039999999999997371e+00
5.049999999999997158e+00
5.059999999999996945e+00
5.069999999999996732e+00
5.079999999999997407e+00
5.089999999999997193e+00
5.099999999999996980e+00
5.109999999999996767e+00
5.119999999999997442e+00
5.129999999999997229e+00
5.139999999999997016e+00
5.149999999999996803e+00
5.159999999999997478e+00
5.169999999999997264e+00
5.179999999999997051e+00
5.189999999999996838e+00
5.199999999999997513e+00
5.209999999999997300e+00
5.219999999999997087e+00
5.229999999999996874e+00
5.239999999999996660e+00
5.249999999999997335e+00
5.259999999999997122e+00
5.269999999999996909e+00
5.279999999999996696e+00
5.289999999999997371e+00
5.299999999999997158e+00
5.309999999999996945e+00
5.319999999999996732e+00
5.329999999999997407e+00
5.339999999999997193e+00
5.349999999999996980e+00
5.359999999999996767e+00
5.369999999999997442e+00
5.379999999999997229e+00
5.389999999999997016e+00
5.399999999999996803e+00
5.409999999999996589e+00
5.419999999999997264e+00
5.429999999999997051e+00
5.439999999999996838e+00
5.449999999999996625e+00
5.459999999999997300e+00
5.469999999999997087e+00
5.479999999999996874e+00
5.489999999999996660e+00
5.499999999999997335e+00
5.509999999999997122e+00
5.519999999999996909e+00
5.529999999999996696e+00
5.539999999999997371e+00
5.549999999999997158e+00
5.559999999999996945e+00
5.569999999999996732e+00
5.579999999999996518e+00
5.589999999999997193e+00
5.599999999999996980e+00
5.609999999999996767e+00
5.619999999999996554e+00
5.629999999999997229e+00
5.639999999999997016e+00
5.649999999999996803e+00
5.659999999999996589e+00
5.669999999999997264e+00
5.679999999999997051e+00
5.689999999999996838e+00
5.699999999999996625e+00
5.709999999999996412e+00
5.719999999999997087e+00
5.729999999999996874e+00
5.739999999999996660e+00
5.749999999999996447e+00
5.759999999999997122e+00
5.769999999999996909e+00
5.779999999999996696e+00
5.789999999999996483e+00
5.799999999999997158e+00
5.809999999999996945e+00
5.819999999999996732e+00
5.829999999999996518e+00
5.839999999999997193e+00
5.849999999999996980e+00
5.859999999999996767e+00
5.869999999999996554e+00
5.879999999999996341e+00
5.889999999999997016e+00
5.899999999999996803e+00
5.909999999999996589e+00
5.919999999999996376e+00
5.929999999999997051e+00
5.939999999999996838e+00
5.949999999999996625e+00
5.959999999999996412e+00
5.969999999999997087e+00
5.979999999999996874e+00
5.989999999999996660e+00
5.999999999999996447e+00
6.009999999999997122e+00
6.019999999999996909e+00
6.029999999999996696e+00
6.039999999999996483e+00
6.049999999999996270e+00
6.059999999999996945e+00
6.069999999999996732e+00
6.079999999999996518e+00
6.089999999999996305e+00
6.099999999999996980e+00
6.109999999999996767e+00
6.119999999999996554e+00
6.129999999999996341e+00
6.139999999999997016e+00
6.149999999999996803e+00
6.159999999999996589e+00
6.169999999999996376e+00
6.179999999999996163e+00
6.189999999999996838e+00
6.199999999999996625e+00
6.209999999999996412e+00
6.219999999999996199e+00
6.229999999999996874e+00
6.239999999999996660e+00
6.249999999999996447e+00
6.259999999999996234e+00
6.269999999999996909e+00
6.279999999999996696e+00
6.289999999999996483e+00
6.299999999999996270e+00
6.309999999999996945e+00
6.319999999999996732e+00
6.329999999999996518e+00
6.339999999999996305e+00
6.349999999999996092e+00
6.359999999999996767e+00
6.369999999999996554e+00
6.379999999999996341e+00
6.389999999999996128e+00
6.399999999999996803e+00
6.409999999999996589e+00
6.419999999999996376e+00
6.429999999999996163e+00
6.439999999999996838e+00
6.449999999999996625e+00
6.459999999999996412e+00
6.469999999999996199e+00
6.479999999999996874e+00
6.489999999999996660e+00
6.499999999999996447e+00
6.509999999999996234e+00
6.519999999999996021e+00
6.529999999999996696e+00
6.539999999999996483e+00
6.549999999999996270e+00
6.559999999999996056e+00
6.569999999999996732e+00
6.579999999999996518e+00
6.589999999999996305e+00
6.599999999999996092e+00
6.609999999999996767e+00
6.619999999999996554e+00
6.629999999999996341e+00
6.639999999999996128e+00
6.649999999999996803e+00
6.659999999999996589e+00
6.669999999999996376e+00
6.679999999999996163e+00
6.689999999999995950e+00
6.699999999999996625e+00
6.709999999999996412e+00
6.719999999999996199e+00
6.729999999999995985e+00
6.739999999999996660e+00
6.749999999999996447e+00
6.759999999999996234e+00
6.769999999999996021e+00
6.779999999999996696e+00
6.789999999999996483e+00
6.799999999999996270e+00
6.809999999999996056e+00
6.819999999999996732e+00
6.829999999999996518e+00
6.839999999999996305e+00
6.849999999999996092e+00
6.859999999999995879e+00
6.869999999999996554e+00
6.879999999999996341e+00
6.889999999999996128e+00
6.899999999999995914e+00
6.909999999999996589e+00
6.919999999999996376e+00
6.929999999999996163e+00
6.939999999999995950e+00
6.949999999999996625e+00
6.959999999999996412e+00
6.969999999999996199e+00
6.979999999999995985e+00
6.989999999999995772e+00
